# 1,2-DICHLOROBENZENE from NIST Database
1.305e+00 0.000e+00 0.000e+00 0.000e+00 0.000e+00
1.000e+00 2.721e-02 3.500e+00 0.000e+00 0.000e+00
6.000e+00 4.082e-02 3.500e+00 0.000e+00 0.000e+00
1.700e+01 1.361e-02 3.500e+00 0.000e+00 0.000e+00
0.000e+00 0.000e+00 0.000e+00 0.000e+00 0.000e+00
1.000e-03 2.002e+00 1.170e-02 2.448e+03 0.000e+00
1.020e-03 1.994e+00 1.211e-02 2.320e+03 0.000e+00
1.126e-03 1.957e+00 1.436e-02 1.774e+03 0.000e+00
1.243e-03 1.917e+00 1.700e-02 1.357e+03 0.000e+00
1.372e-03 1.873e+00 2.005e-02 1.037e+03 0.000e+00
1.500e-03 1.827e+00 2.315e-02 8.129e+02 0.000e+00
1.515e-03 1.821e+00 2.352e-02 7.908e+02 0.000e+00
1.672e-03 1.762e+00 2.739e-02 6.013e+02 0.000e+00
1.846e-03 1.695e+00 3.168e-02 4.563e+02 0.000e+00
2.000e-03 1.635e+00 3.546e-02 3.647e+02 0.000e+00
2.038e-03 1.621e+00 3.639e-02 3.458e+02 0.000e+00
2.250e-03 1.540e+00 4.149e-02 2.614e+02 0.000e+00
2.483e-03 1.456e+00 4.693e-02 1.977e+02 0.000e+00
2.741e-03 1.369e+00 5.269e-02 1.493e+02 0.000e+00
2.822e-03 1.343e+00 5.445e-02 1.374e+02 0.000e+00
2.822e-03 1.343e+00 5.445e-02 8.412e+02 0.000e+00
3.000e-03 1.288e+00 5.817e-02 7.533e+02 0.000e+00
3.026e-03 1.280e+00 5.870e-02 7.405e+02 0.000e+00
3.341e-03 1.190e+00 6.487e-02 5.878e+02 0.000e+00
3.688e-03 1.101e+00 7.110e-02 4.488e+02 0.000e+00
4.000e-03 1.030e+00 7.619e-02 3.569e+02 0.000e+00
4.071e-03 1.015e+00 7.728e-02 3.399e+02 0.000e+00
4.494e-03 9.331e-01 8.333e-02 2.607e+02 0.000e+00
4.961e-03 8.559e-01 8.918e-02 2.008e+02 0.000e+00
5.000e-03 8.500e-01 8.963e-02 1.966e+02 0.000e+00
5.477e-03 7.837e-01 9.478e-02 1.537e+02 0.000e+00
6.000e-03 7.217e-01 9.971e-02 1.195e+02 0.000e+00
6.046e-03 7.167e-01 1.001e-01 1.170e+02 0.000e+00
6.675e-03 6.545e-01 1.052e-01 8.890e+01 0.000e+00
7.368e-03 5.966e-01 1.101e-01 6.742e+01 0.000e+00
8.000e-03 5.511e-01 1.140e-01 5.344e+01 0.000e+00
8.134e-03 5.422e-01 1.148e-01 5.098e+01 0.000e+00
8.979e-03 4.909e-01 1.194e-01 3.847e+01 0.000e+00
9.912e-03 4.420e-01 1.239e-01 2.896e+01 0.000e+00
1.000e-02 4.378e-01 1.243e-01 2.823e+01 0.000e+00
1.094e-02 3.954e-01 1.284e-01 2.176e+01 0.000e+00
1.208e-02 3.511e-01 1.327e-01 1.630e+01 0.000e+00
1.334e-02 3.096e-01 1.368e-01 1.218e+01 0.000e+00
1.472e-02 2.716e-01 1.407e-01 9.101e+00 0.000e+00
1.500e-02 2.647e-01 1.415e-01 8.606e+00 0.000e+00
1.625e-02 2.367e-01 1.444e-01 6.781e+00 0.000e+00
1.794e-02 2.051e-01 1.478e-01 5.043e+00 0.000e+00
1.980e-02 1.772e-01 1.508e-01 3.747e+00 0.000e+00
2.000e-02 1.745e-01 1.511e-01 3.635e+00 0.000e+00
2.186e-02 1.525e-01 1.534e-01 2.777e+00 0.000e+00
2.413e-02 1.309e-01 1.556e-01 2.056e+00 0.000e+00
2.664e-02 1.122e-01 1.573e-01 1.519e+00 0.000e+00
2.941e-02 9.592e-02 1.586e-01 1.120e+00 0.000e+00
3.000e-02 9.294e-02 1.589e-01 1.054e+00 0.000e+00
3.247e-02 8.189e-02 1.596e-01 8.251e-01 0.000e+00
3.584e-02 6.982e-02 1.601e-01 6.073e-01 0.000e+00
3.957e-02 5.938e-02 1.602e-01 4.461e-01 0.000e+00
4.000e-02 5.833e-02 1.602e-01 4.313e-01 0.000e+00
4.368e-02 5.039e-02 1.600e-01 3.276e-01 0.000e+00
4.822e-02 4.265e-02 1.595e-01 2.402e-01 0.000e+00
5.000e-02 4.009e-02 1.592e-01 2.144e-01 0.000e+00
5.323e-02 3.599e-02 1.586e-01 1.760e-01 0.000e+00
5.876e-02 3.029e-02 1.574e-01 1.288e-01 0.000e+00
6.000e-02 2.920e-02 1.571e-01 1.206e-01 0.000e+00
6.486e-02 2.542e-02 1.558e-01 9.426e-02 0.000e+00
7.161e-02 2.128e-02 1.540e-01 6.888e-02 0.000e+00
7.905e-02 1.777e-02 1.519e-01 5.033e-02 0.000e+00
8.000e-02 1.739e-02 1.516e-01 4.845e-02 0.000e+00
8.726e-02 1.482e-02 1.495e-01 3.676e-02 0.000e+00
9.633e-02 1.233e-02 1.469e-01 2.683e-02 0.000e+00
1.000e-01 1.150e-02 1.458e-01 2.382e-02 0.000e+00
1.063e-01 1.026e-02 1.441e-01 1.961e-02 0.000e+00
1.174e-01 8.506e-03 1.410e-01 1.430e-02 0.000e+00
1.296e-01 7.053e-03 1.378e-01 1.045e-02 0.000e+00
1.431e-01 5.839e-03 1.344e-01 7.633e-03 0.000e+00
1.500e-01 5.336e-03 1.328e-01 6.577e-03 0.000e+00
1.579e-01 4.836e-03 1.310e-01 5.593e-03 0.000e+00
1.743e-01 3.998e-03 1.274e-01 4.098e-03 0.000e+00
1.925e-01 3.299e-03 1.237e-01 3.003e-03 0.000e+00
2.000e-01 3.064e-03 1.223e-01 2.666e-03 0.000e+00
2.125e-01 2.723e-03 1.200e-01 2.208e-03 0.000e+00
2.345e-01 2.247e-03 1.162e-01 1.630e-03 0.000e+00
2.589e-01 1.851e-03 1.124e-01 1.205e-03 0.000e+00
2.858e-01 1.524e-03 1.086e-01 8.947e-04 0.000e+00
3.000e-01 1.386e-03 1.067e-01 7.743e-04 0.000e+00
3.155e-01 1.255e-03 1.048e-01 6.671e-04 0.000e+00
3.483e-01 1.032e-03 1.010e-01 4.998e-04 0.000e+00
3.845e-01 8.486e-04 9.727e-02 3.765e-04 0.000e+00
4.000e-01 7.847e-04 9.578e-02 3.367e-04 0.000e+00
4.245e-01 6.974e-04 9.356e-02 2.852e-04 0.000e+00
4.686e-01 5.732e-04 8.992e-02 2.177e-04 0.000e+00
5.000e-01 5.039e-04 8.755e-02 1.831e-04 0.000e+00
5.173e-01 4.709e-04 8.632e-02 1.675e-04 0.000e+00
5.710e-01 3.869e-04 8.278e-02 1.300e-04 0.000e+00
6.000e-01 3.505e-04 8.102e-02 1.147e-04 0.000e+00
6.304e-01 3.177e-04 7.930e-02 1.013e-04 0.000e+00
6.959e-01 2.609e-04 7.589e-02 7.945e-05 0.000e+00
7.682e-01 2.142e-04 7.256e-02 6.333e-05 0.000e+00
8.000e-01 1.976e-04 7.121e-02 5.810e-05 0.000e+00
8.480e-01 1.759e-04 6.929e-02 5.168e-05 0.000e+00
9.361e-01 1.444e-04 6.610e-02 4.224e-05 0.000e+00
1.000e+00 1.265e-04 6.404e-02 3.614e-05 0.000e+00
1.022e+00 1.211e-04 6.338e-02 3.415e-05 0.000e+00
1.033e+00 1.186e-04 6.305e-02 3.325e-05 5.598e-09
1.141e+00 9.722e-05 6.001e-02 2.705e-05 5.201e-06
1.250e+00 8.104e-05 5.728e-02 2.314e-05 2.764e-05
1.259e+00 7.989e-05 5.707e-02 2.285e-05 3.038e-05
1.390e+00 6.555e-05 5.421e-02 1.918e-05 8.482e-05
1.500e+00 5.629e-05 5.207e-02 1.673e-05 1.494e-04
1.535e+00 5.376e-05 5.143e-02 1.607e-05 1.731e-04
1.694e+00 4.414e-05 4.874e-02 1.360e-05 2.967e-04
1.870e+00 3.623e-05 4.614e-02 1.158e-05 4.573e-04
2.000e+00 3.167e-05 4.443e-02 1.040e-05 5.874e-04
2.044e+00 3.032e-05 4.389e-02 1.005e-05 6.330e-04
2.065e+00 2.971e-05 4.364e-02 9.895e-06 6.549e-04
2.279e+00 2.439e-05 4.123e-02 8.507e-06 8.840e-04
2.516e+00 2.001e-05 3.890e-02 7.347e-06 1.144e-03
2.778e+00 1.642e-05 3.664e-02 6.372e-06 1.434e-03
3.000e+00 1.408e-05 3.496e-02 5.721e-06 1.678e-03
3.066e+00 1.348e-05 3.449e-02 5.551e-06 1.750e-03
3.385e+00 1.106e-05 3.243e-02 4.849e-06 2.097e-03
3.737e+00 9.075e-06 3.046e-02 4.249e-06 2.469e-03
4.000e+00 7.921e-06 2.916e-02 3.886e-06 2.740e-03
4.125e+00 7.448e-06 2.858e-02 3.734e-06 2.866e-03
4.554e+00 6.112e-06 2.679e-02 3.291e-06 3.285e-03
5.000e+00 5.070e-06 2.518e-02 2.927e-06 3.701e-03
5.027e+00 5.016e-06 2.509e-02 2.907e-06 3.725e-03
5.549e+00 4.116e-06 2.348e-02 2.574e-06 4.189e-03
6.000e+00 3.521e-06 2.226e-02 2.341e-06 4.569e-03
6.126e+00 3.377e-06 2.194e-02 2.283e-06 4.672e-03
6.762e+00 2.772e-06 2.050e-02 2.030e-06 5.170e-03
7.000e+00 2.587e-06 2.001e-02 1.949e-06 5.349e-03
7.465e+00 2.274e-06 1.912e-02 1.807e-06 5.685e-03
8.000e+00 1.980e-06 1.821e-02 1.667e-06 6.054e-03
8.241e+00 1.866e-06 1.783e-02 1.611e-06 6.214e-03
9.000e+00 1.565e-06 1.674e-02 1.456e-06 6.696e-03
9.097e+00 1.532e-06 1.661e-02 1.438e-06 6.756e-03
1.000e+01 1.267e-06 1.551e-02 1.292e-06 7.281e-03
1.004e+01 1.257e-06 1.546e-02 1.287e-06 7.303e-03
1.100e+01 1.047e-06 1.446e-02 1.161e-06 7.814e-03
1.109e+01 1.030e-06 1.438e-02 1.151e-06 7.860e-03
1.200e+01 8.802e-07 1.357e-02 1.053e-06 8.304e-03
1.224e+01 8.460e-07 1.337e-02 1.031e-06 8.417e-03
1.300e+01 7.500e-07 1.278e-02 9.649e-07 8.760e-03
1.351e+01 6.944e-07 1.242e-02 9.252e-07 8.981e-03
1.400e+01 6.467e-07 1.209e-02 8.898e-07 9.186e-03
1.491e+01 5.702e-07 1.153e-02 8.305e-07 9.548e-03
1.500e+01 5.634e-07 1.148e-02 8.250e-07 9.583e-03
1.600e+01 4.951e-07 1.093e-02 7.692e-07 9.958e-03
1.646e+01 4.678e-07 1.070e-02 7.460e-07 1.012e-02
1.800e+01 3.912e-07 9.989e-03 6.775e-07 1.064e-02
1.818e+01 3.835e-07 9.913e-03 6.703e-07 1.070e-02
2.000e+01 3.169e-07 9.211e-03 6.054e-07 1.125e-02
