# A-150 TISSUE-EQUIVALENT PLASTIC from NIST Database
1.127e+00 0.000e+00 0.000e+00 0.000e+00 0.000e+00
1.000e+00 1.005e-01 3.500e+00 0.000e+00 0.000e+00
6.000e+00 6.457e-02 3.500e+00 0.000e+00 0.000e+00
7.000e+00 2.503e-03 3.500e+00 0.000e+00 0.000e+00
8.000e+00 3.270e-03 3.500e+00 0.000e+00 0.000e+00
9.000e+00 9.170e-04 3.500e+00 0.000e+00 0.000e+00
2.000e+01 4.586e-04 3.500e+00 0.000e+00 0.000e+00
0.000e+00 0.000e+00 0.000e+00 0.000e+00 0.000e+00
1.000e-03 1.090e+00 1.611e-02 2.258e+03 0.000e+00
1.020e-03 1.085e+00 1.667e-02 2.137e+03 0.000e+00
1.126e-03 1.060e+00 1.976e-02 1.625e+03 0.000e+00
1.243e-03 1.033e+00 2.338e-02 1.234e+03 0.000e+00
1.372e-03 1.004e+00 2.755e-02 9.357e+02 0.000e+00
1.500e-03 9.740e-01 3.181e-02 7.273e+02 0.000e+00
1.515e-03 9.705e-01 3.231e-02 7.070e+02 0.000e+00
1.672e-03 9.322e-01 3.761e-02 5.333e+02 0.000e+00
1.846e-03 8.894e-01 4.347e-02 4.007e+02 0.000e+00
2.000e-03 8.518e-01 4.862e-02 3.174e+02 0.000e+00
2.038e-03 8.426e-01 4.988e-02 3.004e+02 0.000e+00
2.250e-03 7.927e-01 5.680e-02 2.248e+02 0.000e+00
2.483e-03 7.407e-01 6.414e-02 1.681e+02 0.000e+00
2.741e-03 6.871e-01 7.186e-02 1.254e+02 0.000e+00
3.000e-03 6.376e-01 7.913e-02 9.580e+01 0.000e+00
3.026e-03 6.329e-01 7.983e-02 9.335e+01 0.000e+00
3.341e-03 5.789e-01 8.791e-02 6.934e+01 0.000e+00
3.688e-03 5.262e-01 9.595e-02 5.146e+01 0.000e+00
4.000e-03 4.844e-01 1.024e-01 4.022e+01 0.000e+00
4.038e-03 4.796e-01 1.032e-01 3.908e+01 0.000e+00
4.038e-03 4.796e-01 1.032e-01 5.570e+01 0.000e+00
4.071e-03 4.756e-01 1.038e-01 5.443e+01 0.000e+00
4.494e-03 4.279e-01 1.113e-01 4.104e+01 0.000e+00
4.961e-03 3.838e-01 1.185e-01 3.088e+01 0.000e+00
5.000e-03 3.804e-01 1.190e-01 3.018e+01 0.000e+00
5.477e-03 3.432e-01 1.252e-01 2.314e+01 0.000e+00
6.000e-03 3.091e-01 1.309e-01 1.769e+01 0.000e+00
6.046e-03 3.064e-01 1.313e-01 1.730e+01 0.000e+00
6.675e-03 2.733e-01 1.371e-01 1.292e+01 0.000e+00
7.368e-03 2.437e-01 1.424e-01 9.640e+00 0.000e+00
8.000e-03 2.215e-01 1.465e-01 7.546e+00 0.000e+00
8.134e-03 2.172e-01 1.473e-01 7.181e+00 0.000e+00
8.979e-03 1.935e-01 1.519e-01 5.340e+00 0.000e+00
9.912e-03 1.723e-01 1.562e-01 3.964e+00 0.000e+00
1.000e-02 1.705e-01 1.565e-01 3.859e+00 0.000e+00
1.094e-02 1.531e-01 1.602e-01 2.940e+00 0.000e+00
1.208e-02 1.356e-01 1.640e-01 2.175e+00 0.000e+00
1.334e-02 1.196e-01 1.675e-01 1.606e+00 0.000e+00
1.472e-02 1.051e-01 1.708e-01 1.188e+00 0.000e+00
1.500e-02 1.025e-01 1.714e-01 1.121e+00 0.000e+00
1.625e-02 9.186e-02 1.738e-01 8.757e-01 0.000e+00
1.794e-02 7.979e-02 1.764e-01 6.448e-01 0.000e+00
1.980e-02 6.896e-02 1.787e-01 4.746e-01 0.000e+00
2.000e-02 6.792e-02 1.789e-01 4.600e-01 0.000e+00
2.186e-02 5.926e-02 1.806e-01 3.486e-01 0.000e+00
2.413e-02 5.070e-02 1.820e-01 2.559e-01 0.000e+00
2.664e-02 4.319e-02 1.830e-01 1.876e-01 0.000e+00
2.941e-02 3.667e-02 1.836e-01 1.374e-01 0.000e+00
3.000e-02 3.547e-02 1.836e-01 1.290e-01 0.000e+00
3.247e-02 3.104e-02 1.837e-01 1.005e-01 0.000e+00
3.584e-02 2.622e-02 1.834e-01 7.352e-02 0.000e+00
3.957e-02 2.208e-02 1.827e-01 5.368e-02 0.000e+00
4.000e-02 2.167e-02 1.826e-01 5.187e-02 0.000e+00
4.368e-02 1.856e-02 1.817e-01 3.919e-02 0.000e+00
4.822e-02 1.557e-02 1.803e-01 2.859e-02 0.000e+00
5.000e-02 1.459e-02 1.797e-01 2.546e-02 0.000e+00
5.323e-02 1.303e-02 1.786e-01 2.084e-02 0.000e+00
5.876e-02 1.088e-02 1.766e-01 1.519e-02 0.000e+00
6.000e-02 1.047e-02 1.761e-01 1.420e-02 0.000e+00
6.486e-02 9.073e-03 1.743e-01 1.106e-02 0.000e+00
7.161e-02 7.548e-03 1.717e-01 8.047e-03 0.000e+00
7.905e-02 6.269e-03 1.689e-01 5.856e-03 0.000e+00
8.000e-02 6.130e-03 1.685e-01 5.635e-03 0.000e+00
8.726e-02 5.199e-03 1.658e-01 4.261e-03 0.000e+00
9.633e-02 4.304e-03 1.625e-01 3.101e-03 0.000e+00
1.000e-01 4.006e-03 1.613e-01 2.750e-03 0.000e+00
1.063e-01 3.562e-03 1.591e-01 2.260e-03 0.000e+00
1.174e-01 2.940e-03 1.555e-01 1.643e-03 0.000e+00
1.296e-01 2.426e-03 1.517e-01 1.197e-03 0.000e+00
1.431e-01 2.000e-03 1.478e-01 8.725e-04 0.000e+00
1.500e-01 1.824e-03 1.459e-01 7.510e-04 0.000e+00
1.579e-01 1.650e-03 1.438e-01 6.379e-04 0.000e+00
1.743e-01 1.359e-03 1.398e-01 4.664e-04 0.000e+00
1.925e-01 1.117e-03 1.356e-01 3.411e-04 0.000e+00
2.000e-01 1.036e-03 1.340e-01 3.026e-04 0.000e+00
2.125e-01 9.192e-04 1.314e-01 2.504e-04 0.000e+00
2.345e-01 7.565e-04 1.272e-01 1.845e-04 0.000e+00
2.589e-01 6.218e-04 1.230e-01 1.362e-04 0.000e+00
2.858e-01 5.111e-04 1.188e-01 1.010e-04 0.000e+00
3.000e-01 4.642e-04 1.167e-01 8.735e-05 0.000e+00
3.155e-01 4.200e-04 1.146e-01 7.521e-05 0.000e+00
3.483e-01 3.450e-04 1.104e-01 5.629e-05 0.000e+00
3.845e-01 2.833e-04 1.063e-01 4.236e-05 0.000e+00
4.000e-01 2.619e-04 1.046e-01 3.787e-05 0.000e+00
4.245e-01 2.326e-04 1.022e-01 3.206e-05 0.000e+00
4.686e-01 1.910e-04 9.820e-02 2.445e-05 0.000e+00
5.000e-01 1.679e-04 9.560e-02 2.056e-05 0.000e+00
5.173e-01 1.568e-04 9.425e-02 1.881e-05 0.000e+00
5.710e-01 1.288e-04 9.036e-02 1.459e-05 0.000e+00
6.000e-01 1.167e-04 8.844e-02 1.286e-05 0.000e+00
6.304e-01 1.057e-04 8.655e-02 1.134e-05 0.000e+00
6.959e-01 8.676e-05 8.283e-02 8.874e-06 0.000e+00
7.682e-01 7.120e-05 7.918e-02 7.082e-06 0.000e+00
8.000e-01 6.566e-05 7.770e-02 6.514e-06 0.000e+00
8.480e-01 5.844e-05 7.560e-02 5.827e-06 0.000e+00
9.361e-01 4.796e-05 7.211e-02 4.783e-06 0.000e+00
1.000e+00 4.204e-05 6.988e-02 4.049e-06 0.000e+00
1.022e+00 4.025e-05 6.916e-02 3.803e-06 0.000e+00
1.033e+00 3.940e-05 6.880e-02 3.693e-06 2.847e-09
1.141e+00 3.230e-05 6.549e-02 2.989e-06 2.699e-06
1.250e+00 2.691e-05 6.249e-02 2.577e-06 1.459e-05
1.259e+00 2.653e-05 6.226e-02 2.547e-06 1.605e-05
1.390e+00 2.176e-05 5.914e-02 2.141e-06 4.544e-05
1.500e+00 1.869e-05 5.681e-02 1.865e-06 8.070e-05
1.535e+00 1.785e-05 5.611e-02 1.791e-06 9.368e-05
1.694e+00 1.466e-05 5.319e-02 1.515e-06 1.615e-04
1.870e+00 1.203e-05 5.034e-02 1.292e-06 2.499e-04
2.000e+00 1.051e-05 4.847e-02 1.163e-06 3.213e-04
2.044e+00 1.007e-05 4.787e-02 1.125e-06 3.464e-04
2.065e+00 9.862e-06 4.759e-02 1.107e-06 3.584e-04
2.279e+00 8.096e-06 4.496e-02 9.532e-07 4.848e-04
2.516e+00 6.643e-06 4.241e-02 8.239e-07 6.297e-04
2.778e+00 5.450e-06 3.996e-02 7.149e-07 7.930e-04
3.000e+00 4.674e-06 3.813e-02 6.421e-07 9.320e-04
3.066e+00 4.475e-06 3.762e-02 6.231e-07 9.734e-04
3.385e+00 3.671e-06 3.537e-02 5.446e-07 1.172e-03
3.737e+00 3.012e-06 3.323e-02 4.775e-07 1.388e-03
4.000e+00 2.629e-06 3.181e-02 4.371e-07 1.545e-03
4.125e+00 2.472e-06 3.118e-02 4.201e-07 1.619e-03
4.554e+00 2.028e-06 2.923e-02 3.705e-07 1.863e-03
5.000e+00 1.683e-06 2.747e-02 3.298e-07 2.109e-03
5.027e+00 1.665e-06 2.737e-02 3.276e-07 2.123e-03
5.549e+00 1.366e-06 2.561e-02 2.902e-07 2.398e-03
6.000e+00 1.169e-06 2.428e-02 2.641e-07 2.625e-03
6.126e+00 1.121e-06 2.394e-02 2.576e-07 2.686e-03
6.762e+00 9.198e-07 2.235e-02 2.291e-07 2.984e-03
7.000e+00 8.583e-07 2.182e-02 2.200e-07 3.091e-03
7.465e+00 7.548e-07 2.086e-02 2.040e-07 3.293e-03
8.000e+00 6.574e-07 1.986e-02 1.883e-07 3.515e-03
8.241e+00 6.195e-07 1.945e-02 1.820e-07 3.611e-03
9.000e+00 5.193e-07 1.826e-02 1.646e-07 3.903e-03
9.097e+00 5.083e-07 1.812e-02 1.626e-07 3.939e-03
1.000e+01 4.207e-07 1.691e-02 1.461e-07 4.259e-03
1.004e+01 4.173e-07 1.686e-02 1.455e-07 4.272e-03
1.100e+01 3.477e-07 1.578e-02 1.313e-07 4.584e-03
1.109e+01 3.421e-07 1.568e-02 1.302e-07 4.612e-03
1.200e+01 2.921e-07 1.480e-02 1.193e-07 4.883e-03
1.224e+01 2.808e-07 1.458e-02 1.167e-07 4.952e-03
1.300e+01 2.490e-07 1.394e-02 1.092e-07 5.163e-03
1.351e+01 2.305e-07 1.354e-02 1.047e-07 5.299e-03
1.400e+01 2.146e-07 1.319e-02 1.007e-07 5.425e-03
1.491e+01 1.892e-07 1.258e-02 9.406e-08 5.647e-03
1.500e+01 1.870e-07 1.252e-02 9.345e-08 5.668e-03
1.600e+01 1.643e-07 1.192e-02 8.715e-08 5.901e-03
1.646e+01 1.553e-07 1.167e-02 8.453e-08 6.004e-03
1.800e+01 1.298e-07 1.090e-02 7.677e-08 6.324e-03
1.818e+01 1.273e-07 1.081e-02 7.596e-08 6.359e-03
2.000e+01 1.052e-07 1.005e-02 6.861e-08 6.705e-03
