# ACTINIUM from NIST Database
1.007e+01 0.000e+00 0.000e+00 0.000e+00 0.000e+00
8.900e+01 1.000e+00 3.500e+00 0.000e+00 0.000e+00
0.000e+00 0.000e+00 0.000e+00 0.000e+00 0.000e+00
1.000e-03 1.326e+01 4.873e-03 6.456e+03 0.000e+00
1.020e-03 1.324e+01 4.999e-03 6.227e+03 0.000e+00
1.080e-03 1.316e+01 5.377e-03 5.610e+03 0.000e+00
1.080e-03 1.316e+01 5.377e-03 5.690e+03 0.000e+00
1.126e-03 1.311e+01 5.658e-03 5.258e+03 0.000e+00
1.243e-03 1.296e+01 6.355e-03 4.359e+03 0.000e+00
1.269e-03 1.293e+01 6.509e-03 4.191e+03 0.000e+00
1.269e-03 1.293e+01 6.509e-03 4.276e+03 0.000e+00
1.372e-03 1.280e+01 7.131e-03 3.663e+03 0.000e+00
1.500e-03 1.263e+01 7.910e-03 3.069e+03 0.000e+00
1.515e-03 1.261e+01 8.001e-03 3.006e+03 0.000e+00
1.672e-03 1.240e+01 8.944e-03 2.447e+03 0.000e+00
1.846e-03 1.218e+01 9.975e-03 1.990e+03 0.000e+00
2.000e-03 1.198e+01 1.088e-02 1.684e+03 0.000e+00
2.038e-03 1.193e+01 1.110e-02 1.615e+03 0.000e+00
2.250e-03 1.166e+01 1.233e-02 1.298e+03 0.000e+00
2.483e-03 1.137e+01 1.368e-02 1.044e+03 0.000e+00
2.741e-03 1.105e+01 1.515e-02 8.390e+02 0.000e+00
3.000e-03 1.074e+01 1.662e-02 6.873e+02 0.000e+00
3.026e-03 1.071e+01 1.676e-02 6.739e+02 0.000e+00
3.219e-03 1.049e+01 1.784e-02 5.854e+02 0.000e+00
3.219e-03 1.049e+01 1.784e-02 1.526e+03 0.000e+00
3.341e-03 1.035e+01 1.851e-02 1.337e+03 0.000e+00
3.370e-03 1.031e+01 1.866e-02 1.296e+03 0.000e+00
3.370e-03 1.031e+01 1.866e-02 1.882e+03 0.000e+00
3.688e-03 9.959e+00 2.036e-02 1.494e+03 0.000e+00
3.909e-03 9.719e+00 2.150e-02 1.287e+03 0.000e+00
3.909e-03 9.719e+00 2.150e-02 1.495e+03 0.000e+00
4.000e-03 9.624e+00 2.197e-02 1.416e+03 0.000e+00
4.071e-03 9.555e+00 2.230e-02 1.355e+03 0.000e+00
4.494e-03 9.160e+00 2.425e-02 1.056e+03 0.000e+00
4.656e-03 8.968e+00 2.518e-02 9.655e+02 0.000e+00
4.656e-03 8.968e+00 2.518e-02 1.025e+03 0.000e+00
4.961e-03 8.654e+00 2.673e-02 8.767e+02 0.000e+00
5.000e-03 8.647e+00 2.676e-02 8.600e+02 0.000e+00
5.002e-03 8.647e+00 2.676e-02 8.592e+02 0.000e+00
5.002e-03 8.647e+00 2.676e-02 8.966e+02 0.000e+00
5.477e-03 8.363e+00 2.813e-02 7.185e+02 0.000e+00
6.000e-03 7.807e+00 3.104e-02 5.751e+02 0.000e+00
6.046e-03 7.761e+00 3.128e-02 5.643e+02 0.000e+00
6.675e-03 7.242e+00 3.414e-02 4.413e+02 0.000e+00
7.368e-03 6.797e+00 3.654e-02 3.453e+02 0.000e+00
8.000e-03 6.433e+00 3.854e-02 2.814e+02 0.000e+00
8.134e-03 6.357e+00 3.898e-02 2.698e+02 0.000e+00
8.979e-03 5.890e+00 4.181e-02 2.101e+02 0.000e+00
9.912e-03 5.418e+00 4.494e-02 1.635e+02 0.000e+00
1.000e-02 5.377e+00 4.523e-02 1.599e+02 0.000e+00
1.094e-02 4.962e+00 4.813e-02 1.269e+02 0.000e+00
1.208e-02 4.524e+00 5.135e-02 9.832e+01 0.000e+00
1.334e-02 4.103e+00 5.459e-02 7.616e+01 0.000e+00
1.472e-02 3.705e+00 5.782e-02 5.911e+01 0.000e+00
1.500e-02 3.631e+00 5.844e-02 5.631e+01 0.000e+00
1.587e-02 3.414e+00 6.029e-02 4.865e+01 0.000e+00
1.587e-02 3.414e+00 6.029e-02 1.179e+02 0.000e+00
1.625e-02 3.325e+00 6.106e-02 1.106e+02 0.000e+00
1.794e-02 2.964e+00 6.420e-02 8.450e+01 0.000e+00
1.908e-02 2.753e+00 6.618e-02 7.143e+01 0.000e+00
1.908e-02 2.753e+00 6.618e-02 1.008e+02 0.000e+00
1.980e-02 2.633e+00 6.737e-02 9.180e+01 0.000e+00
1.984e-02 2.627e+00 6.743e-02 9.133e+01 0.000e+00
1.984e-02 2.627e+00 6.743e-02 1.051e+02 0.000e+00
2.000e-02 2.601e+00 6.767e-02 1.035e+02 0.000e+00
2.186e-02 2.327e+00 7.034e-02 8.234e+01 0.000e+00
2.413e-02 2.048e+00 7.339e-02 6.387e+01 0.000e+00
2.664e-02 1.797e+00 7.646e-02 4.953e+01 0.000e+00
2.941e-02 1.573e+00 7.947e-02 3.841e+01 0.000e+00
3.000e-02 1.531e+00 8.006e-02 3.650e+01 0.000e+00
3.247e-02 1.375e+00 8.232e-02 2.964e+01 0.000e+00
3.584e-02 1.201e+00 8.498e-02 2.285e+01 0.000e+00
3.957e-02 1.045e+00 8.744e-02 1.761e+01 0.000e+00
4.000e-02 1.029e+00 8.769e-02 1.711e+01 0.000e+00
4.368e-02 9.056e-01 8.967e-02 1.353e+01 0.000e+00
4.822e-02 7.811e-01 9.165e-02 1.040e+01 0.000e+00
5.000e-02 7.390e-01 9.231e-02 9.438e+00 0.000e+00
5.323e-02 6.707e-01 9.335e-02 7.977e+00 0.000e+00
5.876e-02 5.737e-01 9.474e-02 6.116e+00 0.000e+00
6.000e-02 5.549e-01 9.499e-02 5.783e+00 0.000e+00
6.486e-02 4.897e-01 9.580e-02 4.684e+00 0.000e+00
7.161e-02 4.173e-01 9.655e-02 3.583e+00 0.000e+00
7.905e-02 3.554e-01 9.700e-02 2.742e+00 0.000e+00
8.000e-02 3.486e-01 9.703e-02 2.655e+00 0.000e+00
8.726e-02 3.025e-01 9.717e-02 2.097e+00 0.000e+00
9.633e-02 2.571e-01 9.705e-02 1.602e+00 0.000e+00
1.000e-01 2.417e-01 9.693e-02 1.447e+00 0.000e+00
1.063e-01 2.181e-01 9.663e-02 1.226e+00 0.000e+00
1.068e-01 2.166e-01 9.661e-02 1.211e+00 0.000e+00
1.068e-01 2.166e-01 9.661e-02 5.308e+00 0.000e+00
1.174e-01 1.843e-01 9.594e-02 4.164e+00 0.000e+00
1.296e-01 1.554e-01 9.500e-02 3.233e+00 0.000e+00
1.431e-01 1.307e-01 9.383e-02 2.507e+00 0.000e+00
1.500e-01 1.203e-01 9.319e-02 2.220e+00 0.000e+00
1.579e-01 1.099e-01 9.243e-02 1.944e+00 0.000e+00
1.743e-01 9.213e-02 9.082e-02 1.505e+00 0.000e+00
1.925e-01 7.709e-02 8.902e-02 1.163e+00 0.000e+00
2.000e-01 7.197e-02 8.828e-02 1.053e+00 0.000e+00
2.125e-01 6.452e-02 8.706e-02 8.998e-01 0.000e+00
2.345e-01 5.400e-02 8.497e-02 6.977e-01 0.000e+00
2.589e-01 4.512e-02 8.275e-02 5.412e-01 0.000e+00
2.858e-01 3.768e-02 8.044e-02 4.207e-01 0.000e+00
3.000e-01 3.448e-02 7.929e-02 3.722e-01 0.000e+00
3.155e-01 3.144e-02 7.807e-02 3.279e-01 0.000e+00
3.483e-01 2.620e-02 7.564e-02 2.562e-01 0.000e+00
3.845e-01 2.180e-02 7.317e-02 2.009e-01 0.000e+00
4.000e-01 2.025e-02 7.218e-02 1.825e-01 0.000e+00
4.245e-01 1.812e-02 7.067e-02 1.581e-01 0.000e+00
4.686e-01 1.504e-02 6.817e-02 1.250e-01 0.000e+00
5.000e-01 1.331e-02 6.653e-02 1.074e-01 0.000e+00
5.173e-01 1.247e-02 6.567e-02 9.921e-02 0.000e+00
5.710e-01 1.034e-02 6.318e-02 7.913e-02 0.000e+00
6.000e-01 9.403e-03 6.194e-02 7.077e-02 0.000e+00
6.304e-01 8.554e-03 6.070e-02 6.338e-02 0.000e+00
6.959e-01 7.074e-03 5.823e-02 5.101e-02 0.000e+00
7.682e-01 5.847e-03 5.578e-02 4.125e-02 0.000e+00
8.000e-01 5.406e-03 5.478e-02 3.785e-02 0.000e+00
8.480e-01 4.830e-03 5.335e-02 3.351e-02 0.000e+00
9.361e-01 3.988e-03 5.097e-02 2.735e-02 0.000e+00
1.000e+00 3.507e-03 4.942e-02 2.394e-02 0.000e+00
1.022e+00 3.361e-03 4.891e-02 2.292e-02 0.000e+00
1.033e+00 3.291e-03 4.867e-02 2.244e-02 9.046e-08
1.141e+00 2.710e-03 4.638e-02 1.846e-02 8.272e-05
1.250e+00 2.267e-03 4.432e-02 1.549e-02 4.292e-04
1.259e+00 2.236e-03 4.416e-02 1.528e-02 4.705e-04
1.390e+00 1.841e-03 4.198e-02 1.267e-02 1.254e-03
1.500e+00 1.585e-03 4.035e-02 1.101e-02 2.095e-03
1.535e+00 1.515e-03 3.986e-02 1.056e-02 2.380e-03
1.694e+00 1.247e-03 3.781e-02 8.857e-03 3.705e-03
1.870e+00 1.026e-03 3.581e-02 7.460e-03 5.147e-03
2.000e+00 8.984e-04 3.448e-02 6.655e-03 6.186e-03
2.044e+00 8.605e-04 3.406e-02 6.417e-03 6.536e-03
2.065e+00 8.433e-04 3.386e-02 6.308e-03 6.702e-03
2.279e+00 6.935e-04 3.199e-02 5.360e-03 8.328e-03
2.516e+00 5.700e-04 3.019e-02 4.568e-03 9.998e-03
2.778e+00 4.682e-04 2.846e-02 3.907e-03 1.171e-02
3.000e+00 4.019e-04 2.716e-02 3.470e-03 1.306e-02
3.066e+00 3.848e-04 2.680e-02 3.356e-03 1.345e-02
3.385e+00 3.160e-04 2.521e-02 2.892e-03 1.526e-02
3.737e+00 2.595e-04 2.369e-02 2.501e-03 1.714e-02
4.000e+00 2.266e-04 2.268e-02 2.267e-03 1.846e-02
4.125e+00 2.131e-04 2.223e-02 2.169e-03 1.907e-02
4.554e+00 1.750e-04 2.085e-02 1.887e-03 2.106e-02
5.000e+00 1.452e-04 1.959e-02 1.658e-03 2.299e-02
5.027e+00 1.437e-04 1.952e-02 1.646e-03 2.310e-02
5.549e+00 1.179e-04 1.827e-02 1.440e-03 2.519e-02
6.000e+00 1.009e-04 1.732e-02 1.298e-03 2.688e-02
6.126e+00 9.680e-05 1.708e-02 1.263e-03 2.733e-02
6.762e+00 7.947e-05 1.595e-02 1.110e-03 2.953e-02
7.000e+00 7.417e-05 1.557e-02 1.062e-03 3.032e-02
7.465e+00 6.522e-05 1.488e-02 9.777e-04 3.181e-02
8.000e+00 5.679e-05 1.417e-02 8.958e-04 3.344e-02
8.241e+00 5.352e-05 1.388e-02 8.631e-04 3.415e-02
9.000e+00 4.488e-05 1.303e-02 7.738e-04 3.629e-02
9.097e+00 4.393e-05 1.293e-02 7.636e-04 3.655e-02
1.000e+01 3.637e-05 1.207e-02 6.801e-04 3.892e-02
1.004e+01 3.608e-05 1.204e-02 6.768e-04 3.902e-02
1.100e+01 3.005e-05 1.126e-02 6.064e-04 4.134e-02
1.109e+01 2.957e-05 1.119e-02 6.005e-04 4.155e-02
1.200e+01 2.526e-05 1.056e-02 5.467e-04 4.363e-02
1.224e+01 2.428e-05 1.041e-02 5.340e-04 4.414e-02
1.300e+01 2.152e-05 9.950e-03 4.974e-04 4.573e-02
1.351e+01 1.993e-05 9.668e-03 4.755e-04 4.675e-02
1.400e+01 1.856e-05 9.414e-03 4.562e-04 4.771e-02
1.491e+01 1.636e-05 8.977e-03 4.242e-04 4.941e-02
1.500e+01 1.617e-05 8.937e-03 4.212e-04 4.957e-02
1.600e+01 1.421e-05 8.510e-03 3.913e-04 5.130e-02
1.646e+01 1.343e-05 8.328e-03 3.788e-04 5.206e-02
1.800e+01 1.123e-05 7.777e-03 3.422e-04 5.444e-02
1.818e+01 1.101e-05 7.718e-03 3.384e-04 5.472e-02
2.000e+01 9.096e-06 7.173e-03 3.040e-04 5.724e-02
