# ACETYLENE from NIST Database
1.097e-03 0.000e+00 0.000e+00 0.000e+00 0.000e+00
1.000e+00 7.680e-02 3.500e+00 0.000e+00 0.000e+00
6.000e+00 7.682e-02 3.500e+00 0.000e+00 0.000e+00
0.000e+00 0.000e+00 0.000e+00 0.000e+00 0.000e+00
1.000e-03 1.022e+00 1.555e-02 2.039e+03 0.000e+00
1.020e-03 1.017e+00 1.609e-02 1.929e+03 0.000e+00
1.126e-03 9.925e-01 1.909e-02 1.460e+03 0.000e+00
1.243e-03 9.663e-01 2.259e-02 1.104e+03 0.000e+00
1.372e-03 9.372e-01 2.664e-02 8.336e+02 0.000e+00
1.500e-03 9.075e-01 3.077e-02 6.454e+02 0.000e+00
1.515e-03 9.039e-01 3.125e-02 6.272e+02 0.000e+00
1.672e-03 8.661e-01 3.639e-02 4.711e+02 0.000e+00
1.846e-03 8.236e-01 4.209e-02 3.526e+02 0.000e+00
2.000e-03 7.866e-01 4.709e-02 2.784e+02 0.000e+00
2.038e-03 7.775e-01 4.831e-02 2.633e+02 0.000e+00
2.250e-03 7.285e-01 5.504e-02 1.963e+02 0.000e+00
2.483e-03 6.777e-01 6.218e-02 1.462e+02 0.000e+00
2.741e-03 6.257e-01 6.971e-02 1.087e+02 0.000e+00
3.000e-03 5.780e-01 7.679e-02 8.272e+01 0.000e+00
3.026e-03 5.735e-01 7.748e-02 8.059e+01 0.000e+00
3.341e-03 5.219e-01 8.538e-02 5.964e+01 0.000e+00
3.688e-03 4.722e-01 9.324e-02 4.410e+01 0.000e+00
4.000e-03 4.333e-01 9.957e-02 3.436e+01 0.000e+00
4.071e-03 4.251e-01 1.009e-01 3.255e+01 0.000e+00
4.494e-03 3.812e-01 1.083e-01 2.398e+01 0.000e+00
4.961e-03 3.409e-01 1.152e-01 1.764e+01 0.000e+00
5.000e-03 3.379e-01 1.158e-01 1.721e+01 0.000e+00
5.477e-03 3.043e-01 1.217e-01 1.295e+01 0.000e+00
6.000e-03 2.738e-01 1.273e-01 9.729e+00 0.000e+00
6.046e-03 2.714e-01 1.278e-01 9.498e+00 0.000e+00
6.675e-03 2.420e-01 1.333e-01 6.952e+00 0.000e+00
7.368e-03 2.158e-01 1.385e-01 5.084e+00 0.000e+00
8.000e-03 1.962e-01 1.425e-01 3.913e+00 0.000e+00
8.134e-03 1.925e-01 1.433e-01 3.711e+00 0.000e+00
8.979e-03 1.717e-01 1.478e-01 2.706e+00 0.000e+00
9.912e-03 1.530e-01 1.521e-01 1.970e+00 0.000e+00
1.000e-02 1.514e-01 1.525e-01 1.915e+00 0.000e+00
1.094e-02 1.361e-01 1.562e-01 1.434e+00 0.000e+00
1.208e-02 1.206e-01 1.600e-01 1.041e+00 0.000e+00
1.334e-02 1.064e-01 1.636e-01 7.548e-01 0.000e+00
1.472e-02 9.353e-02 1.669e-01 5.480e-01 0.000e+00
1.500e-02 9.119e-02 1.675e-01 5.154e-01 0.000e+00
1.625e-02 8.168e-02 1.700e-01 3.968e-01 0.000e+00
1.794e-02 7.090e-02 1.727e-01 2.870e-01 0.000e+00
1.980e-02 6.121e-02 1.750e-01 2.076e-01 0.000e+00
2.000e-02 6.028e-02 1.753e-01 2.008e-01 0.000e+00
2.186e-02 5.253e-02 1.770e-01 1.499e-01 0.000e+00
2.413e-02 4.488e-02 1.784e-01 1.082e-01 0.000e+00
2.664e-02 3.817e-02 1.794e-01 7.802e-02 0.000e+00
2.941e-02 3.235e-02 1.800e-01 5.623e-02 0.000e+00
3.000e-02 3.128e-02 1.800e-01 5.265e-02 0.000e+00
3.247e-02 2.733e-02 1.801e-01 4.049e-02 0.000e+00
3.584e-02 2.304e-02 1.799e-01 2.916e-02 0.000e+00
3.957e-02 1.937e-02 1.792e-01 2.098e-02 0.000e+00
4.000e-02 1.900e-02 1.791e-01 2.023e-02 0.000e+00
4.368e-02 1.625e-02 1.782e-01 1.509e-02 0.000e+00
4.822e-02 1.360e-02 1.768e-01 1.085e-02 0.000e+00
5.000e-02 1.273e-02 1.762e-01 9.618e-03 0.000e+00
5.323e-02 1.136e-02 1.751e-01 7.804e-03 0.000e+00
5.876e-02 9.466e-03 1.731e-01 5.610e-03 0.000e+00
6.000e-02 9.107e-03 1.726e-01 5.232e-03 0.000e+00
6.486e-02 7.878e-03 1.708e-01 4.033e-03 0.000e+00
7.161e-02 6.541e-03 1.683e-01 2.898e-03 0.000e+00
7.905e-02 5.424e-03 1.655e-01 2.083e-03 0.000e+00
8.000e-02 5.302e-03 1.652e-01 2.002e-03 0.000e+00
8.726e-02 4.490e-03 1.625e-01 1.498e-03 0.000e+00
9.633e-02 3.712e-03 1.593e-01 1.078e-03 0.000e+00
1.000e-01 3.453e-03 1.580e-01 9.516e-04 0.000e+00
1.063e-01 3.067e-03 1.559e-01 7.769e-04 0.000e+00
1.174e-01 2.528e-03 1.523e-01 5.591e-04 0.000e+00
1.296e-01 2.084e-03 1.486e-01 4.035e-04 0.000e+00
1.431e-01 1.716e-03 1.448e-01 2.913e-04 0.000e+00
1.500e-01 1.564e-03 1.430e-01 2.497e-04 0.000e+00
1.579e-01 1.413e-03 1.409e-01 2.111e-04 0.000e+00
1.743e-01 1.163e-03 1.369e-01 1.530e-04 0.000e+00
1.925e-01 9.553e-04 1.328e-01 1.110e-04 0.000e+00
2.000e-01 8.856e-04 1.312e-01 9.812e-05 0.000e+00
2.125e-01 7.853e-04 1.287e-01 8.080e-05 0.000e+00
2.345e-01 6.459e-04 1.246e-01 5.908e-05 0.000e+00
2.589e-01 5.306e-04 1.205e-01 4.330e-05 0.000e+00
2.858e-01 4.359e-04 1.163e-01 3.189e-05 0.000e+00
3.000e-01 3.957e-04 1.143e-01 2.750e-05 0.000e+00
3.155e-01 3.580e-04 1.122e-01 2.361e-05 0.000e+00
3.483e-01 2.939e-04 1.081e-01 1.757e-05 0.000e+00
3.845e-01 2.413e-04 1.041e-01 1.315e-05 0.000e+00
4.000e-01 2.230e-04 1.025e-01 1.173e-05 0.000e+00
4.245e-01 1.981e-04 1.001e-01 9.901e-06 0.000e+00
4.686e-01 1.626e-04 9.618e-02 7.517e-06 0.000e+00
5.000e-01 1.429e-04 9.364e-02 6.310e-06 0.000e+00
5.173e-01 1.335e-04 9.231e-02 5.769e-06 0.000e+00
5.710e-01 1.096e-04 8.850e-02 4.464e-06 0.000e+00
6.000e-01 9.926e-05 8.662e-02 3.924e-06 0.000e+00
6.304e-01 8.992e-05 8.477e-02 3.445e-06 0.000e+00
6.959e-01 7.380e-05 8.112e-02 2.672e-06 0.000e+00
7.682e-01 6.056e-05 7.755e-02 2.136e-06 0.000e+00
8.000e-01 5.584e-05 7.610e-02 1.979e-06 0.000e+00
8.480e-01 4.970e-05 7.403e-02 1.799e-06 0.000e+00
9.361e-01 4.079e-05 7.062e-02 1.496e-06 0.000e+00
1.000e+00 3.575e-05 6.843e-02 1.230e-06 0.000e+00
1.022e+00 3.423e-05 6.773e-02 1.134e-06 0.000e+00
1.033e+00 3.350e-05 6.738e-02 1.093e-06 2.643e-09
1.141e+00 2.746e-05 6.414e-02 8.716e-07 2.515e-06
1.250e+00 2.288e-05 6.120e-02 7.702e-07 1.364e-05
1.259e+00 2.256e-05 6.097e-02 7.623e-07 1.501e-05
1.390e+00 1.851e-05 5.792e-02 6.443e-07 4.260e-05
1.500e+00 1.589e-05 5.564e-02 5.593e-07 7.576e-05
1.535e+00 1.518e-05 5.496e-02 5.367e-07 8.797e-05
1.694e+00 1.246e-05 5.209e-02 4.552e-07 1.518e-04
1.870e+00 1.023e-05 4.930e-02 3.907e-07 2.349e-04
2.000e+00 8.939e-06 4.746e-02 3.530e-07 3.021e-04
2.044e+00 8.558e-06 4.688e-02 3.416e-07 3.257e-04
2.065e+00 8.384e-06 4.661e-02 3.364e-07 3.371e-04
2.279e+00 6.883e-06 4.403e-02 2.907e-07 4.561e-04
2.516e+00 5.648e-06 4.154e-02 2.523e-07 5.928e-04
2.778e+00 4.634e-06 3.914e-02 2.199e-07 7.468e-04
3.000e+00 3.974e-06 3.734e-02 1.981e-07 8.783e-04
3.066e+00 3.805e-06 3.685e-02 1.924e-07 9.174e-04
3.385e+00 3.121e-06 3.464e-02 1.688e-07 1.105e-03
3.737e+00 2.561e-06 3.254e-02 1.486e-07 1.309e-03
4.000e+00 2.235e-06 3.115e-02 1.363e-07 1.458e-03
4.125e+00 2.102e-06 3.054e-02 1.312e-07 1.527e-03
4.554e+00 1.724e-06 2.862e-02 1.161e-07 1.760e-03
5.000e+00 1.430e-06 2.690e-02 1.036e-07 1.992e-03
5.027e+00 1.415e-06 2.681e-02 1.029e-07 2.006e-03
5.549e+00 1.162e-06 2.508e-02 9.142e-08 2.266e-03
6.000e+00 9.935e-07 2.378e-02 8.336e-08 2.481e-03
6.126e+00 9.530e-07 2.344e-02 8.136e-08 2.540e-03
6.762e+00 7.820e-07 2.189e-02 7.255e-08 2.823e-03
7.000e+00 7.297e-07 2.137e-02 6.971e-08 2.924e-03
7.465e+00 6.417e-07 2.043e-02 6.476e-08 3.116e-03
8.000e+00 5.589e-07 1.945e-02 5.986e-08 3.326e-03
8.241e+00 5.267e-07 1.904e-02 5.789e-08 3.418e-03
9.000e+00 4.415e-07 1.788e-02 5.246e-08 3.695e-03
9.097e+00 4.322e-07 1.774e-02 5.184e-08 3.729e-03
1.000e+01 3.576e-07 1.656e-02 4.668e-08 4.033e-03
1.004e+01 3.548e-07 1.651e-02 4.647e-08 4.046e-03
1.100e+01 2.956e-07 1.545e-02 4.201e-08 4.342e-03
1.109e+01 2.908e-07 1.536e-02 4.164e-08 4.369e-03
1.200e+01 2.484e-07 1.449e-02 3.820e-08 4.627e-03
1.224e+01 2.387e-07 1.428e-02 3.739e-08 4.692e-03
1.300e+01 2.116e-07 1.365e-02 3.502e-08 4.893e-03
1.351e+01 1.960e-07 1.326e-02 3.360e-08 5.022e-03
1.400e+01 1.825e-07 1.291e-02 3.233e-08 5.142e-03
1.491e+01 1.609e-07 1.232e-02 3.022e-08 5.352e-03
1.500e+01 1.590e-07 1.226e-02 3.002e-08 5.373e-03
1.600e+01 1.397e-07 1.167e-02 2.802e-08 5.595e-03
1.646e+01 1.320e-07 1.142e-02 2.719e-08 5.693e-03
1.800e+01 1.104e-07 1.067e-02 2.473e-08 5.997e-03
1.818e+01 1.082e-07 1.059e-02 2.447e-08 6.031e-03
2.000e+01 8.939e-08 9.838e-03 2.212e-08 6.361e-03
