# ACETONE from NIST Database
7.899e-01 0.000e+00 0.000e+00 0.000e+00 0.000e+00
1.000e+00 1.033e-01 3.500e+00 0.000e+00 0.000e+00
6.000e+00 5.166e-02 3.500e+00 0.000e+00 0.000e+00
8.000e+00 1.722e-02 3.500e+00 0.000e+00 0.000e+00
0.000e+00 0.000e+00 0.000e+00 0.000e+00 0.000e+00
1.000e-03 1.119e+00 1.542e-02 2.636e+03 0.000e+00
1.020e-03 1.114e+00 1.596e-02 2.496e+03 0.000e+00
1.126e-03 1.091e+00 1.896e-02 1.904e+03 0.000e+00
1.243e-03 1.066e+00 2.247e-02 1.451e+03 0.000e+00
1.372e-03 1.038e+00 2.654e-02 1.104e+03 0.000e+00
1.500e-03 1.009e+00 3.069e-02 8.604e+02 0.000e+00
1.515e-03 1.006e+00 3.118e-02 8.366e+02 0.000e+00
1.672e-03 9.687e-01 3.637e-02 6.328e+02 0.000e+00
1.846e-03 9.268e-01 4.214e-02 4.767e+02 0.000e+00
2.000e-03 8.898e-01 4.721e-02 3.783e+02 0.000e+00
2.038e-03 8.807e-01 4.846e-02 3.583e+02 0.000e+00
2.250e-03 8.311e-01 5.530e-02 2.687e+02 0.000e+00
2.483e-03 7.788e-01 6.259e-02 2.014e+02 0.000e+00
2.741e-03 7.243e-01 7.028e-02 1.505e+02 0.000e+00
3.000e-03 6.734e-01 7.755e-02 1.151e+02 0.000e+00
3.026e-03 6.685e-01 7.825e-02 1.122e+02 0.000e+00
3.341e-03 6.124e-01 8.637e-02 8.349e+01 0.000e+00
3.688e-03 5.571e-01 9.448e-02 6.203e+01 0.000e+00
4.000e-03 5.130e-01 1.011e-01 4.853e+01 0.000e+00
4.071e-03 5.037e-01 1.025e-01 4.601e+01 0.000e+00
4.494e-03 4.528e-01 1.102e-01 3.407e+01 0.000e+00
4.961e-03 4.052e-01 1.175e-01 2.518e+01 0.000e+00
5.000e-03 4.016e-01 1.181e-01 2.458e+01 0.000e+00
5.477e-03 3.614e-01 1.244e-01 1.857e+01 0.000e+00
6.000e-03 3.244e-01 1.304e-01 1.401e+01 0.000e+00
6.046e-03 3.215e-01 1.308e-01 1.368e+01 0.000e+00
6.675e-03 2.854e-01 1.368e-01 1.006e+01 0.000e+00
7.368e-03 2.531e-01 1.423e-01 7.389e+00 0.000e+00
8.000e-03 2.288e-01 1.466e-01 5.708e+00 0.000e+00
8.134e-03 2.242e-01 1.474e-01 5.418e+00 0.000e+00
8.979e-03 1.985e-01 1.521e-01 3.968e+00 0.000e+00
9.912e-03 1.757e-01 1.565e-01 2.902e+00 0.000e+00
1.000e-02 1.738e-01 1.568e-01 2.822e+00 0.000e+00
1.094e-02 1.553e-01 1.605e-01 2.121e+00 0.000e+00
1.208e-02 1.369e-01 1.643e-01 1.546e+00 0.000e+00
1.334e-02 1.203e-01 1.679e-01 1.125e+00 0.000e+00
1.472e-02 1.055e-01 1.711e-01 8.196e-01 0.000e+00
1.500e-02 1.029e-01 1.717e-01 7.713e-01 0.000e+00
1.625e-02 9.209e-02 1.740e-01 5.957e-01 0.000e+00
1.794e-02 7.998e-02 1.767e-01 4.324e-01 0.000e+00
1.980e-02 6.916e-02 1.789e-01 3.139e-01 0.000e+00
2.000e-02 6.812e-02 1.792e-01 3.038e-01 0.000e+00
2.186e-02 5.947e-02 1.808e-01 2.274e-01 0.000e+00
2.413e-02 5.092e-02 1.823e-01 1.646e-01 0.000e+00
2.664e-02 4.340e-02 1.833e-01 1.191e-01 0.000e+00
2.941e-02 3.685e-02 1.839e-01 8.605e-02 0.000e+00
3.000e-02 3.564e-02 1.839e-01 8.061e-02 0.000e+00
3.247e-02 3.118e-02 1.840e-01 6.214e-02 0.000e+00
3.584e-02 2.631e-02 1.838e-01 4.487e-02 0.000e+00
3.957e-02 2.214e-02 1.832e-01 3.236e-02 0.000e+00
4.000e-02 2.172e-02 1.831e-01 3.122e-02 0.000e+00
4.368e-02 1.859e-02 1.822e-01 2.334e-02 0.000e+00
4.822e-02 1.557e-02 1.808e-01 1.682e-02 0.000e+00
5.000e-02 1.459e-02 1.802e-01 1.492e-02 0.000e+00
5.323e-02 1.302e-02 1.791e-01 1.212e-02 0.000e+00
5.876e-02 1.086e-02 1.771e-01 8.733e-03 0.000e+00
6.000e-02 1.045e-02 1.767e-01 8.148e-03 0.000e+00
6.486e-02 9.051e-03 1.748e-01 6.292e-03 0.000e+00
7.161e-02 7.523e-03 1.722e-01 4.529e-03 0.000e+00
7.905e-02 6.245e-03 1.694e-01 3.263e-03 0.000e+00
8.000e-02 6.105e-03 1.691e-01 3.136e-03 0.000e+00
8.726e-02 5.176e-03 1.664e-01 2.351e-03 0.000e+00
9.633e-02 4.283e-03 1.631e-01 1.694e-03 0.000e+00
1.000e-01 3.986e-03 1.618e-01 1.497e-03 0.000e+00
1.063e-01 3.543e-03 1.597e-01 1.223e-03 0.000e+00
1.174e-01 2.923e-03 1.560e-01 8.814e-04 0.000e+00
1.296e-01 2.411e-03 1.522e-01 6.367e-04 0.000e+00
1.431e-01 1.986e-03 1.483e-01 4.602e-04 0.000e+00
1.500e-01 1.811e-03 1.464e-01 3.946e-04 0.000e+00
1.579e-01 1.637e-03 1.443e-01 3.338e-04 0.000e+00
1.743e-01 1.348e-03 1.403e-01 2.422e-04 0.000e+00
1.925e-01 1.108e-03 1.361e-01 1.758e-04 0.000e+00
2.000e-01 1.027e-03 1.345e-01 1.555e-04 0.000e+00
2.125e-01 9.110e-04 1.319e-01 1.282e-04 0.000e+00
2.345e-01 7.495e-04 1.277e-01 9.385e-05 0.000e+00
2.589e-01 6.158e-04 1.234e-01 6.887e-05 0.000e+00
2.858e-01 5.060e-04 1.192e-01 5.078e-05 0.000e+00
3.000e-01 4.594e-04 1.171e-01 4.380e-05 0.000e+00
3.155e-01 4.156e-04 1.150e-01 3.762e-05 0.000e+00
3.483e-01 3.413e-04 1.108e-01 2.801e-05 0.000e+00
3.845e-01 2.802e-04 1.067e-01 2.098e-05 0.000e+00
4.000e-01 2.590e-04 1.050e-01 1.873e-05 0.000e+00
4.245e-01 2.300e-04 1.026e-01 1.581e-05 0.000e+00
4.686e-01 1.889e-04 9.855e-02 1.201e-05 0.000e+00
5.000e-01 1.660e-04 9.594e-02 1.009e-05 0.000e+00
5.173e-01 1.551e-04 9.458e-02 9.220e-06 0.000e+00
5.710e-01 1.273e-04 9.068e-02 7.137e-06 0.000e+00
6.000e-01 1.153e-04 8.875e-02 6.277e-06 0.000e+00
6.304e-01 1.045e-04 8.685e-02 5.518e-06 0.000e+00
6.959e-01 8.575e-05 8.312e-02 4.291e-06 0.000e+00
7.682e-01 7.037e-05 7.946e-02 3.428e-06 0.000e+00
8.000e-01 6.489e-05 7.798e-02 3.167e-06 0.000e+00
8.480e-01 5.775e-05 7.587e-02 2.864e-06 0.000e+00
9.361e-01 4.740e-05 7.238e-02 2.371e-06 0.000e+00
1.000e+00 4.154e-05 7.013e-02 1.969e-06 0.000e+00
1.022e+00 3.978e-05 6.940e-02 1.827e-06 0.000e+00
1.033e+00 3.893e-05 6.904e-02 1.765e-06 2.870e-09
1.141e+00 3.192e-05 6.571e-02 1.415e-06 2.727e-06
1.250e+00 2.659e-05 6.271e-02 1.240e-06 1.476e-05
1.259e+00 2.622e-05 6.248e-02 1.227e-06 1.625e-05
1.390e+00 2.151e-05 5.934e-02 1.035e-06 4.606e-05
1.500e+00 1.847e-05 5.700e-02 9.002e-07 8.186e-05
1.535e+00 1.764e-05 5.631e-02 8.641e-07 9.504e-05
1.694e+00 1.448e-05 5.338e-02 7.328e-07 1.640e-04
1.870e+00 1.189e-05 5.053e-02 6.281e-07 2.537e-04
2.000e+00 1.039e-05 4.864e-02 5.670e-07 3.262e-04
2.044e+00 9.945e-06 4.804e-02 5.486e-07 3.516e-04
2.065e+00 9.743e-06 4.776e-02 5.401e-07 3.639e-04
2.279e+00 7.998e-06 4.510e-02 4.665e-07 4.921e-04
2.516e+00 6.563e-06 4.255e-02 4.046e-07 6.394e-04
2.778e+00 5.384e-06 4.010e-02 3.524e-07 8.055e-04
3.000e+00 4.618e-06 3.826e-02 3.174e-07 9.470e-04
3.066e+00 4.421e-06 3.776e-02 3.082e-07 9.891e-04
3.385e+00 3.627e-06 3.550e-02 2.703e-07 1.191e-03
3.737e+00 2.976e-06 3.334e-02 2.378e-07 1.410e-03
4.000e+00 2.598e-06 3.192e-02 2.181e-07 1.570e-03
4.125e+00 2.443e-06 3.129e-02 2.098e-07 1.644e-03
4.554e+00 2.004e-06 2.933e-02 1.855e-07 1.894e-03
5.000e+00 1.662e-06 2.757e-02 1.655e-07 2.142e-03
5.027e+00 1.645e-06 2.747e-02 1.644e-07 2.158e-03
5.549e+00 1.350e-06 2.570e-02 1.460e-07 2.436e-03
6.000e+00 1.154e-06 2.436e-02 1.331e-07 2.666e-03
6.126e+00 1.107e-06 2.402e-02 1.299e-07 2.729e-03
6.762e+00 9.088e-07 2.243e-02 1.158e-07 3.032e-03
7.000e+00 8.480e-07 2.190e-02 1.112e-07 3.141e-03
7.465e+00 7.457e-07 2.093e-02 1.033e-07 3.345e-03
8.000e+00 6.494e-07 1.993e-02 9.548e-08 3.570e-03
8.241e+00 6.120e-07 1.951e-02 9.233e-08 3.668e-03
9.000e+00 5.131e-07 1.832e-02 8.363e-08 3.965e-03
9.097e+00 5.022e-07 1.818e-02 8.263e-08 4.001e-03
1.000e+01 4.156e-07 1.697e-02 7.438e-08 4.325e-03
1.004e+01 4.123e-07 1.692e-02 7.405e-08 4.339e-03
1.100e+01 3.435e-07 1.583e-02 6.695e-08 4.655e-03
1.109e+01 3.379e-07 1.574e-02 6.635e-08 4.684e-03
1.200e+01 2.886e-07 1.485e-02 6.086e-08 4.960e-03
1.224e+01 2.774e-07 1.463e-02 5.956e-08 5.029e-03
1.300e+01 2.459e-07 1.399e-02 5.579e-08 5.243e-03
1.351e+01 2.277e-07 1.359e-02 5.351e-08 5.381e-03
1.400e+01 2.120e-07 1.323e-02 5.149e-08 5.508e-03
1.491e+01 1.870e-07 1.262e-02 4.812e-08 5.735e-03
1.500e+01 1.847e-07 1.256e-02 4.781e-08 5.756e-03
1.600e+01 1.623e-07 1.196e-02 4.462e-08 5.993e-03
1.646e+01 1.534e-07 1.171e-02 4.330e-08 6.097e-03
1.800e+01 1.283e-07 1.093e-02 3.937e-08 6.423e-03
1.818e+01 1.257e-07 1.085e-02 3.895e-08 6.459e-03
2.000e+01 1.039e-07 1.008e-02 3.521e-08 6.809e-03
