# ADENINE from NIST Database
1.350e+00 0.000e+00 0.000e+00 0.000e+00 0.000e+00
1.000e+00 3.700e-02 3.500e+00 0.000e+00 0.000e+00
6.000e+00 3.700e-02 3.500e+00 0.000e+00 0.000e+00
7.000e+00 3.700e-02 3.500e+00 0.000e+00 0.000e+00
0.000e+00 0.000e+00 0.000e+00 0.000e+00 0.000e+00
1.000e-03 1.162e+00 1.319e-02 2.698e+03 0.000e+00
1.020e-03 1.157e+00 1.366e-02 2.554e+03 0.000e+00
1.126e-03 1.132e+00 1.624e-02 1.943e+03 0.000e+00
1.243e-03 1.106e+00 1.928e-02 1.477e+03 0.000e+00
1.372e-03 1.077e+00 2.279e-02 1.121e+03 0.000e+00
1.500e-03 1.046e+00 2.640e-02 8.713e+02 0.000e+00
1.515e-03 1.043e+00 2.683e-02 8.471e+02 0.000e+00
1.672e-03 1.004e+00 3.135e-02 6.393e+02 0.000e+00
1.846e-03 9.598e-01 3.641e-02 4.806e+02 0.000e+00
2.000e-03 9.208e-01 4.088e-02 3.808e+02 0.000e+00
2.038e-03 9.113e-01 4.198e-02 3.604e+02 0.000e+00
2.250e-03 8.590e-01 4.804e-02 2.698e+02 0.000e+00
2.483e-03 8.039e-01 5.454e-02 2.017e+02 0.000e+00
2.741e-03 7.466e-01 6.144e-02 1.504e+02 0.000e+00
3.000e-03 6.931e-01 6.801e-02 1.149e+02 0.000e+00
3.026e-03 6.880e-01 6.865e-02 1.119e+02 0.000e+00
3.341e-03 6.291e-01 7.605e-02 8.311e+01 0.000e+00
3.688e-03 5.713e-01 8.349e-02 6.164e+01 0.000e+00
4.000e-03 5.254e-01 8.954e-02 4.815e+01 0.000e+00
4.071e-03 5.157e-01 9.084e-02 4.563e+01 0.000e+00
4.494e-03 4.629e-01 9.798e-02 3.373e+01 0.000e+00
4.961e-03 4.138e-01 1.048e-01 2.489e+01 0.000e+00
5.000e-03 4.101e-01 1.053e-01 2.429e+01 0.000e+00
5.477e-03 3.687e-01 1.113e-01 1.833e+01 0.000e+00
6.000e-03 3.308e-01 1.169e-01 1.380e+01 0.000e+00
6.046e-03 3.278e-01 1.174e-01 1.348e+01 0.000e+00
6.675e-03 2.910e-01 1.230e-01 9.896e+00 0.000e+00
7.368e-03 2.582e-01 1.283e-01 7.258e+00 0.000e+00
8.000e-03 2.337e-01 1.323e-01 5.600e+00 0.000e+00
8.134e-03 2.290e-01 1.331e-01 5.314e+00 0.000e+00
8.979e-03 2.031e-01 1.377e-01 3.886e+00 0.000e+00
9.912e-03 1.801e-01 1.420e-01 2.838e+00 0.000e+00
1.000e-02 1.782e-01 1.424e-01 2.759e+00 0.000e+00
1.094e-02 1.595e-01 1.461e-01 2.071e+00 0.000e+00
1.208e-02 1.410e-01 1.499e-01 1.507e+00 0.000e+00
1.334e-02 1.242e-01 1.536e-01 1.095e+00 0.000e+00
1.472e-02 1.092e-01 1.569e-01 7.968e-01 0.000e+00
1.500e-02 1.064e-01 1.576e-01 7.496e-01 0.000e+00
1.625e-02 9.541e-02 1.601e-01 5.783e-01 0.000e+00
1.794e-02 8.296e-02 1.629e-01 4.192e-01 0.000e+00
1.980e-02 7.178e-02 1.654e-01 3.039e-01 0.000e+00
2.000e-02 7.071e-02 1.656e-01 2.941e-01 0.000e+00
2.186e-02 6.175e-02 1.675e-01 2.199e-01 0.000e+00
2.413e-02 5.286e-02 1.692e-01 1.590e-01 0.000e+00
2.664e-02 4.505e-02 1.705e-01 1.149e-01 0.000e+00
2.941e-02 3.824e-02 1.713e-01 8.294e-02 0.000e+00
3.000e-02 3.699e-02 1.714e-01 7.768e-02 0.000e+00
3.247e-02 3.236e-02 1.717e-01 5.982e-02 0.000e+00
3.584e-02 2.731e-02 1.717e-01 4.315e-02 0.000e+00
3.957e-02 2.298e-02 1.713e-01 3.109e-02 0.000e+00
4.000e-02 2.254e-02 1.712e-01 3.000e-02 0.000e+00
4.368e-02 1.929e-02 1.705e-01 2.240e-02 0.000e+00
4.822e-02 1.616e-02 1.693e-01 1.613e-02 0.000e+00
5.000e-02 1.514e-02 1.688e-01 1.430e-02 0.000e+00
5.323e-02 1.351e-02 1.678e-01 1.162e-02 0.000e+00
5.876e-02 1.128e-02 1.660e-01 8.361e-03 0.000e+00
6.000e-02 1.085e-02 1.656e-01 7.799e-03 0.000e+00
6.486e-02 9.394e-03 1.640e-01 6.019e-03 0.000e+00
7.161e-02 7.808e-03 1.616e-01 4.330e-03 0.000e+00
7.905e-02 6.481e-03 1.590e-01 3.117e-03 0.000e+00
8.000e-02 6.336e-03 1.587e-01 2.995e-03 0.000e+00
8.726e-02 5.370e-03 1.562e-01 2.244e-03 0.000e+00
9.633e-02 4.443e-03 1.532e-01 1.616e-03 0.000e+00
1.000e-01 4.134e-03 1.520e-01 1.427e-03 0.000e+00
1.063e-01 3.674e-03 1.499e-01 1.165e-03 0.000e+00
1.174e-01 3.031e-03 1.466e-01 8.392e-04 0.000e+00
1.296e-01 2.500e-03 1.430e-01 6.058e-04 0.000e+00
1.431e-01 2.059e-03 1.394e-01 4.376e-04 0.000e+00
1.500e-01 1.878e-03 1.376e-01 3.752e-04 0.000e+00
1.579e-01 1.697e-03 1.356e-01 3.174e-04 0.000e+00
1.743e-01 1.397e-03 1.318e-01 2.303e-04 0.000e+00
1.925e-01 1.148e-03 1.279e-01 1.672e-04 0.000e+00
2.000e-01 1.065e-03 1.264e-01 1.479e-04 0.000e+00
2.125e-01 9.442e-04 1.240e-01 1.219e-04 0.000e+00
2.345e-01 7.767e-04 1.200e-01 8.916e-05 0.000e+00
2.589e-01 6.381e-04 1.160e-01 6.538e-05 0.000e+00
2.858e-01 5.243e-04 1.121e-01 4.817e-05 0.000e+00
3.000e-01 4.761e-04 1.101e-01 4.155e-05 0.000e+00
3.155e-01 4.307e-04 1.081e-01 3.567e-05 0.000e+00
3.483e-01 3.536e-04 1.042e-01 2.656e-05 0.000e+00
3.845e-01 2.903e-04 1.003e-01 1.989e-05 0.000e+00
4.000e-01 2.683e-04 9.873e-02 1.775e-05 0.000e+00
4.245e-01 2.383e-04 9.643e-02 1.498e-05 0.000e+00
4.686e-01 1.957e-04 9.264e-02 1.138e-05 0.000e+00
5.000e-01 1.719e-04 9.019e-02 9.551e-06 0.000e+00
5.173e-01 1.606e-04 8.891e-02 8.731e-06 0.000e+00
5.710e-01 1.319e-04 8.525e-02 6.758e-06 0.000e+00
6.000e-01 1.195e-04 8.344e-02 5.943e-06 0.000e+00
6.304e-01 1.082e-04 8.166e-02 5.223e-06 0.000e+00
6.959e-01 8.883e-05 7.816e-02 4.058e-06 0.000e+00
7.682e-01 7.289e-05 7.471e-02 3.243e-06 0.000e+00
8.000e-01 6.721e-05 7.331e-02 2.998e-06 0.000e+00
8.480e-01 5.981e-05 7.132e-02 2.715e-06 0.000e+00
9.361e-01 4.908e-05 6.802e-02 2.251e-06 0.000e+00
1.000e+00 4.302e-05 6.592e-02 1.864e-06 0.000e+00
1.022e+00 4.120e-05 6.525e-02 1.726e-06 0.000e+00
1.033e+00 4.033e-05 6.492e-02 1.666e-06 2.979e-09
1.141e+00 3.306e-05 6.180e-02 1.333e-06 2.831e-06
1.250e+00 2.754e-05 5.896e-02 1.172e-06 1.533e-05
1.259e+00 2.715e-05 5.874e-02 1.159e-06 1.687e-05
1.390e+00 2.227e-05 5.578e-02 9.789e-07 4.783e-05
1.500e+00 1.913e-05 5.359e-02 8.508e-07 8.501e-05
1.535e+00 1.827e-05 5.293e-02 8.166e-07 9.869e-05
1.694e+00 1.500e-05 5.019e-02 6.923e-07 1.702e-04
1.870e+00 1.231e-05 4.751e-02 5.936e-07 2.633e-04
2.000e+00 1.076e-05 4.573e-02 5.362e-07 3.387e-04
2.044e+00 1.030e-05 4.516e-02 5.189e-07 3.651e-04
2.065e+00 1.009e-05 4.489e-02 5.109e-07 3.778e-04
2.279e+00 8.283e-06 4.239e-02 4.416e-07 5.111e-04
2.516e+00 6.796e-06 4.000e-02 3.831e-07 6.638e-04
2.778e+00 5.576e-06 3.770e-02 3.336e-07 8.355e-04
3.000e+00 4.782e-06 3.598e-02 3.004e-07 9.818e-04
3.066e+00 4.579e-06 3.550e-02 2.918e-07 1.026e-03
3.385e+00 3.757e-06 3.338e-02 2.559e-07 1.234e-03
3.737e+00 3.083e-06 3.135e-02 2.252e-07 1.460e-03
4.000e+00 2.691e-06 3.001e-02 2.066e-07 1.624e-03
4.125e+00 2.530e-06 2.942e-02 1.987e-07 1.701e-03
4.554e+00 2.076e-06 2.757e-02 1.758e-07 1.958e-03
5.000e+00 1.722e-06 2.592e-02 1.568e-07 2.213e-03
5.027e+00 1.703e-06 2.582e-02 1.558e-07 2.229e-03
5.549e+00 1.398e-06 2.416e-02 1.384e-07 2.516e-03
6.000e+00 1.196e-06 2.291e-02 1.262e-07 2.752e-03
6.126e+00 1.147e-06 2.258e-02 1.232e-07 2.817e-03
6.762e+00 9.414e-07 2.109e-02 1.098e-07 3.127e-03
7.000e+00 8.785e-07 2.059e-02 1.055e-07 3.238e-03
7.465e+00 7.726e-07 1.968e-02 9.798e-08 3.449e-03
8.000e+00 6.728e-07 1.874e-02 9.056e-08 3.680e-03
8.241e+00 6.340e-07 1.835e-02 8.757e-08 3.782e-03
9.000e+00 5.316e-07 1.723e-02 7.933e-08 4.085e-03
9.097e+00 5.203e-07 1.709e-02 7.839e-08 4.122e-03
1.000e+01 4.305e-07 1.596e-02 7.055e-08 4.454e-03
1.004e+01 4.271e-07 1.591e-02 7.024e-08 4.468e-03
1.100e+01 3.558e-07 1.489e-02 6.351e-08 4.793e-03
1.109e+01 3.500e-07 1.480e-02 6.295e-08 4.822e-03
1.200e+01 2.990e-07 1.396e-02 5.775e-08 5.104e-03
1.224e+01 2.873e-07 1.375e-02 5.652e-08 5.175e-03
1.300e+01 2.547e-07 1.315e-02 5.295e-08 5.395e-03
1.351e+01 2.359e-07 1.278e-02 5.079e-08 5.535e-03
1.400e+01 2.196e-07 1.244e-02 4.887e-08 5.665e-03
1.491e+01 1.937e-07 1.187e-02 4.566e-08 5.899e-03
1.500e+01 1.913e-07 1.181e-02 4.537e-08 5.921e-03
1.600e+01 1.682e-07 1.125e-02 4.236e-08 6.161e-03
1.646e+01 1.589e-07 1.101e-02 4.110e-08 6.267e-03
1.800e+01 1.329e-07 1.028e-02 3.736e-08 6.600e-03
1.818e+01 1.303e-07 1.020e-02 3.697e-08 6.637e-03
2.000e+01 1.076e-07 9.479e-03 3.343e-08 6.994e-03
