# ADIPOSE TISSUE (ICRP) from NIST Database
9.200e-01 0.000e+00 0.000e+00 0.000e+00 0.000e+00
1.000e+00 1.185e-01 3.500e+00 0.000e+00 0.000e+00
6.000e+00 5.306e-02 3.500e+00 0.000e+00 0.000e+00
7.000e+00 5.690e-04 3.500e+00 0.000e+00 0.000e+00
8.000e+00 1.452e-02 3.500e+00 0.000e+00 0.000e+00
1.100e+01 2.175e-05 3.500e+00 0.000e+00 0.000e+00
1.500e+01 5.166e-06 3.500e+00 0.000e+00 0.000e+00
1.600e+01 2.276e-05 3.500e+00 0.000e+00 0.000e+00
1.700e+01 3.357e-05 3.500e+00 0.000e+00 0.000e+00
1.900e+01 8.185e-06 3.500e+00 0.000e+00 0.000e+00
0.000e+00 0.000e+00 0.000e+00 0.000e+00 0.000e+00
1.000e-03 1.096e+00 1.616e-02 2.509e+03 0.000e+00
1.020e-03 1.092e+00 1.673e-02 2.376e+03 0.000e+00
1.072e-03 1.080e+00 1.824e-02 2.072e+03 0.000e+00
1.072e-03 1.080e+00 1.824e-02 2.075e+03 0.000e+00
1.126e-03 1.068e+00 1.986e-02 1.814e+03 0.000e+00
1.243e-03 1.043e+00 2.353e-02 1.381e+03 0.000e+00
1.372e-03 1.016e+00 2.777e-02 1.050e+03 0.000e+00
1.500e-03 9.869e-01 3.210e-02 8.180e+02 0.000e+00
1.515e-03 9.834e-01 3.261e-02 7.954e+02 0.000e+00
1.672e-03 9.466e-01 3.801e-02 6.013e+02 0.000e+00
1.846e-03 9.050e-01 4.400e-02 4.527e+02 0.000e+00
2.000e-03 8.684e-01 4.927e-02 3.591e+02 0.000e+00
2.038e-03 8.594e-01 5.056e-02 3.401e+02 0.000e+00
2.145e-03 8.342e-01 5.418e-02 2.929e+02 0.000e+00
2.145e-03 8.342e-01 5.418e-02 2.932e+02 0.000e+00
2.250e-03 8.103e-01 5.765e-02 2.553e+02 0.000e+00
2.472e-03 7.610e-01 6.482e-02 1.937e+02 0.000e+00
2.472e-03 7.610e-01 6.482e-02 1.951e+02 0.000e+00
2.483e-03 7.587e-01 6.517e-02 1.926e+02 0.000e+00
2.741e-03 7.050e-01 7.309e-02 1.439e+02 0.000e+00
2.822e-03 6.889e-01 7.549e-02 1.320e+02 0.000e+00
2.822e-03 6.889e-01 7.549e-02 1.337e+02 0.000e+00
3.000e-03 6.550e-01 8.055e-02 1.117e+02 0.000e+00
3.026e-03 6.502e-01 8.127e-02 1.089e+02 0.000e+00
3.341e-03 5.952e-01 8.957e-02 8.112e+01 0.000e+00
3.607e-03 5.531e-01 9.600e-02 6.445e+01 0.000e+00
3.607e-03 5.531e-01 9.600e-02 6.479e+01 0.000e+00
3.688e-03 5.412e-01 9.784e-02 6.063e+01 0.000e+00
4.000e-03 4.982e-01 1.045e-01 4.746e+01 0.000e+00
4.071e-03 4.891e-01 1.059e-01 4.500e+01 0.000e+00
4.494e-03 4.396e-01 1.137e-01 3.335e+01 0.000e+00
4.961e-03 3.934e-01 1.211e-01 2.468e+01 0.000e+00
5.000e-03 3.899e-01 1.217e-01 2.409e+01 0.000e+00
5.477e-03 3.509e-01 1.281e-01 1.822e+01 0.000e+00
6.000e-03 3.151e-01 1.340e-01 1.376e+01 0.000e+00
6.046e-03 3.123e-01 1.345e-01 1.344e+01 0.000e+00
6.675e-03 2.774e-01 1.405e-01 9.890e+00 0.000e+00
7.368e-03 2.462e-01 1.459e-01 7.273e+00 0.000e+00
8.000e-03 2.227e-01 1.502e-01 5.624e+00 0.000e+00
8.134e-03 2.183e-01 1.510e-01 5.339e+00 0.000e+00
8.979e-03 1.934e-01 1.557e-01 3.914e+00 0.000e+00
9.912e-03 1.713e-01 1.600e-01 2.866e+00 0.000e+00
1.000e-02 1.694e-01 1.604e-01 2.787e+00 0.000e+00
1.094e-02 1.515e-01 1.641e-01 2.097e+00 0.000e+00
1.208e-02 1.336e-01 1.678e-01 1.530e+00 0.000e+00
1.334e-02 1.175e-01 1.713e-01 1.115e+00 0.000e+00
1.472e-02 1.031e-01 1.745e-01 8.130e-01 0.000e+00
1.500e-02 1.004e-01 1.751e-01 7.653e-01 0.000e+00
1.625e-02 8.992e-02 1.774e-01 5.916e-01 0.000e+00
1.794e-02 7.809e-02 1.800e-01 4.299e-01 0.000e+00
1.980e-02 6.750e-02 1.822e-01 3.124e-01 0.000e+00
2.000e-02 6.649e-02 1.824e-01 3.024e-01 0.000e+00
2.186e-02 5.803e-02 1.840e-01 2.265e-01 0.000e+00
2.413e-02 4.967e-02 1.854e-01 1.642e-01 0.000e+00
2.664e-02 4.233e-02 1.864e-01 1.189e-01 0.000e+00
2.941e-02 3.593e-02 1.869e-01 8.604e-02 0.000e+00
3.000e-02 3.476e-02 1.869e-01 8.062e-02 0.000e+00
3.247e-02 3.040e-02 1.870e-01 6.219e-02 0.000e+00
3.584e-02 2.566e-02 1.867e-01 4.496e-02 0.000e+00
3.957e-02 2.159e-02 1.860e-01 3.246e-02 0.000e+00
4.000e-02 2.118e-02 1.859e-01 3.132e-02 0.000e+00
4.368e-02 1.813e-02 1.849e-01 2.344e-02 0.000e+00
4.822e-02 1.518e-02 1.835e-01 1.691e-02 0.000e+00
5.000e-02 1.422e-02 1.829e-01 1.500e-02 0.000e+00
5.323e-02 1.270e-02 1.818e-01 1.220e-02 0.000e+00
5.876e-02 1.059e-02 1.797e-01 8.797e-03 0.000e+00
6.000e-02 1.019e-02 1.792e-01 8.209e-03 0.000e+00
6.486e-02 8.825e-03 1.773e-01 6.344e-03 0.000e+00
7.161e-02 7.336e-03 1.747e-01 4.571e-03 0.000e+00
7.905e-02 6.089e-03 1.718e-01 3.296e-03 0.000e+00
8.000e-02 5.953e-03 1.715e-01 3.168e-03 0.000e+00
8.726e-02 5.046e-03 1.687e-01 2.377e-03 0.000e+00
9.633e-02 4.176e-03 1.654e-01 1.714e-03 0.000e+00
1.000e-01 3.886e-03 1.641e-01 1.515e-03 0.000e+00
1.063e-01 3.454e-03 1.619e-01 1.239e-03 0.000e+00
1.174e-01 2.849e-03 1.582e-01 8.935e-04 0.000e+00
1.296e-01 2.350e-03 1.544e-01 6.460e-04 0.000e+00
1.431e-01 1.936e-03 1.504e-01 4.673e-04 0.000e+00
1.500e-01 1.766e-03 1.485e-01 4.008e-04 0.000e+00
1.579e-01 1.596e-03 1.463e-01 3.392e-04 0.000e+00
1.743e-01 1.314e-03 1.422e-01 2.463e-04 0.000e+00
1.925e-01 1.080e-03 1.379e-01 1.789e-04 0.000e+00
2.000e-01 1.001e-03 1.363e-01 1.583e-04 0.000e+00
2.125e-01 8.882e-04 1.337e-01 1.305e-04 0.000e+00
2.345e-01 7.307e-04 1.294e-01 9.562e-05 0.000e+00
2.589e-01 6.004e-04 1.251e-01 7.021e-05 0.000e+00
2.858e-01 4.933e-04 1.208e-01 5.179e-05 0.000e+00
3.000e-01 4.479e-04 1.187e-01 4.469e-05 0.000e+00
3.155e-01 4.052e-04 1.166e-01 3.839e-05 0.000e+00
3.483e-01 3.327e-04 1.123e-01 2.860e-05 0.000e+00
3.845e-01 2.732e-04 1.081e-01 2.143e-05 0.000e+00
4.000e-01 2.525e-04 1.064e-01 1.913e-05 0.000e+00
4.245e-01 2.243e-04 1.040e-01 1.616e-05 0.000e+00
4.686e-01 1.842e-04 9.989e-02 1.228e-05 0.000e+00
5.000e-01 1.618e-04 9.725e-02 1.031e-05 0.000e+00
5.173e-01 1.512e-04 9.587e-02 9.427e-06 0.000e+00
5.710e-01 1.241e-04 9.192e-02 7.299e-06 0.000e+00
6.000e-01 1.124e-04 8.996e-02 6.421e-06 0.000e+00
6.304e-01 1.019e-04 8.804e-02 5.646e-06 0.000e+00
6.959e-01 8.360e-05 8.425e-02 4.393e-06 0.000e+00
7.682e-01 6.861e-05 8.054e-02 3.509e-06 0.000e+00
8.000e-01 6.327e-05 7.904e-02 3.241e-06 0.000e+00
8.480e-01 5.631e-05 7.690e-02 2.927e-06 0.000e+00
9.361e-01 4.621e-05 7.336e-02 2.421e-06 0.000e+00
1.000e+00 4.050e-05 7.108e-02 2.015e-06 0.000e+00
1.022e+00 3.878e-05 7.035e-02 1.872e-06 0.000e+00
1.033e+00 3.796e-05 6.998e-02 1.809e-06 2.816e-09
1.141e+00 3.112e-05 6.661e-02 1.452e-06 2.676e-06
1.250e+00 2.593e-05 6.356e-02 1.271e-06 1.449e-05
1.259e+00 2.556e-05 6.333e-02 1.257e-06 1.595e-05
1.390e+00 2.097e-05 6.015e-02 1.060e-06 4.521e-05
1.500e+00 1.801e-05 5.778e-02 9.219e-07 8.035e-05
1.535e+00 1.719e-05 5.708e-02 8.849e-07 9.329e-05
1.694e+00 1.412e-05 5.411e-02 7.503e-07 1.609e-04
1.870e+00 1.159e-05 5.122e-02 6.428e-07 2.490e-04
2.000e+00 1.013e-05 4.930e-02 5.801e-07 3.202e-04
2.044e+00 9.697e-06 4.869e-02 5.612e-07 3.452e-04
2.065e+00 9.500e-06 4.841e-02 5.525e-07 3.572e-04
2.279e+00 7.798e-06 4.572e-02 4.770e-07 4.831e-04
2.516e+00 6.399e-06 4.313e-02 4.136e-07 6.278e-04
2.778e+00 5.250e-06 4.065e-02 3.601e-07 7.909e-04
3.000e+00 4.502e-06 3.879e-02 3.242e-07 9.300e-04
3.066e+00 4.311e-06 3.827e-02 3.148e-07 9.713e-04
3.385e+00 3.537e-06 3.598e-02 2.760e-07 1.170e-03
3.737e+00 2.902e-06 3.380e-02 2.428e-07 1.386e-03
4.000e+00 2.533e-06 3.235e-02 2.226e-07 1.542e-03
4.125e+00 2.381e-06 3.172e-02 2.141e-07 1.616e-03
4.554e+00 1.954e-06 2.973e-02 1.893e-07 1.861e-03
5.000e+00 1.621e-06 2.794e-02 1.688e-07 2.106e-03
5.027e+00 1.603e-06 2.784e-02 1.677e-07 2.121e-03
5.549e+00 1.316e-06 2.605e-02 1.489e-07 2.396e-03
6.000e+00 1.126e-06 2.470e-02 1.357e-07 2.623e-03
6.126e+00 1.080e-06 2.435e-02 1.324e-07 2.684e-03
6.762e+00 8.861e-07 2.274e-02 1.180e-07 2.983e-03
7.000e+00 8.268e-07 2.220e-02 1.134e-07 3.090e-03
7.465e+00 7.271e-07 2.122e-02 1.053e-07 3.292e-03
8.000e+00 6.332e-07 2.020e-02 9.730e-08 3.514e-03
8.241e+00 5.967e-07 1.978e-02 9.408e-08 3.610e-03
9.000e+00 5.003e-07 1.857e-02 8.521e-08 3.903e-03
9.097e+00 4.897e-07 1.843e-02 8.419e-08 3.939e-03
1.000e+01 4.052e-07 1.720e-02 7.577e-08 4.258e-03
1.004e+01 4.020e-07 1.715e-02 7.543e-08 4.271e-03
1.100e+01 3.349e-07 1.605e-02 6.819e-08 4.584e-03
1.109e+01 3.295e-07 1.595e-02 6.758e-08 4.612e-03
1.200e+01 2.814e-07 1.505e-02 6.198e-08 4.884e-03
1.224e+01 2.705e-07 1.483e-02 6.066e-08 4.953e-03
1.300e+01 2.398e-07 1.418e-02 5.681e-08 5.165e-03
1.351e+01 2.220e-07 1.377e-02 5.449e-08 5.301e-03
1.400e+01 2.067e-07 1.341e-02 5.243e-08 5.426e-03
1.491e+01 1.823e-07 1.279e-02 4.900e-08 5.649e-03
1.500e+01 1.801e-07 1.273e-02 4.868e-08 5.671e-03
1.600e+01 1.583e-07 1.213e-02 4.543e-08 5.904e-03
1.646e+01 1.496e-07 1.187e-02 4.408e-08 6.006e-03
1.800e+01 1.251e-07 1.108e-02 4.007e-08 6.328e-03
1.818e+01 1.226e-07 1.100e-02 3.965e-08 6.364e-03
2.000e+01 1.013e-07 1.022e-02 3.584e-08 6.709e-03
