1.049E+01 0.000E+00 0.000E+00 0.000E+00 0.000E+00
1.000E-03 7.833E+00 4.981E-03 7.029E+03 0.000E+00
1.020E-03 7.817E+00 5.136E-03 6.718E+03 0.000E+00
1.126E-03 7.737E+00 5.983E-03 5.359E+03 0.000E+00
1.243E-03 7.651E+00 6.957E-03 4.276E+03 0.000E+00
1.372E-03 7.554E+00 8.060E-03 3.412E+03 0.000E+00
1.500E-03 7.453E+00 9.167E-03 2.783E+03 0.000E+00
1.515E-03 7.441E+00 9.297E-03 2.717E+03 0.000E+00
1.672E-03 7.309E+00 1.065E-02 2.144E+03 0.000E+00
1.846E-03 7.156E+00 1.214E-02 1.690E+03 0.000E+00
2.000E-03 7.018E+00 1.345E-02 1.393E+03 0.000E+00
2.038E-03 6.983E+00 1.378E-02 1.330E+03 0.000E+00
2.250E-03 6.789E+00 1.558E-02 1.039E+03 0.000E+00
2.483E-03 6.576E+00 1.753E-02 8.129E+02 0.000E+00
2.741E-03 6.342E+00 1.965E-02 6.355E+02 0.000E+00
3.000E-03 6.113E+00 2.173E-02 5.075E+02 0.000E+00
3.026E-03 6.091E+00 2.193E-02 4.965E+02 0.000E+00
3.341E-03 5.820E+00 2.438E-02 3.858E+02 0.000E+00
3.351E-03 5.812E+00 2.446E-02 3.829E+02 0.000E+00
3.351E-03 5.812E+00 2.446E-02 1.268E+03 0.000E+00
3.436E-03 5.740E+00 2.511E-02 1.192E+03 0.000E+00
3.524E-03 5.667E+00 2.577E-02 1.120E+03 0.000E+00
3.524E-03 5.667E+00 2.577E-02 1.541E+03 0.000E+00
3.688E-03 5.532E+00 2.700E-02 1.378E+03 0.000E+00
3.806E-03 5.437E+00 2.788E-02 1.276E+03 0.000E+00
3.806E-03 5.437E+00 2.788E-02 1.462E+03 0.000E+00
4.000E-03 5.285E+00 2.930E-02 1.300E+03 0.000E+00
4.071E-03 5.230E+00 2.981E-02 1.242E+03 0.000E+00
4.494E-03 4.919E+00 3.279E-02 9.647E+02 0.000E+00
4.961E-03 4.603E+00 3.596E-02 7.490E+02 0.000E+00
5.000E-03 4.577E+00 3.622E-02 7.341E+02 0.000E+00
5.477E-03 4.285E+00 3.935E-02 5.793E+02 0.000E+00
6.000E-03 3.996E+00 4.267E-02 4.570E+02 0.000E+00
6.046E-03 3.972E+00 4.296E-02 4.479E+02 0.000E+00
6.675E-03 3.667E+00 4.678E-02 3.445E+02 0.000E+00
7.368E-03 3.375E+00 5.079E-02 2.652E+02 0.000E+00
8.000E-03 3.142E+00 5.424E-02 2.132E+02 0.000E+00
8.134E-03 3.096E+00 5.494E-02 2.038E+02 0.000E+00
8.979E-03 2.833E+00 5.919E-02 1.560E+02 0.000E+00
9.912E-03 2.585E+00 6.348E-02 1.194E+02 0.000E+00
1.000E-02 2.563E+00 6.387E-02 1.166E+02 0.000E+00
1.094E-02 2.350E+00 6.776E-02 9.108E+01 0.000E+00
1.208E-02 2.128E+00 7.200E-02 6.934E+01 0.000E+00
1.334E-02 1.916E+00 7.618E-02 5.278E+01 0.000E+00
1.472E-02 1.715E+00 8.024E-02 4.025E+01 0.000E+00
1.500E-02 1.678E+00 8.101E-02 3.822E+01 0.000E+00
1.625E-02 1.524E+00 8.421E-02 3.056E+01 0.000E+00
1.794E-02 1.345E+00 8.807E-02 2.317E+01 0.000E+00
1.980E-02 1.181E+00 9.180E-02 1.759E+01 0.000E+00
2.000E-02 1.165E+00 9.217E-02 1.710E+01 0.000E+00
2.186E-02 1.030E+00 9.542E-02 1.330E+01 0.000E+00
2.413E-02 8.956E-01 9.886E-02 1.006E+01 0.000E+00
2.551E-02 8.268E-01 1.007E-01 8.598E+00 0.000E+00
2.551E-02 8.268E-01 1.007E-01 5.447E+01 0.000E+00
2.664E-02 7.770E-01 1.021E-01 4.878E+01 0.000E+00
2.941E-02 6.735E-01 1.051E-01 3.782E+01 0.000E+00
3.000E-02 6.543E-01 1.056E-01 3.592E+01 0.000E+00
3.247E-02 5.830E-01 1.078E-01 2.918E+01 0.000E+00
3.584E-02 5.041E-01 1.102E-01 2.242E+01 0.000E+00
3.957E-02 4.345E-01 1.124E-01 1.715E+01 0.000E+00
4.000E-02 4.275E-01 1.126E-01 1.665E+01 0.000E+00
4.368E-02 3.735E-01 1.142E-01 1.310E+01 0.000E+00
4.822E-02 3.197E-01 1.158E-01 9.980E+00 0.000E+00
5.000E-02 3.017E-01 1.162E-01 9.027E+00 0.000E+00
5.323E-02 2.725E-01 1.169E-01 7.586E+00 0.000E+00
5.876E-02 2.314E-01 1.178E-01 5.753E+00 0.000E+00
6.000E-02 2.234E-01 1.179E-01 5.425E+00 0.000E+00
6.486E-02 1.959E-01 1.182E-01 4.354E+00 0.000E+00
7.161E-02 1.653E-01 1.183E-01 3.288E+00 0.000E+00
7.905E-02 1.393E-01 1.180E-01 2.480E+00 0.000E+00
8.000E-02 1.364E-01 1.180E-01 2.396E+00 0.000E+00
8.726E-02 1.173E-01 1.174E-01 1.868E+00 0.000E+00
9.633E-02 9.861E-02 1.164E-01 1.405E+00 0.000E+00
1.000E-01 9.234E-02 1.160E-01 1.261E+00 0.000E+00
1.063E-01 8.292E-02 1.152E-01 1.057E+00 0.000E+00
1.174E-01 6.955E-02 1.137E-01 7.926E-01 0.000E+00
1.296E-01 5.831E-02 1.119E-01 5.948E-01 0.000E+00
1.431E-01 4.880E-02 1.099E-01 4.460E-01 0.000E+00
1.500E-01 4.481E-02 1.089E-01 3.889E-01 0.000E+00
1.579E-01 4.081E-02 1.078E-01 3.350E-01 0.000E+00
1.743E-01 3.405E-02 1.054E-01 2.515E-01 0.000E+00
1.925E-01 2.833E-02 1.029E-01 1.886E-01 0.000E+00
2.000E-01 2.638E-02 1.019E-01 1.689E-01 0.000E+00
2.125E-01 2.356E-02 1.003E-01 1.419E-01 0.000E+00
2.345E-01 1.957E-02 9.754E-02 1.070E-01 0.000E+00
2.589E-01 1.622E-02 9.472E-02 8.075E-02 0.000E+00
2.858E-01 1.343E-02 9.183E-02 6.113E-02 0.000E+00
3.000E-01 1.224E-02 9.039E-02 5.339E-02 0.000E+00
3.155E-01 1.112E-02 8.888E-02 4.643E-02 0.000E+00
3.483E-01 9.191E-03 8.588E-02 3.539E-02 0.000E+00
3.845E-01 7.594E-03 8.288E-02 2.710E-02 0.000E+00
4.000E-01 7.034E-03 8.168E-02 2.439E-02 0.000E+00
4.245E-01 6.269E-03 7.988E-02 2.084E-02 0.000E+00
4.686E-01 5.173E-03 7.691E-02 1.613E-02 0.000E+00
5.000E-01 4.558E-03 7.498E-02 1.367E-02 0.000E+00
5.173E-01 4.266E-03 7.397E-02 1.255E-02 0.000E+00
5.710E-01 3.516E-03 7.107E-02 9.836E-03 0.000E+00
6.000E-01 3.191E-03 6.962E-02 8.720E-03 0.000E+00
6.304E-01 2.896E-03 6.818E-02 7.742E-03 0.000E+00
6.959E-01 2.384E-03 6.532E-02 6.134E-03 0.000E+00
7.682E-01 1.962E-03 6.250E-02 4.910E-03 0.000E+00
8.000E-01 1.811E-03 6.136E-02 4.499E-03 0.000E+00
8.480E-01 1.613E-03 5.973E-02 3.984E-03 0.000E+00
9.361E-01 1.327E-03 5.702E-02 3.245E-03 0.000E+00
1.000E+00 1.164E-03 5.524E-02 2.807E-03 0.000E+00
1.022E+00 1.115E-03 5.466E-02 2.671E-03 0.000E+00
1.033E+00 1.092E-03 5.437E-02 2.608E-03 3.987E-08
1.141E+00 8.961E-04 5.177E-02 2.131E-03 3.314E-05
1.250E+00 7.475E-04 4.945E-02 1.802E-03 1.603E-04
1.259E+00 7.370E-04 4.927E-02 1.779E-03 1.750E-04
1.390E+00 6.051E-04 4.681E-02 1.484E-03 4.490E-04
1.500E+00 5.199E-04 4.498E-02 1.292E-03 7.503E-04
1.535E+00 4.965E-04 4.443E-02 1.240E-03 8.573E-04
1.694E+00 4.079E-04 4.213E-02 1.043E-03 1.397E-03
1.870E+00 3.350E-04 3.989E-02 8.814E-04 2.072E-03
2.000E+00 2.929E-04 3.841E-02 7.877E-04 2.602E-03
2.044E+00 2.805E-04 3.794E-02 7.598E-04 2.784E-03
2.065E+00 2.748E-04 3.771E-02 7.471E-04 2.872E-03
2.279E+00 2.257E-04 3.563E-02 6.371E-04 3.771E-03
2.516E+00 1.853E-04 3.362E-02 5.460E-04 4.768E-03
2.778E+00 1.520E-04 3.168E-02 4.699E-04 5.853E-03
3.000E+00 1.304E-04 3.024E-02 4.194E-04 6.750E-03
3.066E+00 1.248E-04 2.984E-02 4.062E-04 7.011E-03
3.385E+00 1.024E-04 2.806E-02 3.521E-04 8.244E-03
3.737E+00 8.404E-05 2.635E-02 3.062E-04 9.545E-03
4.000E+00 7.336E-05 2.523E-02 2.786E-04 1.047E-02
4.125E+00 6.898E-05 2.473E-02 2.671E-04 1.091E-02
4.554E+00 5.661E-05 2.318E-02 2.337E-04 1.234E-02
5.000E+00 4.696E-05 2.179E-02 2.065E-04 1.373E-02
5.027E+00 4.646E-05 2.171E-02 2.051E-04 1.381E-02
5.549E+00 3.814E-05 2.031E-02 1.804E-04 1.532E-02
6.000E+00 3.262E-05 1.926E-02 1.632E-04 1.655E-02
6.126E+00 3.129E-05 1.899E-02 1.590E-04 1.689E-02
6.762E+00 2.568E-05 1.774E-02 1.405E-04 1.850E-02
7.000E+00 2.397E-05 1.731E-02 1.346E-04 1.907E-02
7.465E+00 2.108E-05 1.655E-02 1.244E-04 2.016E-02
8.000E+00 1.835E-05 1.575E-02 1.143E-04 2.134E-02
8.241E+00 1.729E-05 1.543E-02 1.103E-04 2.186E-02
9.000E+00 1.450E-05 1.449E-02 9.926E-05 2.341E-02
9.097E+00 1.419E-05 1.438E-02 9.801E-05 2.360E-02
1.000E+01 1.175E-05 1.342E-02 8.765E-05 2.530E-02
1.004E+01 1.165E-05 1.338E-02 8.724E-05 2.538E-02
1.100E+01 9.709E-06 1.252E-02 7.844E-05 2.704E-02
1.109E+01 9.552E-06 1.244E-02 7.770E-05 2.720E-02
1.200E+01 8.157E-06 1.174E-02 7.096E-05 2.865E-02
1.224E+01 7.840E-06 1.157E-02 6.937E-05 2.902E-02
1.300E+01 6.951E-06 1.106E-02 6.476E-05 3.013E-02
1.351E+01 6.434E-06 1.075E-02 6.197E-05 3.085E-02
1.400E+01 5.990E-06 1.046E-02 5.951E-05 3.150E-02
1.491E+01 5.283E-06 9.977E-03 5.547E-05 3.266E-02
1.500E+01 5.220E-06 9.932E-03 5.510E-05 3.277E-02
1.600E+01 4.588E-06 9.463E-03 5.126E-05 3.396E-02
1.646E+01 4.335E-06 9.262E-03 4.967E-05 3.449E-02
1.800E+01 3.625E-06 8.648E-03 4.500E-05 3.614E-02
1.818E+01 3.554E-06 8.582E-03 4.451E-05 3.632E-02
2.000E+01 2.937E-06 7.972E-03 4.008E-05 3.808E-02