# AIR, DRY (NEAR SEA LEVEL) from NIST Database
1.205e-03 0.000e+00 0.000e+00 0.000e+00 0.000e+00
6.000e+00 1.032e-05 3.500e+00 0.000e+00 0.000e+00
7.000e+00 5.392e-02 3.500e+00 0.000e+00 0.000e+00
8.000e+00 1.449e-02 3.500e+00 0.000e+00 0.000e+00
1.800e+01 3.211e-04 3.500e+00 0.000e+00 0.000e+00
0.000e+00 0.000e+00 0.000e+00 0.000e+00 0.000e+00
1.000e-03 1.362e+00 1.038e-02 3.605e+03 0.000e+00
1.020e-03 1.357e+00 1.075e-02 3.416e+03 0.000e+00
1.126e-03 1.333e+00 1.284e-02 2.613e+03 0.000e+00
1.243e-03 1.307e+00 1.531e-02 1.996e+03 0.000e+00
1.372e-03 1.277e+00 1.818e-02 1.523e+03 0.000e+00
1.500e-03 1.247e+00 2.116e-02 1.190e+03 0.000e+00
1.515e-03 1.243e+00 2.152e-02 1.157e+03 0.000e+00
1.672e-03 1.203e+00 2.529e-02 8.774e+02 0.000e+00
1.846e-03 1.157e+00 2.957e-02 6.625e+02 0.000e+00
2.000e-03 1.116e+00 3.340e-02 5.268e+02 0.000e+00
2.038e-03 1.105e+00 3.434e-02 4.991e+02 0.000e+00
2.250e-03 1.049e+00 3.961e-02 3.751e+02 0.000e+00
2.483e-03 9.886e-01 4.534e-02 2.817e+02 0.000e+00
2.741e-03 9.245e-01 5.152e-02 2.109e+02 0.000e+00
3.000e-03 8.634e-01 5.748e-02 1.616e+02 0.000e+00
3.026e-03 8.575e-01 5.807e-02 1.575e+02 0.000e+00
3.203e-03 8.182e-01 6.196e-02 1.331e+02 0.000e+00
3.203e-03 8.182e-01 6.196e-02 1.476e+02 0.000e+00
3.341e-03 7.889e-01 6.490e-02 1.306e+02 0.000e+00
3.688e-03 7.203e-01 7.190e-02 9.791e+01 0.000e+00
4.000e-03 6.648e-01 7.770e-02 7.713e+01 0.000e+00
4.071e-03 6.529e-01 7.896e-02 7.323e+01 0.000e+00
4.494e-03 5.880e-01 8.595e-02 5.459e+01 0.000e+00
4.961e-03 5.265e-01 9.278e-02 4.060e+01 0.000e+00
5.000e-03 5.218e-01 9.331e-02 3.966e+01 0.000e+00
5.477e-03 4.693e-01 9.936e-02 3.014e+01 0.000e+00
6.000e-03 4.207e-01 1.051e-01 2.288e+01 0.000e+00
6.046e-03 4.169e-01 1.056e-01 2.236e+01 0.000e+00
6.675e-03 3.693e-01 1.115e-01 1.655e+01 0.000e+00
7.368e-03 3.266e-01 1.170e-01 1.223e+01 0.000e+00
8.000e-03 2.946e-01 1.213e-01 9.503e+00 0.000e+00
8.134e-03 2.885e-01 1.221e-01 9.029e+00 0.000e+00
8.979e-03 2.547e-01 1.268e-01 6.656e+00 0.000e+00
9.912e-03 2.248e-01 1.313e-01 4.899e+00 0.000e+00
1.000e-02 2.223e-01 1.316e-01 4.766e+00 0.000e+00
1.094e-02 1.983e-01 1.354e-01 3.602e+00 0.000e+00
1.208e-02 1.747e-01 1.394e-01 2.641e+00 0.000e+00
1.334e-02 1.536e-01 1.431e-01 1.934e+00 0.000e+00
1.472e-02 1.348e-01 1.465e-01 1.417e+00 0.000e+00
1.500e-02 1.314e-01 1.471e-01 1.335e+00 0.000e+00
1.625e-02 1.178e-01 1.497e-01 1.036e+00 0.000e+00
1.794e-02 1.025e-01 1.527e-01 7.565e-01 0.000e+00
1.980e-02 8.883e-02 1.554e-01 5.523e-01 0.000e+00
2.000e-02 8.752e-02 1.556e-01 5.348e-01 0.000e+00
2.186e-02 7.656e-02 1.577e-01 4.023e-01 0.000e+00
2.413e-02 6.570e-02 1.596e-01 2.929e-01 0.000e+00
2.664e-02 5.611e-02 1.612e-01 2.130e-01 0.000e+00
2.941e-02 4.773e-02 1.623e-01 1.547e-01 0.000e+00
3.000e-02 4.619e-02 1.625e-01 1.451e-01 0.000e+00
3.247e-02 4.046e-02 1.630e-01 1.123e-01 0.000e+00
3.584e-02 3.420e-02 1.633e-01 8.152e-02 0.000e+00
3.957e-02 2.881e-02 1.632e-01 5.909e-02 0.000e+00
4.000e-02 2.828e-02 1.632e-01 5.704e-02 0.000e+00
4.368e-02 2.423e-02 1.627e-01 4.282e-02 0.000e+00
4.822e-02 2.033e-02 1.618e-01 3.101e-02 0.000e+00
5.000e-02 1.905e-02 1.614e-01 2.755e-02 0.000e+00
5.323e-02 1.703e-02 1.605e-01 2.245e-02 0.000e+00
5.876e-02 1.423e-02 1.590e-01 1.625e-02 0.000e+00
6.000e-02 1.370e-02 1.586e-01 1.517e-02 0.000e+00
6.486e-02 1.187e-02 1.571e-01 1.176e-02 0.000e+00
7.161e-02 9.879e-03 1.550e-01 8.499e-03 0.000e+00
7.905e-02 8.211e-03 1.526e-01 6.148e-03 0.000e+00
8.000e-02 8.028e-03 1.523e-01 5.912e-03 0.000e+00
8.726e-02 6.813e-03 1.500e-01 4.447e-03 0.000e+00
9.633e-02 5.644e-03 1.471e-01 3.217e-03 0.000e+00
1.000e-01 5.254e-03 1.460e-01 2.846e-03 0.000e+00
1.063e-01 4.673e-03 1.441e-01 2.331e-03 0.000e+00
1.174e-01 3.859e-03 1.409e-01 1.685e-03 0.000e+00
1.296e-01 3.186e-03 1.376e-01 1.221e-03 0.000e+00
1.431e-01 2.627e-03 1.341e-01 8.853e-04 0.000e+00
1.500e-01 2.396e-03 1.324e-01 7.602e-04 0.000e+00
1.579e-01 2.167e-03 1.305e-01 6.442e-04 0.000e+00
1.743e-01 1.785e-03 1.269e-01 4.690e-04 0.000e+00
1.925e-01 1.468e-03 1.231e-01 3.416e-04 0.000e+00
2.000e-01 1.361e-03 1.217e-01 3.026e-04 0.000e+00
2.125e-01 1.208e-03 1.193e-01 2.498e-04 0.000e+00
2.345e-01 9.938e-04 1.156e-01 1.833e-04 0.000e+00
2.589e-01 8.168e-04 1.117e-01 1.349e-04 0.000e+00
2.858e-01 6.713e-04 1.079e-01 9.964e-05 0.000e+00
3.000e-01 6.096e-04 1.061e-01 8.603e-05 0.000e+00
3.155e-01 5.515e-04 1.041e-01 7.396e-05 0.000e+00
3.483e-01 4.530e-04 1.003e-01 5.518e-05 0.000e+00
3.845e-01 3.720e-04 9.659e-02 4.141e-05 0.000e+00
4.000e-01 3.438e-04 9.511e-02 3.698e-05 0.000e+00
4.245e-01 3.054e-04 9.289e-02 3.125e-05 0.000e+00
4.686e-01 2.508e-04 8.924e-02 2.378e-05 0.000e+00
5.000e-01 2.203e-04 8.688e-02 1.998e-05 0.000e+00
5.173e-01 2.059e-04 8.565e-02 1.827e-05 0.000e+00
5.710e-01 1.690e-04 8.213e-02 1.415e-05 0.000e+00
6.000e-01 1.531e-04 8.039e-02 1.246e-05 0.000e+00
6.304e-01 1.387e-04 7.868e-02 1.097e-05 0.000e+00
6.959e-01 1.139e-04 7.530e-02 8.558e-06 0.000e+00
7.682e-01 9.347e-05 7.199e-02 6.832e-06 0.000e+00
8.000e-01 8.618e-05 7.064e-02 6.296e-06 0.000e+00
8.480e-01 7.669e-05 6.873e-02 5.660e-06 0.000e+00
9.361e-01 6.293e-05 6.555e-02 4.664e-06 0.000e+00
1.000e+00 5.517e-05 6.352e-02 3.914e-06 0.000e+00
1.022e+00 5.284e-05 6.287e-02 3.656e-06 0.000e+00
1.033e+00 5.172e-05 6.255e-02 3.542e-06 3.480e-09
1.141e+00 4.241e-05 5.955e-02 2.855e-06 3.298e-06
1.250e+00 3.533e-05 5.682e-02 2.481e-06 1.781e-05
1.259e+00 3.482e-05 5.660e-02 2.453e-06 1.960e-05
1.390e+00 2.856e-05 5.374e-02 2.066e-06 5.547e-05
1.500e+00 2.453e-05 5.162e-02 1.798e-06 9.848e-05
1.535e+00 2.343e-05 5.099e-02 1.727e-06 1.143e-04
1.694e+00 1.924e-05 4.837e-02 1.463e-06 1.970e-04
1.870e+00 1.579e-05 4.580e-02 1.251e-06 3.047e-04
2.000e+00 1.380e-05 4.407e-02 1.128e-06 3.918e-04
2.044e+00 1.321e-05 4.351e-02 1.091e-06 4.223e-04
2.065e+00 1.294e-05 4.325e-02 1.074e-06 4.370e-04
2.279e+00 1.062e-05 4.082e-02 9.266e-07 5.909e-04
2.516e+00 8.715e-06 3.852e-02 8.025e-07 7.668e-04
2.778e+00 7.150e-06 3.632e-02 6.977e-07 9.643e-04
3.000e+00 6.133e-06 3.467e-02 6.276e-07 1.132e-03
3.066e+00 5.872e-06 3.421e-02 6.093e-07 1.182e-03
3.385e+00 4.818e-06 3.217e-02 5.336e-07 1.420e-03
3.737e+00 3.954e-06 3.021e-02 4.689e-07 1.679e-03
4.000e+00 3.451e-06 2.892e-02 4.297e-07 1.867e-03
4.125e+00 3.245e-06 2.835e-02 4.132e-07 1.953e-03
4.554e+00 2.662e-06 2.657e-02 3.649e-07 2.245e-03
5.000e+00 2.208e-06 2.497e-02 3.252e-07 2.536e-03
5.027e+00 2.185e-06 2.488e-02 3.231e-07 2.553e-03
5.549e+00 1.793e-06 2.328e-02 2.867e-07 2.879e-03
6.000e+00 1.534e-06 2.207e-02 2.612e-07 3.148e-03
6.126e+00 1.471e-06 2.176e-02 2.548e-07 3.219e-03
6.762e+00 1.207e-06 2.033e-02 2.269e-07 3.571e-03
7.000e+00 1.127e-06 1.984e-02 2.180e-07 3.696e-03
7.465e+00 9.908e-07 1.896e-02 2.023e-07 3.934e-03
8.000e+00 8.628e-07 1.806e-02 1.869e-07 4.196e-03
8.241e+00 8.131e-07 1.768e-02 1.807e-07 4.310e-03
9.000e+00 6.818e-07 1.660e-02 1.635e-07 4.652e-03
9.097e+00 6.673e-07 1.647e-02 1.616e-07 4.693e-03
1.000e+01 5.522e-07 1.538e-02 1.453e-07 5.067e-03
1.004e+01 5.478e-07 1.533e-02 1.447e-07 5.082e-03
1.100e+01 4.563e-07 1.434e-02 1.308e-07 5.449e-03
1.109e+01 4.489e-07 1.426e-02 1.296e-07 5.481e-03
1.200e+01 3.834e-07 1.345e-02 1.188e-07 5.798e-03
1.224e+01 3.685e-07 1.325e-02 1.163e-07 5.879e-03
1.300e+01 3.267e-07 1.267e-02 1.089e-07 6.126e-03
1.351e+01 3.025e-07 1.231e-02 1.044e-07 6.284e-03
1.400e+01 2.817e-07 1.199e-02 1.004e-07 6.430e-03
1.491e+01 2.483e-07 1.143e-02 9.383e-08 6.692e-03
1.500e+01 2.454e-07 1.138e-02 9.323e-08 6.717e-03
1.600e+01 2.157e-07 1.084e-02 8.701e-08 6.986e-03
1.646e+01 2.038e-07 1.061e-02 8.440e-08 7.104e-03
1.800e+01 1.704e-07 9.907e-03 7.670e-08 7.478e-03
1.818e+01 1.671e-07 9.831e-03 7.589e-08 7.521e-03
2.000e+01 1.380e-07 9.135e-03 6.860e-08 7.921e-03
