# ALUMINUM from NIST Database
2.699e+00 0.000e+00 0.000e+00 0.000e+00 0.000e+00
1.300e+01 1.000e+00 3.500e+00 0.000e+00 0.000e+00
0.000e+00 0.000e+00 0.000e+00 0.000e+00 0.000e+00
1.000e-03 2.256e+00 1.427e-02 1.183e+03 0.000e+00
1.020e-03 2.247e+00 1.468e-02 1.122e+03 0.000e+00
1.126e-03 2.199e+00 1.692e-02 8.614e+02 0.000e+00
1.243e-03 2.148e+00 1.943e-02 6.614e+02 0.000e+00
1.372e-03 2.094e+00 2.217e-02 5.079e+02 0.000e+00
1.500e-03 2.040e+00 2.477e-02 4.002e+02 0.000e+00
1.515e-03 2.034e+00 2.507e-02 3.895e+02 0.000e+00
1.560e-03 2.015e+00 2.594e-02 3.600e+02 0.000e+00
1.560e-03 2.015e+00 2.594e-02 3.955e+03 0.000e+00
1.672e-03 1.967e+00 2.806e-02 3.397e+03 0.000e+00
1.846e-03 1.897e+00 3.117e-02 2.724e+03 0.000e+00
2.000e-03 1.838e+00 3.375e-02 2.261e+03 0.000e+00
2.038e-03 1.824e+00 3.436e-02 2.161e+03 0.000e+00
2.250e-03 1.749e+00 3.759e-02 1.690e+03 0.000e+00
2.483e-03 1.672e+00 4.086e-02 1.308e+03 0.000e+00
2.741e-03 1.594e+00 4.420e-02 1.004e+03 0.000e+00
3.000e-03 1.523e+00 4.732e-02 7.865e+02 0.000e+00
3.026e-03 1.516e+00 4.762e-02 7.684e+02 0.000e+00
3.341e-03 1.438e+00 5.117e-02 5.875e+02 0.000e+00
3.688e-03 1.360e+00 5.489e-02 4.489e+02 0.000e+00
4.000e-03 1.295e+00 5.810e-02 3.591e+02 0.000e+00
4.071e-03 1.281e+00 5.882e-02 3.421e+02 0.000e+00
4.494e-03 1.202e+00 6.302e-02 2.597e+02 0.000e+00
4.961e-03 1.122e+00 6.751e-02 1.965e+02 0.000e+00
5.000e-03 1.116e+00 6.787e-02 1.922e+02 0.000e+00
5.477e-03 1.040e+00 7.229e-02 1.484e+02 0.000e+00
6.000e-03 9.638e-01 7.696e-02 1.143e+02 0.000e+00
6.046e-03 9.573e-01 7.736e-02 1.118e+02 0.000e+00
6.675e-03 8.737e-01 8.268e-02 8.399e+01 0.000e+00
7.368e-03 7.907e-01 8.820e-02 6.301e+01 0.000e+00
8.000e-03 7.229e-01 9.292e-02 4.950e+01 0.000e+00
8.134e-03 7.095e-01 9.388e-02 4.714e+01 0.000e+00
8.979e-03 6.313e-01 9.960e-02 3.521e+01 0.000e+00
9.912e-03 5.576e-01 1.053e-01 2.624e+01 0.000e+00
1.000e-02 5.513e-01 1.058e-01 2.556e+01 0.000e+00
1.094e-02 4.896e-01 1.108e-01 1.953e+01 0.000e+00
1.208e-02 4.274e-01 1.161e-01 1.450e+01 0.000e+00
1.334e-02 3.716e-01 1.211e-01 1.074e+01 0.000e+00
1.472e-02 3.223e-01 1.257e-01 7.960e+00 0.000e+00
1.500e-02 3.136e-01 1.265e-01 7.515e+00 0.000e+00
1.625e-02 2.788e-01 1.298e-01 5.882e+00 0.000e+00
1.794e-02 2.408e-01 1.335e-01 4.339e+00 0.000e+00
1.980e-02 2.077e-01 1.368e-01 3.198e+00 0.000e+00
2.000e-02 2.046e-01 1.371e-01 3.100e+00 0.000e+00
2.186e-02 1.788e-01 1.397e-01 2.352e+00 0.000e+00
2.413e-02 1.538e-01 1.422e-01 1.728e+00 0.000e+00
2.664e-02 1.320e-01 1.443e-01 1.268e+00 0.000e+00
2.941e-02 1.130e-01 1.461e-01 9.286e-01 0.000e+00
3.000e-02 1.095e-01 1.464e-01 8.722e-01 0.000e+00
3.247e-02 9.656e-02 1.476e-01 6.794e-01 0.000e+00
3.584e-02 8.227e-02 1.487e-01 4.968e-01 0.000e+00
3.957e-02 6.984e-02 1.494e-01 3.627e-01 0.000e+00
4.000e-02 6.859e-02 1.494e-01 3.504e-01 0.000e+00
4.368e-02 5.910e-02 1.497e-01 2.647e-01 0.000e+00
4.822e-02 4.984e-02 1.497e-01 1.929e-01 0.000e+00
5.000e-02 4.678e-02 1.496e-01 1.718e-01 0.000e+00
5.323e-02 4.191e-02 1.493e-01 1.405e-01 0.000e+00
5.876e-02 3.515e-02 1.485e-01 1.023e-01 0.000e+00
6.000e-02 3.386e-02 1.483e-01 9.564e-02 0.000e+00
6.486e-02 2.942e-02 1.474e-01 7.443e-02 0.000e+00
7.161e-02 2.457e-02 1.459e-01 5.409e-02 0.000e+00
7.905e-02 2.049e-02 1.441e-01 3.932e-02 0.000e+00
8.000e-02 2.005e-02 1.439e-01 3.783e-02 0.000e+00
8.726e-02 1.707e-02 1.421e-01 2.858e-02 0.000e+00
9.633e-02 1.420e-02 1.397e-01 2.076e-02 0.000e+00
1.000e-01 1.324e-02 1.388e-01 1.840e-02 0.000e+00
1.063e-01 1.180e-02 1.372e-01 1.511e-02 0.000e+00
1.174e-01 9.780e-03 1.344e-01 1.097e-02 0.000e+00
1.296e-01 8.103e-03 1.314e-01 7.980e-03 0.000e+00
1.431e-01 6.702e-03 1.283e-01 5.806e-03 0.000e+00
1.500e-01 6.122e-03 1.267e-01 4.993e-03 0.000e+00
1.579e-01 5.545e-03 1.250e-01 4.237e-03 0.000e+00
1.743e-01 4.580e-03 1.216e-01 3.093e-03 0.000e+00
1.925e-01 3.775e-03 1.182e-01 2.258e-03 0.000e+00
2.000e-01 3.504e-03 1.168e-01 2.002e-03 0.000e+00
2.125e-01 3.113e-03 1.146e-01 1.655e-03 0.000e+00
2.345e-01 2.566e-03 1.111e-01 1.218e-03 0.000e+00
2.589e-01 2.112e-03 1.075e-01 8.976e-04 0.000e+00
2.858e-01 1.738e-03 1.038e-01 6.645e-04 0.000e+00
3.000e-01 1.580e-03 1.021e-01 5.743e-04 0.000e+00
3.155e-01 1.430e-03 1.002e-01 4.941e-04 0.000e+00
3.483e-01 1.176e-03 9.662e-02 3.692e-04 0.000e+00
3.845e-01 9.664e-04 9.304e-02 2.775e-04 0.000e+00
4.000e-01 8.934e-04 9.162e-02 2.480e-04 0.000e+00
4.245e-01 7.939e-04 8.950e-02 2.098e-04 0.000e+00
4.686e-01 6.522e-04 8.600e-02 1.598e-04 0.000e+00
5.000e-01 5.732e-04 8.374e-02 1.344e-04 0.000e+00
5.173e-01 5.356e-04 8.257e-02 1.229e-04 0.000e+00
5.710e-01 4.400e-04 7.921e-02 9.530e-05 0.000e+00
6.000e-01 3.986e-04 7.754e-02 8.401e-05 0.000e+00
6.304e-01 3.612e-04 7.589e-02 7.412e-05 0.000e+00
6.959e-01 2.966e-04 7.263e-02 5.805e-05 0.000e+00
7.682e-01 2.435e-04 6.943e-02 4.629e-05 0.000e+00
8.000e-01 2.245e-04 6.814e-02 4.252e-05 0.000e+00
8.480e-01 1.999e-04 6.631e-02 3.793e-05 0.000e+00
9.361e-01 1.641e-04 6.328e-02 3.107e-05 0.000e+00
1.000e+00 1.438e-04 6.129e-02 2.643e-05 0.000e+00
1.022e+00 1.377e-04 6.064e-02 2.489e-05 0.000e+00
1.033e+00 1.348e-04 6.033e-02 2.419e-05 6.265e-09
1.141e+00 1.105e-04 5.742e-02 1.963e-05 5.862e-06
1.250e+00 9.207e-05 5.482e-02 1.688e-05 3.134e-05
1.259e+00 9.076e-05 5.461e-02 1.668e-05 3.445e-05
1.390e+00 7.446e-05 5.187e-02 1.401e-05 9.667e-05
1.500e+00 6.395e-05 4.982e-02 1.222e-05 1.708e-04
1.535e+00 6.107e-05 4.920e-02 1.174e-05 1.980e-04
1.694e+00 5.016e-05 4.663e-02 9.937e-06 3.401e-04
1.870e+00 4.117e-05 4.414e-02 8.477e-06 5.251e-04
2.000e+00 3.598e-05 4.252e-02 7.633e-06 6.747e-04
2.044e+00 3.444e-05 4.201e-02 7.381e-06 7.272e-04
2.065e+00 3.374e-05 4.177e-02 7.266e-06 7.524e-04
2.279e+00 2.769e-05 3.948e-02 6.260e-06 1.016e-03
2.516e+00 2.272e-05 3.724e-02 5.413e-06 1.315e-03
2.778e+00 1.865e-05 3.508e-02 4.700e-06 1.648e-03
3.000e+00 1.599e-05 3.346e-02 4.223e-06 1.930e-03
3.066e+00 1.531e-05 3.301e-02 4.099e-06 2.014e-03
3.385e+00 1.256e-05 3.103e-02 3.586e-06 2.412e-03
3.737e+00 1.031e-05 2.914e-02 3.147e-06 2.840e-03
4.000e+00 8.997e-06 2.790e-02 2.881e-06 3.150e-03
4.125e+00 8.460e-06 2.735e-02 2.770e-06 3.294e-03
4.554e+00 6.941e-06 2.564e-02 2.443e-06 3.773e-03
5.000e+00 5.758e-06 2.411e-02 2.175e-06 4.249e-03
5.027e+00 5.697e-06 2.402e-02 2.161e-06 4.277e-03
5.549e+00 4.676e-06 2.247e-02 1.915e-06 4.808e-03
6.000e+00 4.000e-06 2.130e-02 1.744e-06 5.244e-03
6.126e+00 3.837e-06 2.100e-02 1.701e-06 5.362e-03
6.762e+00 3.148e-06 1.962e-02 1.513e-06 5.931e-03
7.000e+00 2.937e-06 1.915e-02 1.453e-06 6.134e-03
7.465e+00 2.583e-06 1.830e-02 1.348e-06 6.518e-03
8.000e+00 2.250e-06 1.743e-02 1.245e-06 6.941e-03
8.241e+00 2.120e-06 1.706e-02 1.203e-06 7.122e-03
9.000e+00 1.777e-06 1.602e-02 1.088e-06 7.671e-03
9.097e+00 1.740e-06 1.590e-02 1.075e-06 7.739e-03
1.000e+01 1.440e-06 1.484e-02 9.664e-07 8.338e-03
1.004e+01 1.428e-06 1.480e-02 9.621e-07 8.364e-03
1.100e+01 1.190e-06 1.384e-02 8.691e-07 8.946e-03
1.109e+01 1.171e-06 1.376e-02 8.613e-07 8.998e-03
1.200e+01 9.997e-07 1.298e-02 7.894e-07 9.504e-03
1.224e+01 9.609e-07 1.279e-02 7.724e-07 9.632e-03
1.300e+01 8.519e-07 1.223e-02 7.229e-07 1.002e-02
1.351e+01 7.888e-07 1.189e-02 6.932e-07 1.027e-02
1.400e+01 7.345e-07 1.157e-02 6.669e-07 1.051e-02
1.491e+01 6.476e-07 1.104e-02 6.227e-07 1.092e-02
1.500e+01 6.399e-07 1.099e-02 6.187e-07 1.096e-02
1.600e+01 5.625e-07 1.046e-02 5.772e-07 1.138e-02
1.646e+01 5.314e-07 1.024e-02 5.599e-07 1.157e-02
1.800e+01 4.444e-07 9.562e-03 5.087e-07 1.217e-02
1.818e+01 4.356e-07 9.489e-03 5.033e-07 1.223e-02
2.000e+01 3.600e-07 8.818e-03 4.546e-07 1.286e-02
