# ALANINE from NIST Database
1.420e+00 0.000e+00 0.000e+00 0.000e+00 0.000e+00
1.000e+00 7.856e-02 3.500e+00 0.000e+00 0.000e+00
6.000e+00 3.368e-02 3.500e+00 0.000e+00 0.000e+00
7.000e+00 1.122e-02 3.500e+00 0.000e+00 0.000e+00
8.000e+00 2.245e-02 3.500e+00 0.000e+00 0.000e+00
0.000e+00 0.000e+00 0.000e+00 0.000e+00 0.000e+00
1.000e-03 1.206e+00 1.388e-02 3.063e+03 0.000e+00
1.020e-03 1.201e+00 1.437e-02 2.902e+03 0.000e+00
1.126e-03 1.178e+00 1.710e-02 2.219e+03 0.000e+00
1.243e-03 1.153e+00 2.030e-02 1.695e+03 0.000e+00
1.372e-03 1.125e+00 2.400e-02 1.292e+03 0.000e+00
1.500e-03 1.096e+00 2.781e-02 1.009e+03 0.000e+00
1.515e-03 1.093e+00 2.826e-02 9.811e+02 0.000e+00
1.672e-03 1.055e+00 3.303e-02 7.436e+02 0.000e+00
1.846e-03 1.012e+00 3.837e-02 5.612e+02 0.000e+00
2.000e-03 9.741e-01 4.308e-02 4.460e+02 0.000e+00
2.038e-03 9.647e-01 4.424e-02 4.225e+02 0.000e+00
2.250e-03 9.132e-01 5.064e-02 3.174e+02 0.000e+00
2.483e-03 8.585e-01 5.749e-02 2.383e+02 0.000e+00
2.741e-03 8.009e-01 6.476e-02 1.783e+02 0.000e+00
3.000e-03 7.467e-01 7.168e-02 1.366e+02 0.000e+00
3.026e-03 7.414e-01 7.236e-02 1.332e+02 0.000e+00
3.341e-03 6.809e-01 8.015e-02 9.920e+01 0.000e+00
3.688e-03 6.208e-01 8.799e-02 7.380e+01 0.000e+00
4.000e-03 5.724e-01 9.440e-02 5.780e+01 0.000e+00
4.071e-03 5.621e-01 9.577e-02 5.481e+01 0.000e+00
4.494e-03 5.058e-01 1.034e-01 4.063e+01 0.000e+00
4.961e-03 4.528e-01 1.107e-01 3.006e+01 0.000e+00
5.000e-03 4.487e-01 1.112e-01 2.935e+01 0.000e+00
5.477e-03 4.036e-01 1.176e-01 2.220e+01 0.000e+00
6.000e-03 3.619e-01 1.236e-01 1.676e+01 0.000e+00
6.046e-03 3.586e-01 1.241e-01 1.637e+01 0.000e+00
6.675e-03 3.178e-01 1.301e-01 1.205e+01 0.000e+00
7.368e-03 2.812e-01 1.357e-01 8.863e+00 0.000e+00
8.000e-03 2.537e-01 1.400e-01 6.854e+00 0.000e+00
8.134e-03 2.485e-01 1.409e-01 6.506e+00 0.000e+00
8.979e-03 2.194e-01 1.456e-01 4.770e+00 0.000e+00
9.912e-03 1.937e-01 1.501e-01 3.492e+00 0.000e+00
1.000e-02 1.915e-01 1.504e-01 3.396e+00 0.000e+00
1.094e-02 1.708e-01 1.542e-01 2.555e+00 0.000e+00
1.208e-02 1.504e-01 1.580e-01 1.864e+00 0.000e+00
1.334e-02 1.321e-01 1.616e-01 1.357e+00 0.000e+00
1.472e-02 1.158e-01 1.649e-01 9.899e-01 0.000e+00
1.500e-02 1.128e-01 1.655e-01 9.318e-01 0.000e+00
1.625e-02 1.010e-01 1.679e-01 7.201e-01 0.000e+00
1.794e-02 8.782e-02 1.706e-01 5.232e-01 0.000e+00
1.980e-02 7.601e-02 1.730e-01 3.801e-01 0.000e+00
2.000e-02 7.488e-02 1.732e-01 3.679e-01 0.000e+00
2.186e-02 6.544e-02 1.750e-01 2.755e-01 0.000e+00
2.413e-02 5.609e-02 1.765e-01 1.997e-01 0.000e+00
2.664e-02 4.785e-02 1.777e-01 1.445e-01 0.000e+00
2.941e-02 4.067e-02 1.785e-01 1.045e-01 0.000e+00
3.000e-02 3.934e-02 1.786e-01 9.789e-02 0.000e+00
3.247e-02 3.444e-02 1.788e-01 7.549e-02 0.000e+00
3.584e-02 2.908e-02 1.787e-01 5.455e-02 0.000e+00
3.957e-02 2.447e-02 1.783e-01 3.936e-02 0.000e+00
4.000e-02 2.401e-02 1.782e-01 3.798e-02 0.000e+00
4.368e-02 2.056e-02 1.774e-01 2.840e-02 0.000e+00
4.822e-02 1.723e-02 1.762e-01 2.048e-02 0.000e+00
5.000e-02 1.614e-02 1.756e-01 1.817e-02 0.000e+00
5.323e-02 1.441e-02 1.746e-01 1.477e-02 0.000e+00
5.876e-02 1.203e-02 1.727e-01 1.064e-02 0.000e+00
6.000e-02 1.158e-02 1.723e-01 9.931e-03 0.000e+00
6.486e-02 1.003e-02 1.705e-01 7.671e-03 0.000e+00
7.161e-02 8.342e-03 1.681e-01 5.525e-03 0.000e+00
7.905e-02 6.928e-03 1.654e-01 3.982e-03 0.000e+00
8.000e-02 6.773e-03 1.650e-01 3.827e-03 0.000e+00
8.726e-02 5.744e-03 1.624e-01 2.870e-03 0.000e+00
9.633e-02 4.756e-03 1.593e-01 2.069e-03 0.000e+00
1.000e-01 4.426e-03 1.580e-01 1.828e-03 0.000e+00
1.063e-01 3.935e-03 1.560e-01 1.494e-03 0.000e+00
1.174e-01 3.248e-03 1.524e-01 1.077e-03 0.000e+00
1.296e-01 2.680e-03 1.488e-01 7.781e-04 0.000e+00
1.431e-01 2.209e-03 1.450e-01 5.625e-04 0.000e+00
1.500e-01 2.014e-03 1.431e-01 4.823e-04 0.000e+00
1.579e-01 1.821e-03 1.411e-01 4.081e-04 0.000e+00
1.743e-01 1.499e-03 1.371e-01 2.962e-04 0.000e+00
1.925e-01 1.233e-03 1.330e-01 2.151e-04 0.000e+00
2.000e-01 1.143e-03 1.314e-01 1.903e-04 0.000e+00
2.125e-01 1.014e-03 1.289e-01 1.569e-04 0.000e+00
2.345e-01 8.341e-04 1.248e-01 1.149e-04 0.000e+00
2.589e-01 6.854e-04 1.207e-01 8.431e-05 0.000e+00
2.858e-01 5.632e-04 1.165e-01 6.218e-05 0.000e+00
3.000e-01 5.114e-04 1.145e-01 5.364e-05 0.000e+00
3.155e-01 4.626e-04 1.124e-01 4.607e-05 0.000e+00
3.483e-01 3.799e-04 1.083e-01 3.431e-05 0.000e+00
3.845e-01 3.120e-04 1.043e-01 2.570e-05 0.000e+00
4.000e-01 2.883e-04 1.027e-01 2.294e-05 0.000e+00
4.245e-01 2.561e-04 1.003e-01 1.937e-05 0.000e+00
4.686e-01 2.103e-04 9.635e-02 1.472e-05 0.000e+00
5.000e-01 1.848e-04 9.380e-02 1.236e-05 0.000e+00
5.173e-01 1.726e-04 9.247e-02 1.130e-05 0.000e+00
5.710e-01 1.417e-04 8.866e-02 8.746e-06 0.000e+00
6.000e-01 1.284e-04 8.678e-02 7.693e-06 0.000e+00
6.304e-01 1.163e-04 8.492e-02 6.765e-06 0.000e+00
6.959e-01 9.548e-05 8.127e-02 5.263e-06 0.000e+00
7.682e-01 7.836e-05 7.770e-02 4.204e-06 0.000e+00
8.000e-01 7.225e-05 7.625e-02 3.882e-06 0.000e+00
8.480e-01 6.430e-05 7.419e-02 3.506e-06 0.000e+00
9.361e-01 5.277e-05 7.078e-02 2.900e-06 0.000e+00
1.000e+00 4.625e-05 6.857e-02 2.413e-06 0.000e+00
1.022e+00 4.429e-05 6.786e-02 2.242e-06 0.000e+00
1.033e+00 4.336e-05 6.751e-02 2.168e-06 3.080e-09
1.141e+00 3.555e-05 6.426e-02 1.739e-06 2.925e-06
1.250e+00 2.961e-05 6.132e-02 1.522e-06 1.582e-05
1.259e+00 2.919e-05 6.109e-02 1.506e-06 1.741e-05
1.390e+00 2.395e-05 5.802e-02 1.270e-06 4.933e-05
1.500e+00 2.056e-05 5.573e-02 1.105e-06 8.764e-05
1.535e+00 1.964e-05 5.505e-02 1.061e-06 1.017e-04
1.694e+00 1.613e-05 5.220e-02 8.994e-07 1.755e-04
1.870e+00 1.324e-05 4.942e-02 7.706e-07 2.715e-04
2.000e+00 1.157e-05 4.756e-02 6.956e-07 3.491e-04
2.044e+00 1.107e-05 4.697e-02 6.729e-07 3.763e-04
2.065e+00 1.085e-05 4.669e-02 6.626e-07 3.893e-04
2.279e+00 8.905e-06 4.409e-02 5.722e-07 5.265e-04
2.516e+00 7.307e-06 4.160e-02 4.963e-07 6.838e-04
2.778e+00 5.995e-06 3.921e-02 4.321e-07 8.609e-04
3.000e+00 5.142e-06 3.742e-02 3.891e-07 1.012e-03
3.066e+00 4.923e-06 3.692e-02 3.779e-07 1.056e-03
3.385e+00 4.039e-06 3.472e-02 3.314e-07 1.271e-03
3.737e+00 3.314e-06 3.261e-02 2.915e-07 1.504e-03
4.000e+00 2.893e-06 3.121e-02 2.673e-07 1.673e-03
4.125e+00 2.720e-06 3.060e-02 2.571e-07 1.753e-03
4.554e+00 2.231e-06 2.868e-02 2.273e-07 2.017e-03
5.000e+00 1.851e-06 2.695e-02 2.028e-07 2.280e-03
5.027e+00 1.831e-06 2.686e-02 2.015e-07 2.297e-03
5.549e+00 1.503e-06 2.513e-02 1.789e-07 2.593e-03
6.000e+00 1.285e-06 2.382e-02 1.631e-07 2.837e-03
6.126e+00 1.233e-06 2.349e-02 1.592e-07 2.902e-03
6.762e+00 1.012e-06 2.194e-02 1.418e-07 3.222e-03
7.000e+00 9.443e-07 2.141e-02 1.363e-07 3.337e-03
7.465e+00 8.304e-07 2.047e-02 1.266e-07 3.554e-03
8.000e+00 7.232e-07 1.949e-02 1.170e-07 3.792e-03
8.241e+00 6.815e-07 1.908e-02 1.131e-07 3.896e-03
9.000e+00 5.714e-07 1.791e-02 1.024e-07 4.209e-03
9.097e+00 5.593e-07 1.778e-02 1.012e-07 4.247e-03
1.000e+01 4.628e-07 1.660e-02 9.109e-08 4.588e-03
1.004e+01 4.591e-07 1.655e-02 9.069e-08 4.602e-03
1.100e+01 3.824e-07 1.548e-02 8.200e-08 4.936e-03
1.109e+01 3.763e-07 1.539e-02 8.127e-08 4.967e-03
1.200e+01 3.214e-07 1.452e-02 7.454e-08 5.257e-03
1.224e+01 3.089e-07 1.431e-02 7.295e-08 5.331e-03
1.300e+01 2.739e-07 1.368e-02 6.833e-08 5.557e-03
1.351e+01 2.536e-07 1.329e-02 6.554e-08 5.702e-03
1.400e+01 2.361e-07 1.294e-02 6.306e-08 5.836e-03
1.491e+01 2.082e-07 1.234e-02 5.893e-08 6.075e-03
1.500e+01 2.057e-07 1.228e-02 5.855e-08 6.098e-03
1.600e+01 1.808e-07 1.170e-02 5.465e-08 6.347e-03
1.646e+01 1.708e-07 1.145e-02 5.302e-08 6.455e-03
1.800e+01 1.428e-07 1.069e-02 4.821e-08 6.799e-03
1.818e+01 1.400e-07 1.061e-02 4.770e-08 6.837e-03
2.000e+01 1.157e-07 9.859e-03 4.312e-08 7.206e-03
