# AMERICIUM from NIST Database
1.367e+01 0.000e+00 0.000e+00 0.000e+00 0.000e+00
9.500e+01 1.000e+00 3.500e+00 0.000e+00 0.000e+00
0.000e+00 0.000e+00 0.000e+00 0.000e+00 0.000e+00
1.000e-03 1.423e+01 4.328e-03 7.354e+03 0.000e+00
1.020e-03 1.421e+01 4.443e-03 7.103e+03 0.000e+00
1.126e-03 1.409e+01 5.053e-03 5.976e+03 0.000e+00
1.136e-03 1.408e+01 5.109e-03 5.887e+03 0.000e+00
1.136e-03 1.408e+01 5.109e-03 6.256e+03 0.000e+00
1.243e-03 1.395e+01 5.714e-03 5.269e+03 0.000e+00
1.372e-03 1.380e+01 6.435e-03 4.368e+03 0.000e+00
1.412e-03 1.375e+01 6.660e-03 4.138e+03 0.000e+00
1.412e-03 1.375e+01 6.660e-03 4.190e+03 0.000e+00
1.500e-03 1.364e+01 7.163e-03 3.711e+03 0.000e+00
1.515e-03 1.362e+01 7.249e-03 3.637e+03 0.000e+00
1.617e-03 1.348e+01 7.832e-03 3.186e+03 0.000e+00
1.617e-03 1.348e+01 7.832e-03 3.246e+03 0.000e+00
1.672e-03 1.341e+01 8.144e-03 3.027e+03 0.000e+00
1.846e-03 1.319e+01 9.131e-03 2.462e+03 0.000e+00
2.000e-03 1.299e+01 1.000e-02 2.082e+03 0.000e+00
2.038e-03 1.294e+01 1.021e-02 1.998e+03 0.000e+00
2.250e-03 1.266e+01 1.140e-02 1.606e+03 0.000e+00
2.483e-03 1.235e+01 1.269e-02 1.293e+03 0.000e+00
2.741e-03 1.201e+01 1.409e-02 1.040e+03 0.000e+00
3.000e-03 1.167e+01 1.548e-02 8.521e+02 0.000e+00
3.026e-03 1.164e+01 1.561e-02 8.353e+02 0.000e+00
3.341e-03 1.124e+01 1.725e-02 6.655e+02 0.000e+00
3.688e-03 1.081e+01 1.900e-02 5.305e+02 0.000e+00
3.887e-03 1.057e+01 1.997e-02 4.703e+02 0.000e+00
3.887e-03 1.057e+01 1.997e-02 1.101e+03 0.000e+00
4.000e-03 1.044e+01 2.051e-02 1.039e+03 0.000e+00
4.071e-03 1.035e+01 2.086e-02 9.889e+02 0.000e+00
4.092e-03 1.033e+01 2.096e-02 9.747e+02 0.000e+00
4.092e-03 1.033e+01 2.096e-02 1.376e+03 0.000e+00
4.494e-03 9.875e+00 2.284e-02 1.095e+03 0.000e+00
4.667e-03 9.687e+00 2.363e-02 9.982e+02 0.000e+00
4.667e-03 9.687e+00 2.363e-02 1.163e+03 0.000e+00
4.961e-03 9.380e+00 2.495e-02 9.996e+02 0.000e+00
5.000e-03 9.341e+00 2.512e-02 9.804e+02 0.000e+00
5.477e-03 8.875e+00 2.717e-02 7.767e+02 0.000e+00
5.710e-03 8.659e+00 2.812e-02 6.982e+02 0.000e+00
5.710e-03 8.659e+00 2.812e-02 7.401e+02 0.000e+00
6.000e-03 8.402e+00 2.929e-02 6.556e+02 0.000e+00
6.046e-03 8.362e+00 2.947e-02 6.431e+02 0.000e+00
6.121e-03 8.298e+00 2.978e-02 6.236e+02 0.000e+00
6.121e-03 8.298e+00 2.978e-02 6.499e+02 0.000e+00
6.675e-03 7.844e+00 3.197e-02 5.249e+02 0.000e+00
7.368e-03 7.330e+00 3.451e-02 4.115e+02 0.000e+00
8.000e-03 6.905e+00 3.672e-02 3.360e+02 0.000e+00
8.134e-03 6.820e+00 3.718e-02 3.223e+02 0.000e+00
8.979e-03 6.316e+00 4.001e-02 2.517e+02 0.000e+00
9.912e-03 5.824e+00 4.301e-02 1.965e+02 0.000e+00
1.000e-02 5.780e+00 4.328e-02 1.922e+02 0.000e+00
1.094e-02 5.346e+00 4.613e-02 1.529e+02 0.000e+00
1.208e-02 4.883e+00 4.936e-02 1.187e+02 0.000e+00
1.334e-02 4.438e+00 5.268e-02 9.221e+01 0.000e+00
1.472e-02 4.018e+00 5.600e-02 7.175e+01 0.000e+00
1.500e-02 3.939e+00 5.664e-02 6.838e+01 0.000e+00
1.625e-02 3.617e+00 5.934e-02 5.563e+01 0.000e+00
1.794e-02 3.238e+00 6.265e-02 4.310e+01 0.000e+00
1.850e-02 3.124e+00 6.367e-02 3.979e+01 0.000e+00
1.850e-02 3.124e+00 6.367e-02 9.383e+01 0.000e+00
1.980e-02 2.884e+00 6.590e-02 7.849e+01 0.000e+00
2.000e-02 2.849e+00 6.623e-02 7.643e+01 0.000e+00
2.186e-02 2.556e+00 6.909e-02 5.993e+01 0.000e+00
2.294e-02 2.406e+00 7.061e-02 5.250e+01 0.000e+00
2.294e-02 2.406e+00 7.061e-02 7.500e+01 0.000e+00
2.335e-02 2.352e+00 7.116e-02 7.157e+01 0.000e+00
2.377e-02 2.299e+00 7.170e-02 6.833e+01 0.000e+00
2.377e-02 2.299e+00 7.170e-02 7.879e+01 0.000e+00
2.413e-02 2.256e+00 7.216e-02 7.587e+01 0.000e+00
2.664e-02 1.978e+00 7.510e-02 5.908e+01 0.000e+00
2.941e-02 1.729e+00 7.793e-02 4.601e+01 0.000e+00
3.000e-02 1.682e+00 7.849e-02 4.375e+01 0.000e+00
3.247e-02 1.509e+00 8.067e-02 3.566e+01 0.000e+00
3.584e-02 1.317e+00 8.328e-02 2.762e+01 0.000e+00
3.957e-02 1.147e+00 8.574e-02 2.138e+01 0.000e+00
4.000e-02 1.130e+00 8.600e-02 2.079e+01 0.000e+00
4.368e-02 9.969e-01 8.799e-02 1.651e+01 0.000e+00
4.822e-02 8.630e-01 9.001e-02 1.274e+01 0.000e+00
5.000e-02 8.176e-01 9.068e-02 1.159e+01 0.000e+00
5.323e-02 7.434e-01 9.175e-02 9.816e+00 0.000e+00
5.876e-02 6.374e-01 9.319e-02 7.557e+00 0.000e+00
6.000e-02 6.167e-01 9.346e-02 7.150e+00 0.000e+00
6.486e-02 5.446e-01 9.432e-02 5.808e+00 0.000e+00
7.161e-02 4.641e-01 9.515e-02 4.459e+00 0.000e+00
7.905e-02 3.951e-01 9.567e-02 3.425e+00 0.000e+00
8.000e-02 3.875e-01 9.571e-02 3.318e+00 0.000e+00
8.726e-02 3.363e-01 9.589e-02 2.628e+00 0.000e+00
9.633e-02 2.859e-01 9.583e-02 2.016e+00 0.000e+00
1.000e-01 2.688e-01 9.574e-02 1.824e+00 0.000e+00
1.063e-01 2.429e-01 9.550e-02 1.548e+00 0.000e+00
1.174e-01 2.055e-01 9.489e-02 1.185e+00 0.000e+00
1.250e-01 1.847e-01 9.437e-02 1.001e+00 0.000e+00
1.250e-01 1.847e-01 9.437e-02 4.098e+00 0.000e+00
1.296e-01 1.738e-01 9.403e-02 3.744e+00 0.000e+00
1.431e-01 1.465e-01 9.290e-02 2.918e+00 0.000e+00
1.500e-01 1.350e-01 9.229e-02 2.592e+00 0.000e+00
1.579e-01 1.234e-01 9.157e-02 2.276e+00 0.000e+00
1.743e-01 1.036e-01 9.003e-02 1.772e+00 0.000e+00
1.925e-01 8.672e-02 8.830e-02 1.376e+00 0.000e+00
2.000e-01 8.097e-02 8.758e-02 1.249e+00 0.000e+00
2.125e-01 7.261e-02 8.640e-02 1.071e+00 0.000e+00
2.345e-01 6.081e-02 8.436e-02 8.342e-01 0.000e+00
2.589e-01 5.086e-02 8.219e-02 6.499e-01 0.000e+00
2.858e-01 4.251e-02 7.993e-02 5.075e-01 0.000e+00
3.000e-01 3.892e-02 7.879e-02 4.499e-01 0.000e+00
3.155e-01 3.551e-02 7.759e-02 3.973e-01 0.000e+00
3.483e-01 2.962e-02 7.519e-02 3.119e-01 0.000e+00
3.845e-01 2.468e-02 7.276e-02 2.457e-01 0.000e+00
4.000e-01 2.294e-02 7.178e-02 2.235e-01 0.000e+00
4.245e-01 2.054e-02 7.030e-02 1.942e-01 0.000e+00
4.686e-01 1.708e-02 6.783e-02 1.541e-01 0.000e+00
5.000e-01 1.512e-02 6.620e-02 1.327e-01 0.000e+00
5.173e-01 1.418e-02 6.535e-02 1.228e-01 0.000e+00
5.710e-01 1.177e-02 6.288e-02 9.828e-02 0.000e+00
6.000e-01 1.071e-02 6.164e-02 8.803e-02 0.000e+00
6.304e-01 9.750e-03 6.041e-02 7.895e-02 0.000e+00
6.959e-01 8.074e-03 5.796e-02 6.371e-02 0.000e+00
7.682e-01 6.680e-03 5.552e-02 5.164e-02 0.000e+00
8.000e-01 6.179e-03 5.453e-02 4.745e-02 0.000e+00
8.480e-01 5.523e-03 5.312e-02 4.206e-02 0.000e+00
9.361e-01 4.562e-03 5.076e-02 3.439e-02 0.000e+00
1.000e+00 4.014e-03 4.923e-02 3.010e-02 0.000e+00
1.022e+00 3.848e-03 4.873e-02 2.881e-02 0.000e+00
1.033e+00 3.769e-03 4.849e-02 2.821e-02 9.443e-08
1.141e+00 3.107e-03 4.622e-02 2.321e-02 8.893e-05
1.250e+00 2.602e-03 4.415e-02 1.949e-02 4.720e-04
1.259e+00 2.565e-03 4.399e-02 1.923e-02 5.182e-04
1.390e+00 2.114e-03 4.182e-02 1.596e-02 1.403e-03
1.500e+00 1.821e-03 4.019e-02 1.386e-02 2.357e-03
1.535e+00 1.740e-03 3.970e-02 1.329e-02 2.680e-03
1.694e+00 1.433e-03 3.767e-02 1.114e-02 4.159e-03
1.870e+00 1.180e-03 3.568e-02 9.386e-03 5.733e-03
2.000e+00 1.034e-03 3.436e-02 8.369e-03 6.853e-03
2.044e+00 9.903e-04 3.394e-02 8.067e-03 7.230e-03
2.065e+00 9.706e-04 3.375e-02 7.930e-03 7.408e-03
2.279e+00 7.989e-04 3.189e-02 6.733e-03 9.140e-03
2.516e+00 6.567e-04 3.010e-02 5.737e-03 1.089e-02
2.778e+00 5.395e-04 2.837e-02 4.906e-03 1.268e-02
3.000e+00 4.631e-04 2.708e-02 4.356e-03 1.407e-02
3.066e+00 4.435e-04 2.672e-02 4.213e-03 1.447e-02
3.385e+00 3.643e-04 2.514e-02 3.628e-03 1.633e-02
3.737e+00 2.993e-04 2.362e-02 3.134e-03 1.824e-02
4.000e+00 2.614e-04 2.261e-02 2.839e-03 1.959e-02
4.125e+00 2.459e-04 2.217e-02 2.717e-03 2.021e-02
4.554e+00 2.019e-04 2.078e-02 2.362e-03 2.225e-02
5.000e+00 1.676e-04 1.953e-02 2.075e-03 2.421e-02
5.027e+00 1.658e-04 1.946e-02 2.059e-03 2.433e-02
5.549e+00 1.361e-04 1.821e-02 1.800e-03 2.643e-02
6.000e+00 1.165e-04 1.727e-02 1.622e-03 2.814e-02
6.126e+00 1.117e-04 1.702e-02 1.578e-03 2.860e-02
6.762e+00 9.175e-05 1.590e-02 1.386e-03 3.087e-02
7.000e+00 8.563e-05 1.552e-02 1.325e-03 3.168e-02
7.465e+00 7.531e-05 1.484e-02 1.220e-03 3.320e-02
8.000e+00 6.558e-05 1.413e-02 1.118e-03 3.486e-02
8.241e+00 6.181e-05 1.384e-02 1.077e-03 3.559e-02
9.000e+00 5.183e-05 1.299e-02 9.645e-04 3.779e-02
9.097e+00 5.073e-05 1.289e-02 9.518e-04 3.807e-02
1.000e+01 4.200e-05 1.204e-02 8.473e-04 4.051e-02
1.004e+01 4.166e-05 1.200e-02 8.432e-04 4.061e-02
1.100e+01 3.471e-05 1.123e-02 7.552e-04 4.301e-02
1.109e+01 3.415e-05 1.116e-02 7.478e-04 4.324e-02
1.200e+01 2.916e-05 1.053e-02 6.806e-04 4.535e-02
1.224e+01 2.803e-05 1.038e-02 6.648e-04 4.589e-02
1.300e+01 2.485e-05 9.920e-03 6.192e-04 4.753e-02
1.351e+01 2.301e-05 9.639e-03 5.918e-04 4.860e-02
1.400e+01 2.143e-05 9.385e-03 5.676e-04 4.960e-02
1.491e+01 1.890e-05 8.950e-03 5.277e-04 5.137e-02
1.500e+01 1.867e-05 8.910e-03 5.240e-04 5.153e-02
1.600e+01 1.641e-05 8.486e-03 4.866e-04 5.331e-02
1.646e+01 1.551e-05 8.305e-03 4.711e-04 5.410e-02
1.800e+01 1.297e-05 7.755e-03 4.254e-04 5.658e-02
1.818e+01 1.271e-05 7.696e-03 4.206e-04 5.685e-02
2.000e+01 1.050e-05 7.153e-03 3.778e-04 5.950e-02
