# AMBER from NIST Database
1.100e+00 0.000e+00 0.000e+00 0.000e+00 0.000e+00
1.000e+00 1.051e-01 3.500e+00 0.000e+00 0.000e+00
6.000e+00 6.569e-02 3.500e+00 0.000e+00 0.000e+00
8.000e+00 6.568e-03 3.500e+00 0.000e+00 0.000e+00
0.000e+00 0.000e+00 0.000e+00 0.000e+00 0.000e+00
1.000e-03 1.046e+00 1.619e-02 2.226e+03 0.000e+00
1.020e-03 1.041e+00 1.676e-02 2.107e+03 0.000e+00
1.126e-03 1.017e+00 1.988e-02 1.600e+03 0.000e+00
1.243e-03 9.915e-01 2.355e-02 1.214e+03 0.000e+00
1.372e-03 9.632e-01 2.777e-02 9.203e+02 0.000e+00
1.500e-03 9.342e-01 3.208e-02 7.146e+02 0.000e+00
1.515e-03 9.307e-01 3.259e-02 6.947e+02 0.000e+00
1.672e-03 8.936e-01 3.796e-02 5.235e+02 0.000e+00
1.846e-03 8.519e-01 4.391e-02 3.929e+02 0.000e+00
2.000e-03 8.152e-01 4.914e-02 3.110e+02 0.000e+00
2.038e-03 8.063e-01 5.042e-02 2.943e+02 0.000e+00
2.250e-03 7.576e-01 5.744e-02 2.200e+02 0.000e+00
2.483e-03 7.069e-01 6.489e-02 1.644e+02 0.000e+00
2.741e-03 6.546e-01 7.272e-02 1.225e+02 0.000e+00
3.000e-03 6.062e-01 8.009e-02 9.345e+01 0.000e+00
3.026e-03 6.016e-01 8.080e-02 9.106e+01 0.000e+00
3.341e-03 5.489e-01 8.900e-02 6.756e+01 0.000e+00
3.688e-03 4.977e-01 9.714e-02 5.006e+01 0.000e+00
4.000e-03 4.573e-01 1.037e-01 3.909e+01 0.000e+00
4.071e-03 4.488e-01 1.051e-01 3.704e+01 0.000e+00
4.494e-03 4.028e-01 1.127e-01 2.735e+01 0.000e+00
4.961e-03 3.603e-01 1.199e-01 2.017e+01 0.000e+00
5.000e-03 3.571e-01 1.205e-01 1.968e+01 0.000e+00
5.477e-03 3.214e-01 1.267e-01 1.484e+01 0.000e+00
6.000e-03 2.888e-01 1.325e-01 1.117e+01 0.000e+00
6.046e-03 2.863e-01 1.329e-01 1.091e+01 0.000e+00
6.675e-03 2.547e-01 1.387e-01 7.999e+00 0.000e+00
7.368e-03 2.266e-01 1.440e-01 5.863e+00 0.000e+00
8.000e-03 2.055e-01 1.482e-01 4.521e+00 0.000e+00
8.134e-03 2.015e-01 1.490e-01 4.289e+00 0.000e+00
8.979e-03 1.791e-01 1.536e-01 3.134e+00 0.000e+00
9.912e-03 1.591e-01 1.579e-01 2.287e+00 0.000e+00
1.000e-02 1.574e-01 1.582e-01 2.223e+00 0.000e+00
1.094e-02 1.411e-01 1.619e-01 1.668e+00 0.000e+00
1.208e-02 1.248e-01 1.657e-01 1.213e+00 0.000e+00
1.334e-02 1.099e-01 1.692e-01 8.810e-01 0.000e+00
1.472e-02 9.649e-02 1.724e-01 6.407e-01 0.000e+00
1.500e-02 9.406e-02 1.730e-01 6.028e-01 0.000e+00
1.625e-02 8.423e-02 1.754e-01 4.648e-01 0.000e+00
1.794e-02 7.312e-02 1.780e-01 3.368e-01 0.000e+00
1.980e-02 6.316e-02 1.803e-01 2.440e-01 0.000e+00
2.000e-02 6.221e-02 1.805e-01 2.361e-01 0.000e+00
2.186e-02 5.425e-02 1.821e-01 1.765e-01 0.000e+00
2.413e-02 4.638e-02 1.835e-01 1.276e-01 0.000e+00
2.664e-02 3.948e-02 1.844e-01 9.213e-02 0.000e+00
2.941e-02 3.348e-02 1.849e-01 6.649e-02 0.000e+00
3.000e-02 3.238e-02 1.850e-01 6.227e-02 0.000e+00
3.247e-02 2.831e-02 1.850e-01 4.794e-02 0.000e+00
3.584e-02 2.387e-02 1.847e-01 3.458e-02 0.000e+00
3.957e-02 2.007e-02 1.840e-01 2.490e-02 0.000e+00
4.000e-02 1.970e-02 1.839e-01 2.403e-02 0.000e+00
4.368e-02 1.685e-02 1.829e-01 1.794e-02 0.000e+00
4.822e-02 1.410e-02 1.815e-01 1.292e-02 0.000e+00
5.000e-02 1.321e-02 1.809e-01 1.145e-02 0.000e+00
5.323e-02 1.178e-02 1.797e-01 9.297e-03 0.000e+00
5.876e-02 9.828e-03 1.777e-01 6.690e-03 0.000e+00
6.000e-02 9.455e-03 1.772e-01 6.241e-03 0.000e+00
6.486e-02 8.182e-03 1.753e-01 4.815e-03 0.000e+00
7.161e-02 6.797e-03 1.727e-01 3.463e-03 0.000e+00
7.905e-02 5.638e-03 1.699e-01 2.492e-03 0.000e+00
8.000e-02 5.512e-03 1.695e-01 2.395e-03 0.000e+00
8.726e-02 4.670e-03 1.668e-01 1.794e-03 0.000e+00
9.633e-02 3.862e-03 1.635e-01 1.291e-03 0.000e+00
1.000e-01 3.593e-03 1.622e-01 1.141e-03 0.000e+00
1.063e-01 3.192e-03 1.600e-01 9.317e-04 0.000e+00
1.174e-01 2.632e-03 1.563e-01 6.710e-04 0.000e+00
1.296e-01 2.170e-03 1.525e-01 4.845e-04 0.000e+00
1.431e-01 1.787e-03 1.486e-01 3.500e-04 0.000e+00
1.500e-01 1.630e-03 1.467e-01 3.000e-04 0.000e+00
1.579e-01 1.473e-03 1.446e-01 2.537e-04 0.000e+00
1.743e-01 1.212e-03 1.405e-01 1.840e-04 0.000e+00
1.925e-01 9.960e-04 1.363e-01 1.335e-04 0.000e+00
2.000e-01 9.234e-04 1.347e-01 1.181e-04 0.000e+00
2.125e-01 8.189e-04 1.321e-01 9.727e-05 0.000e+00
2.345e-01 6.736e-04 1.279e-01 7.117e-05 0.000e+00
2.589e-01 5.534e-04 1.236e-01 5.220e-05 0.000e+00
2.858e-01 4.546e-04 1.194e-01 3.846e-05 0.000e+00
3.000e-01 4.128e-04 1.173e-01 3.317e-05 0.000e+00
3.155e-01 3.734e-04 1.152e-01 2.848e-05 0.000e+00
3.483e-01 3.066e-04 1.110e-01 2.120e-05 0.000e+00
3.845e-01 2.517e-04 1.068e-01 1.588e-05 0.000e+00
4.000e-01 2.327e-04 1.052e-01 1.417e-05 0.000e+00
4.245e-01 2.066e-04 1.027e-01 1.196e-05 0.000e+00
4.686e-01 1.697e-04 9.870e-02 9.082e-06 0.000e+00
5.000e-01 1.491e-04 9.609e-02 7.625e-06 0.000e+00
5.173e-01 1.393e-04 9.473e-02 6.971e-06 0.000e+00
5.710e-01 1.143e-04 9.082e-02 5.395e-06 0.000e+00
6.000e-01 1.036e-04 8.889e-02 4.744e-06 0.000e+00
6.304e-01 9.383e-05 8.699e-02 4.167e-06 0.000e+00
6.959e-01 7.700e-05 8.325e-02 3.236e-06 0.000e+00
7.682e-01 6.319e-05 7.958e-02 2.587e-06 0.000e+00
8.000e-01 5.827e-05 7.809e-02 2.393e-06 0.000e+00
8.480e-01 5.186e-05 7.598e-02 2.169e-06 0.000e+00
9.361e-01 4.256e-05 7.248e-02 1.800e-06 0.000e+00
1.000e+00 3.730e-05 7.023e-02 1.488e-06 0.000e+00
1.022e+00 3.572e-05 6.950e-02 1.376e-06 0.000e+00
1.033e+00 3.496e-05 6.915e-02 1.328e-06 2.694e-09
1.141e+00 2.866e-05 6.581e-02 1.061e-06 2.563e-06
1.250e+00 2.388e-05 6.280e-02 9.343e-07 1.389e-05
1.259e+00 2.354e-05 6.257e-02 9.244e-07 1.528e-05
1.390e+00 1.931e-05 5.943e-02 7.807e-07 4.337e-05
1.500e+00 1.658e-05 5.709e-02 6.782e-07 7.710e-05
1.535e+00 1.584e-05 5.639e-02 6.509e-07 8.953e-05
1.694e+00 1.300e-05 5.345e-02 5.521e-07 1.545e-04
1.870e+00 1.067e-05 5.060e-02 4.735e-07 2.390e-04
2.000e+00 9.329e-06 4.871e-02 4.277e-07 3.074e-04
2.044e+00 8.930e-06 4.811e-02 4.138e-07 3.314e-04
2.065e+00 8.749e-06 4.783e-02 4.074e-07 3.429e-04
2.279e+00 7.182e-06 4.518e-02 3.520e-07 4.639e-04
2.516e+00 5.893e-06 4.262e-02 3.054e-07 6.029e-04
2.778e+00 4.835e-06 4.016e-02 2.661e-07 7.597e-04
3.000e+00 4.147e-06 3.832e-02 2.397e-07 8.935e-04
3.066e+00 3.970e-06 3.781e-02 2.328e-07 9.333e-04
3.385e+00 3.257e-06 3.555e-02 2.042e-07 1.125e-03
3.737e+00 2.672e-06 3.339e-02 1.797e-07 1.332e-03
4.000e+00 2.332e-06 3.197e-02 1.648e-07 1.484e-03
4.125e+00 2.193e-06 3.134e-02 1.586e-07 1.554e-03
4.554e+00 1.799e-06 2.937e-02 1.402e-07 1.790e-03
5.000e+00 1.493e-06 2.761e-02 1.251e-07 2.027e-03
5.027e+00 1.477e-06 2.751e-02 1.243e-07 2.041e-03
5.549e+00 1.212e-06 2.574e-02 1.104e-07 2.306e-03
6.000e+00 1.037e-06 2.440e-02 1.007e-07 2.525e-03
6.126e+00 9.945e-07 2.405e-02 9.826e-08 2.584e-03
6.762e+00 8.160e-07 2.247e-02 8.760e-08 2.872e-03
7.000e+00 7.615e-07 2.193e-02 8.418e-08 2.975e-03
7.465e+00 6.696e-07 2.096e-02 7.819e-08 3.171e-03
8.000e+00 5.832e-07 1.996e-02 7.226e-08 3.385e-03
8.241e+00 5.496e-07 1.954e-02 6.988e-08 3.479e-03
9.000e+00 4.607e-07 1.835e-02 6.331e-08 3.760e-03
9.097e+00 4.510e-07 1.821e-02 6.256e-08 3.795e-03
1.000e+01 3.732e-07 1.700e-02 5.632e-08 4.104e-03
1.004e+01 3.702e-07 1.695e-02 5.607e-08 4.117e-03
1.100e+01 3.084e-07 1.586e-02 5.069e-08 4.418e-03
1.109e+01 3.035e-07 1.576e-02 5.024e-08 4.445e-03
1.200e+01 2.592e-07 1.487e-02 4.609e-08 4.708e-03
1.224e+01 2.491e-07 1.465e-02 4.511e-08 4.775e-03
1.300e+01 2.208e-07 1.401e-02 4.225e-08 4.979e-03
1.351e+01 2.045e-07 1.361e-02 4.053e-08 5.110e-03
1.400e+01 1.904e-07 1.325e-02 3.900e-08 5.232e-03
1.491e+01 1.679e-07 1.264e-02 3.645e-08 5.447e-03
1.500e+01 1.659e-07 1.258e-02 3.621e-08 5.468e-03
1.600e+01 1.458e-07 1.198e-02 3.380e-08 5.694e-03
1.646e+01 1.377e-07 1.172e-02 3.280e-08 5.793e-03
1.800e+01 1.152e-07 1.095e-02 2.982e-08 6.103e-03
1.818e+01 1.129e-07 1.087e-02 2.951e-08 6.138e-03
2.000e+01 9.329e-08 1.010e-02 2.668e-08 6.473e-03
