# AMMONIA from NIST Database
8.260e-04 0.000e+00 0.000e+00 0.000e+00 0.000e+00
1.000e+00 1.761e-01 3.500e+00 0.000e+00 0.000e+00
7.000e+00 5.872e-02 3.500e+00 0.000e+00 0.000e+00
0.000e+00 0.000e+00 0.000e+00 0.000e+00 0.000e+00
1.000e-03 1.123e+00 1.799e-02 2.724e+03 0.000e+00
1.020e-03 1.119e+00 1.862e-02 2.580e+03 0.000e+00
1.126e-03 1.097e+00 2.214e-02 1.968e+03 0.000e+00
1.243e-03 1.074e+00 2.625e-02 1.500e+03 0.000e+00
1.372e-03 1.047e+00 3.102e-02 1.141e+03 0.000e+00
1.500e-03 1.020e+00 3.588e-02 8.896e+02 0.000e+00
1.515e-03 1.016e+00 3.646e-02 8.651e+02 0.000e+00
1.672e-03 9.807e-01 4.252e-02 6.546e+02 0.000e+00
1.846e-03 9.401e-01 4.926e-02 4.933e+02 0.000e+00
2.000e-03 9.039e-01 5.516e-02 3.916e+02 0.000e+00
2.038e-03 8.950e-01 5.660e-02 3.708e+02 0.000e+00
2.250e-03 8.460e-01 6.451e-02 2.781e+02 0.000e+00
2.483e-03 7.938e-01 7.286e-02 2.084e+02 0.000e+00
2.741e-03 7.390e-01 8.159e-02 1.557e+02 0.000e+00
3.000e-03 6.874e-01 8.977e-02 1.191e+02 0.000e+00
3.026e-03 6.824e-01 9.055e-02 1.161e+02 0.000e+00
3.341e-03 6.249e-01 9.957e-02 8.632e+01 0.000e+00
3.688e-03 5.680e-01 1.085e-01 6.412e+01 0.000e+00
4.000e-03 5.224e-01 1.156e-01 5.015e+01 0.000e+00
4.071e-03 5.128e-01 1.171e-01 4.755e+01 0.000e+00
4.494e-03 4.600e-01 1.253e-01 3.520e+01 0.000e+00
4.961e-03 4.105e-01 1.331e-01 2.601e+01 0.000e+00
5.000e-03 4.067e-01 1.337e-01 2.539e+01 0.000e+00
5.477e-03 3.648e-01 1.404e-01 1.919e+01 0.000e+00
6.000e-03 3.263e-01 1.466e-01 1.447e+01 0.000e+00
6.046e-03 3.232e-01 1.471e-01 1.413e+01 0.000e+00
6.675e-03 2.857e-01 1.532e-01 1.039e+01 0.000e+00
7.368e-03 2.523e-01 1.588e-01 7.632e+00 0.000e+00
8.000e-03 2.274e-01 1.630e-01 5.896e+00 0.000e+00
8.134e-03 2.226e-01 1.638e-01 5.596e+00 0.000e+00
8.979e-03 1.964e-01 1.684e-01 4.099e+00 0.000e+00
9.912e-03 1.733e-01 1.726e-01 2.997e+00 0.000e+00
1.000e-02 1.713e-01 1.729e-01 2.915e+00 0.000e+00
1.094e-02 1.529e-01 1.764e-01 2.190e+00 0.000e+00
1.208e-02 1.346e-01 1.800e-01 1.596e+00 0.000e+00
1.334e-02 1.184e-01 1.832e-01 1.161e+00 0.000e+00
1.472e-02 1.039e-01 1.861e-01 8.456e-01 0.000e+00
1.500e-02 1.012e-01 1.866e-01 7.957e-01 0.000e+00
1.625e-02 9.073e-02 1.887e-01 6.144e-01 0.000e+00
1.794e-02 7.891e-02 1.911e-01 4.459e-01 0.000e+00
1.980e-02 6.833e-02 1.931e-01 3.236e-01 0.000e+00
2.000e-02 6.731e-02 1.933e-01 3.132e-01 0.000e+00
2.186e-02 5.882e-02 1.947e-01 2.344e-01 0.000e+00
2.413e-02 5.041e-02 1.959e-01 1.697e-01 0.000e+00
2.664e-02 4.299e-02 1.968e-01 1.227e-01 0.000e+00
2.941e-02 3.652e-02 1.972e-01 8.865e-02 0.000e+00
3.000e-02 3.533e-02 1.972e-01 8.304e-02 0.000e+00
3.247e-02 3.091e-02 1.972e-01 6.399e-02 0.000e+00
3.584e-02 2.610e-02 1.968e-01 4.620e-02 0.000e+00
3.957e-02 2.197e-02 1.960e-01 3.331e-02 0.000e+00
4.000e-02 2.155e-02 1.959e-01 3.214e-02 0.000e+00
4.368e-02 1.845e-02 1.948e-01 2.402e-02 0.000e+00
4.822e-02 1.546e-02 1.932e-01 1.731e-02 0.000e+00
5.000e-02 1.449e-02 1.925e-01 1.535e-02 0.000e+00
5.323e-02 1.294e-02 1.913e-01 1.247e-02 0.000e+00
5.876e-02 1.080e-02 1.891e-01 8.980e-03 0.000e+00
6.000e-02 1.039e-02 1.886e-01 8.378e-03 0.000e+00
6.486e-02 9.002e-03 1.866e-01 6.468e-03 0.000e+00
7.161e-02 7.486e-03 1.838e-01 4.656e-03 0.000e+00
7.905e-02 6.216e-03 1.808e-01 3.354e-03 0.000e+00
8.000e-02 6.077e-03 1.804e-01 3.223e-03 0.000e+00
8.726e-02 5.154e-03 1.775e-01 2.416e-03 0.000e+00
9.633e-02 4.266e-03 1.739e-01 1.740e-03 0.000e+00
1.000e-01 3.971e-03 1.726e-01 1.537e-03 0.000e+00
1.063e-01 3.530e-03 1.702e-01 1.256e-03 0.000e+00
1.174e-01 2.913e-03 1.664e-01 9.044e-04 0.000e+00
1.296e-01 2.404e-03 1.623e-01 6.530e-04 0.000e+00
1.431e-01 1.981e-03 1.582e-01 4.718e-04 0.000e+00
1.500e-01 1.806e-03 1.561e-01 4.046e-04 0.000e+00
1.579e-01 1.633e-03 1.539e-01 3.423e-04 0.000e+00
1.743e-01 1.344e-03 1.495e-01 2.485e-04 0.000e+00
1.925e-01 1.105e-03 1.451e-01 1.805e-04 0.000e+00
2.000e-01 1.025e-03 1.433e-01 1.597e-04 0.000e+00
2.125e-01 9.088e-04 1.406e-01 1.316e-04 0.000e+00
2.345e-01 7.477e-04 1.361e-01 9.634e-05 0.000e+00
2.589e-01 6.144e-04 1.316e-01 7.066e-05 0.000e+00
2.858e-01 5.048e-04 1.270e-01 5.207e-05 0.000e+00
3.000e-01 4.584e-04 1.248e-01 4.491e-05 0.000e+00
3.155e-01 4.147e-04 1.226e-01 3.857e-05 0.000e+00
3.483e-01 3.405e-04 1.181e-01 2.872e-05 0.000e+00
3.845e-01 2.796e-04 1.137e-01 2.151e-05 0.000e+00
4.000e-01 2.584e-04 1.119e-01 1.920e-05 0.000e+00
4.245e-01 2.295e-04 1.093e-01 1.621e-05 0.000e+00
4.686e-01 1.884e-04 1.050e-01 1.231e-05 0.000e+00
5.000e-01 1.655e-04 1.022e-01 1.033e-05 0.000e+00
5.173e-01 1.547e-04 1.008e-01 9.447e-06 0.000e+00
5.710e-01 1.270e-04 9.663e-02 7.313e-06 0.000e+00
6.000e-01 1.150e-04 9.458e-02 6.433e-06 0.000e+00
6.304e-01 1.042e-04 9.257e-02 5.655e-06 0.000e+00
6.959e-01 8.556e-05 8.860e-02 4.398e-06 0.000e+00
7.682e-01 7.021e-05 8.469e-02 3.513e-06 0.000e+00
8.000e-01 6.473e-05 8.311e-02 3.245e-06 0.000e+00
8.480e-01 5.760e-05 8.085e-02 2.934e-06 0.000e+00
9.361e-01 4.726e-05 7.711e-02 2.428e-06 0.000e+00
1.000e+00 4.144e-05 7.472e-02 2.017e-06 0.000e+00
1.022e+00 3.969e-05 7.396e-02 1.872e-06 0.000e+00
1.033e+00 3.885e-05 7.358e-02 1.809e-06 2.865e-09
1.141e+00 3.185e-05 7.005e-02 1.450e-06 2.721e-06
1.250e+00 2.653e-05 6.683e-02 1.271e-06 1.473e-05
1.259e+00 2.615e-05 6.658e-02 1.257e-06 1.621e-05
1.390e+00 2.145e-05 6.322e-02 1.061e-06 4.594e-05
1.500e+00 1.843e-05 6.073e-02 9.227e-07 8.163e-05
1.535e+00 1.760e-05 5.999e-02 8.856e-07 9.477e-05
1.694e+00 1.445e-05 5.689e-02 7.507e-07 1.634e-04
1.870e+00 1.186e-05 5.386e-02 6.433e-07 2.528e-04
2.000e+00 1.037e-05 5.183e-02 5.810e-07 3.251e-04
2.044e+00 9.923e-06 5.118e-02 5.623e-07 3.505e-04
2.065e+00 9.721e-06 5.088e-02 5.537e-07 3.627e-04
2.279e+00 7.977e-06 4.804e-02 4.786e-07 4.906e-04
2.516e+00 6.545e-06 4.532e-02 4.151e-07 6.376e-04
2.778e+00 5.370e-06 4.272e-02 3.614e-07 8.032e-04
3.000e+00 4.605e-06 4.078e-02 3.254e-07 9.444e-04
3.066e+00 4.410e-06 4.024e-02 3.160e-07 9.865e-04
3.385e+00 3.619e-06 3.784e-02 2.771e-07 1.189e-03
3.737e+00 2.969e-06 3.554e-02 2.438e-07 1.408e-03
4.000e+00 2.592e-06 3.402e-02 2.236e-07 1.568e-03
4.125e+00 2.437e-06 3.335e-02 2.151e-07 1.643e-03
4.554e+00 1.999e-06 3.125e-02 1.902e-07 1.892e-03
5.000e+00 1.659e-06 2.938e-02 1.697e-07 2.142e-03
5.027e+00 1.641e-06 2.927e-02 1.686e-07 2.157e-03
5.549e+00 1.347e-06 2.739e-02 1.498e-07 2.437e-03
6.000e+00 1.152e-06 2.596e-02 1.365e-07 2.668e-03
6.126e+00 1.105e-06 2.560e-02 1.333e-07 2.731e-03
6.762e+00 9.069e-07 2.391e-02 1.188e-07 3.035e-03
7.000e+00 8.463e-07 2.334e-02 1.141e-07 3.143e-03
7.465e+00 7.442e-07 2.231e-02 1.060e-07 3.350e-03
8.000e+00 6.481e-07 2.124e-02 9.796e-08 3.578e-03
8.241e+00 6.107e-07 2.080e-02 9.473e-08 3.676e-03
9.000e+00 5.121e-07 1.952e-02 8.580e-08 3.974e-03
9.097e+00 5.012e-07 1.937e-02 8.477e-08 4.010e-03
1.000e+01 4.147e-07 1.809e-02 7.628e-08 4.336e-03
1.004e+01 4.114e-07 1.804e-02 7.595e-08 4.350e-03
1.100e+01 3.427e-07 1.687e-02 6.868e-08 4.670e-03
1.109e+01 3.372e-07 1.677e-02 6.807e-08 4.698e-03
1.200e+01 2.880e-07 1.582e-02 6.245e-08 4.974e-03
1.224e+01 2.768e-07 1.559e-02 6.112e-08 5.045e-03
1.300e+01 2.454e-07 1.491e-02 5.726e-08 5.261e-03
1.351e+01 2.272e-07 1.449e-02 5.492e-08 5.399e-03
1.400e+01 2.116e-07 1.410e-02 5.284e-08 5.528e-03
1.491e+01 1.865e-07 1.345e-02 4.937e-08 5.758e-03
1.500e+01 1.843e-07 1.339e-02 4.905e-08 5.780e-03
1.600e+01 1.620e-07 1.275e-02 4.580e-08 6.017e-03
1.646e+01 1.531e-07 1.248e-02 4.443e-08 6.120e-03
1.800e+01 1.280e-07 1.165e-02 4.039e-08 6.449e-03
1.818e+01 1.255e-07 1.157e-02 3.996e-08 6.485e-03
2.000e+01 1.037e-07 1.075e-02 3.614e-08 6.837e-03
