# ANILINE from NIST Database
1.024e+00 0.000e+00 0.000e+00 0.000e+00 0.000e+00
1.000e+00 7.516e-02 3.500e+00 0.000e+00 0.000e+00
6.000e+00 6.443e-02 3.500e+00 0.000e+00 0.000e+00
7.000e+00 1.074e-02 3.500e+00 0.000e+00 0.000e+00
0.000e+00 0.000e+00 0.000e+00 0.000e+00 0.000e+00
1.000e-03 1.055e+00 1.524e-02 2.208e+03 0.000e+00
1.020e-03 1.051e+00 1.578e-02 2.089e+03 0.000e+00
1.126e-03 1.026e+00 1.872e-02 1.584e+03 0.000e+00
1.243e-03 9.998e-01 2.217e-02 1.200e+03 0.000e+00
1.372e-03 9.709e-01 2.616e-02 9.079e+02 0.000e+00
1.500e-03 9.412e-01 3.023e-02 7.040e+02 0.000e+00
1.515e-03 9.376e-01 3.072e-02 6.842e+02 0.000e+00
1.672e-03 8.997e-01 3.579e-02 5.149e+02 0.000e+00
1.846e-03 8.571e-01 4.142e-02 3.859e+02 0.000e+00
2.000e-03 8.197e-01 4.638e-02 3.051e+02 0.000e+00
2.038e-03 8.106e-01 4.759e-02 2.886e+02 0.000e+00
2.250e-03 7.609e-01 5.427e-02 2.155e+02 0.000e+00
2.483e-03 7.092e-01 6.136e-02 1.608e+02 0.000e+00
2.741e-03 6.560e-01 6.883e-02 1.196e+02 0.000e+00
3.000e-03 6.070e-01 7.589e-02 9.116e+01 0.000e+00
3.026e-03 6.023e-01 7.657e-02 8.882e+01 0.000e+00
3.341e-03 5.489e-01 8.444e-02 6.581e+01 0.000e+00
3.688e-03 4.972e-01 9.228e-02 4.871e+01 0.000e+00
4.000e-03 4.565e-01 9.860e-02 3.799e+01 0.000e+00
4.071e-03 4.480e-01 9.995e-02 3.599e+01 0.000e+00
4.494e-03 4.018e-01 1.073e-01 2.655e+01 0.000e+00
4.961e-03 3.593e-01 1.143e-01 1.955e+01 0.000e+00
5.000e-03 3.560e-01 1.148e-01 1.908e+01 0.000e+00
5.477e-03 3.204e-01 1.209e-01 1.437e+01 0.000e+00
6.000e-03 2.880e-01 1.265e-01 1.081e+01 0.000e+00
6.046e-03 2.855e-01 1.269e-01 1.055e+01 0.000e+00
6.675e-03 2.541e-01 1.326e-01 7.731e+00 0.000e+00
7.368e-03 2.263e-01 1.377e-01 5.660e+00 0.000e+00
8.000e-03 2.054e-01 1.418e-01 4.360e+00 0.000e+00
8.134e-03 2.014e-01 1.426e-01 4.136e+00 0.000e+00
8.979e-03 1.793e-01 1.471e-01 3.019e+00 0.000e+00
9.912e-03 1.595e-01 1.514e-01 2.201e+00 0.000e+00
1.000e-02 1.578e-01 1.518e-01 2.139e+00 0.000e+00
1.094e-02 1.416e-01 1.554e-01 1.603e+00 0.000e+00
1.208e-02 1.254e-01 1.593e-01 1.165e+00 0.000e+00
1.334e-02 1.106e-01 1.628e-01 8.454e-01 0.000e+00
1.472e-02 9.719e-02 1.662e-01 6.143e-01 0.000e+00
1.500e-02 9.475e-02 1.668e-01 5.778e-01 0.000e+00
1.625e-02 8.489e-02 1.692e-01 4.452e-01 0.000e+00
1.794e-02 7.372e-02 1.719e-01 3.222e-01 0.000e+00
1.980e-02 6.369e-02 1.743e-01 2.333e-01 0.000e+00
2.000e-02 6.273e-02 1.745e-01 2.257e-01 0.000e+00
2.186e-02 5.470e-02 1.762e-01 1.686e-01 0.000e+00
2.413e-02 4.676e-02 1.777e-01 1.218e-01 0.000e+00
2.664e-02 3.979e-02 1.787e-01 8.787e-02 0.000e+00
2.941e-02 3.374e-02 1.794e-01 6.337e-02 0.000e+00
3.000e-02 3.263e-02 1.794e-01 5.934e-02 0.000e+00
3.247e-02 2.852e-02 1.795e-01 4.566e-02 0.000e+00
3.584e-02 2.405e-02 1.793e-01 3.291e-02 0.000e+00
3.957e-02 2.022e-02 1.787e-01 2.368e-02 0.000e+00
4.000e-02 1.984e-02 1.786e-01 2.285e-02 0.000e+00
4.368e-02 1.697e-02 1.777e-01 1.705e-02 0.000e+00
4.822e-02 1.421e-02 1.764e-01 1.227e-02 0.000e+00
5.000e-02 1.330e-02 1.758e-01 1.087e-02 0.000e+00
5.323e-02 1.187e-02 1.747e-01 8.826e-03 0.000e+00
5.876e-02 9.898e-03 1.727e-01 6.348e-03 0.000e+00
6.000e-02 9.523e-03 1.723e-01 5.921e-03 0.000e+00
6.486e-02 8.240e-03 1.705e-01 4.566e-03 0.000e+00
7.161e-02 6.844e-03 1.679e-01 3.282e-03 0.000e+00
7.905e-02 5.677e-03 1.652e-01 2.361e-03 0.000e+00
8.000e-02 5.549e-03 1.648e-01 2.268e-03 0.000e+00
8.726e-02 4.701e-03 1.622e-01 1.698e-03 0.000e+00
9.633e-02 3.887e-03 1.590e-01 1.222e-03 0.000e+00
1.000e-01 3.616e-03 1.577e-01 1.079e-03 0.000e+00
1.063e-01 3.213e-03 1.556e-01 8.812e-04 0.000e+00
1.174e-01 2.649e-03 1.521e-01 6.343e-04 0.000e+00
1.296e-01 2.184e-03 1.484e-01 4.578e-04 0.000e+00
1.431e-01 1.798e-03 1.446e-01 3.306e-04 0.000e+00
1.500e-01 1.639e-03 1.427e-01 2.834e-04 0.000e+00
1.579e-01 1.482e-03 1.407e-01 2.397e-04 0.000e+00
1.743e-01 1.219e-03 1.367e-01 1.738e-04 0.000e+00
1.925e-01 1.002e-03 1.326e-01 1.261e-04 0.000e+00
2.000e-01 9.287e-04 1.310e-01 1.115e-04 0.000e+00
2.125e-01 8.236e-04 1.285e-01 9.184e-05 0.000e+00
2.345e-01 6.774e-04 1.244e-01 6.717e-05 0.000e+00
2.589e-01 5.565e-04 1.203e-01 4.924e-05 0.000e+00
2.858e-01 4.572e-04 1.162e-01 3.627e-05 0.000e+00
3.000e-01 4.151e-04 1.141e-01 3.128e-05 0.000e+00
3.155e-01 3.755e-04 1.121e-01 2.685e-05 0.000e+00
3.483e-01 3.083e-04 1.080e-01 1.999e-05 0.000e+00
3.845e-01 2.531e-04 1.039e-01 1.496e-05 0.000e+00
4.000e-01 2.339e-04 1.023e-01 1.335e-05 0.000e+00
4.245e-01 2.078e-04 9.996e-02 1.127e-05 0.000e+00
4.686e-01 1.706e-04 9.604e-02 8.556e-06 0.000e+00
5.000e-01 1.499e-04 9.349e-02 7.182e-06 0.000e+00
5.173e-01 1.400e-04 9.217e-02 6.566e-06 0.000e+00
5.710e-01 1.150e-04 8.837e-02 5.082e-06 0.000e+00
6.000e-01 1.041e-04 8.649e-02 4.467e-06 0.000e+00
6.304e-01 9.434e-05 8.464e-02 3.923e-06 0.000e+00
6.959e-01 7.742e-05 8.100e-02 3.045e-06 0.000e+00
7.682e-01 6.353e-05 7.743e-02 2.434e-06 0.000e+00
8.000e-01 5.858e-05 7.599e-02 2.253e-06 0.000e+00
8.480e-01 5.214e-05 7.392e-02 2.045e-06 0.000e+00
9.361e-01 4.279e-05 7.051e-02 1.699e-06 0.000e+00
1.000e+00 3.750e-05 6.833e-02 1.401e-06 0.000e+00
1.022e+00 3.591e-05 6.763e-02 1.294e-06 0.000e+00
1.033e+00 3.515e-05 6.728e-02 1.248e-06 2.721e-09
1.141e+00 2.881e-05 6.405e-02 9.961e-07 2.589e-06
1.250e+00 2.401e-05 6.111e-02 8.784e-07 1.403e-05
1.259e+00 2.366e-05 6.088e-02 8.693e-07 1.544e-05
1.390e+00 1.941e-05 5.783e-02 7.344e-07 4.382e-05
1.500e+00 1.667e-05 5.555e-02 6.378e-07 7.791e-05
1.535e+00 1.592e-05 5.487e-02 6.121e-07 9.046e-05
1.694e+00 1.308e-05 5.201e-02 5.191e-07 1.561e-04
1.870e+00 1.073e-05 4.923e-02 4.453e-07 2.415e-04
2.000e+00 9.379e-06 4.739e-02 4.023e-07 3.106e-04
2.044e+00 8.978e-06 4.681e-02 3.893e-07 3.348e-04
2.065e+00 8.796e-06 4.654e-02 3.834e-07 3.465e-04
2.279e+00 7.220e-06 4.396e-02 3.314e-07 4.688e-04
2.516e+00 5.924e-06 4.147e-02 2.876e-07 6.093e-04
2.778e+00 4.861e-06 3.908e-02 2.505e-07 7.674e-04
3.000e+00 4.169e-06 3.729e-02 2.256e-07 9.024e-04
3.066e+00 3.991e-06 3.679e-02 2.192e-07 9.425e-04
3.385e+00 3.275e-06 3.459e-02 1.923e-07 1.135e-03
3.737e+00 2.687e-06 3.249e-02 1.692e-07 1.345e-03
4.000e+00 2.345e-06 3.110e-02 1.552e-07 1.497e-03
4.125e+00 2.205e-06 3.049e-02 1.494e-07 1.568e-03
4.554e+00 1.809e-06 2.858e-02 1.321e-07 1.806e-03
5.000e+00 1.501e-06 2.686e-02 1.179e-07 2.044e-03
5.027e+00 1.485e-06 2.677e-02 1.171e-07 2.058e-03
5.549e+00 1.219e-06 2.504e-02 1.041e-07 2.325e-03
6.000e+00 1.042e-06 2.374e-02 9.489e-08 2.545e-03
6.126e+00 9.999e-07 2.341e-02 9.261e-08 2.605e-03
6.762e+00 8.204e-07 2.186e-02 8.257e-08 2.894e-03
7.000e+00 7.656e-07 2.134e-02 7.934e-08 2.998e-03
7.465e+00 6.733e-07 2.040e-02 7.370e-08 3.195e-03
8.000e+00 5.864e-07 1.942e-02 6.812e-08 3.410e-03
8.241e+00 5.526e-07 1.902e-02 6.588e-08 3.505e-03
9.000e+00 4.632e-07 1.785e-02 5.969e-08 3.788e-03
9.097e+00 4.534e-07 1.772e-02 5.898e-08 3.823e-03
1.000e+01 3.752e-07 1.654e-02 5.310e-08 4.133e-03
1.004e+01 3.722e-07 1.649e-02 5.287e-08 4.146e-03
1.100e+01 3.101e-07 1.543e-02 4.779e-08 4.449e-03
1.109e+01 3.051e-07 1.534e-02 4.737e-08 4.476e-03
1.200e+01 2.606e-07 1.447e-02 4.346e-08 4.740e-03
1.224e+01 2.504e-07 1.426e-02 4.254e-08 4.808e-03
1.300e+01 2.220e-07 1.363e-02 3.985e-08 5.013e-03
1.351e+01 2.056e-07 1.324e-02 3.822e-08 5.144e-03
1.400e+01 1.914e-07 1.290e-02 3.678e-08 5.267e-03
1.491e+01 1.688e-07 1.230e-02 3.437e-08 5.483e-03
1.500e+01 1.668e-07 1.224e-02 3.415e-08 5.504e-03
1.600e+01 1.466e-07 1.166e-02 3.188e-08 5.731e-03
1.646e+01 1.385e-07 1.141e-02 3.093e-08 5.830e-03
1.800e+01 1.158e-07 1.065e-02 2.812e-08 6.141e-03
1.818e+01 1.135e-07 1.057e-02 2.783e-08 6.176e-03
2.000e+01 9.379e-08 9.824e-03 2.516e-08 6.513e-03
