# ANTHRACENE from NIST Database
1.283e+00 0.000e+00 0.000e+00 0.000e+00 0.000e+00
1.000e+00 5.610e-02 3.500e+00 0.000e+00 0.000e+00
6.000e+00 7.856e-02 3.500e+00 0.000e+00 0.000e+00
0.000e+00 0.000e+00 0.000e+00 0.000e+00 0.000e+00
1.000e-03 1.038e+00 1.476e-02 2.085e+03 0.000e+00
1.020e-03 1.033e+00 1.528e-02 1.972e+03 0.000e+00
1.126e-03 1.007e+00 1.812e-02 1.493e+03 0.000e+00
1.243e-03 9.808e-01 2.146e-02 1.129e+03 0.000e+00
1.372e-03 9.514e-01 2.530e-02 8.524e+02 0.000e+00
1.500e-03 9.213e-01 2.923e-02 6.600e+02 0.000e+00
1.515e-03 9.177e-01 2.970e-02 6.413e+02 0.000e+00
1.672e-03 8.793e-01 3.459e-02 4.818e+02 0.000e+00
1.846e-03 8.363e-01 4.002e-02 3.605e+02 0.000e+00
2.000e-03 7.988e-01 4.481e-02 2.847e+02 0.000e+00
2.038e-03 7.896e-01 4.598e-02 2.692e+02 0.000e+00
2.250e-03 7.399e-01 5.242e-02 2.007e+02 0.000e+00
2.483e-03 6.885e-01 5.928e-02 1.495e+02 0.000e+00
2.741e-03 6.357e-01 6.652e-02 1.111e+02 0.000e+00
3.000e-03 5.874e-01 7.337e-02 8.459e+01 0.000e+00
3.026e-03 5.828e-01 7.403e-02 8.240e+01 0.000e+00
3.341e-03 5.305e-01 8.168e-02 6.099e+01 0.000e+00
3.688e-03 4.800e-01 8.933e-02 4.509e+01 0.000e+00
4.000e-03 4.406e-01 9.550e-02 3.514e+01 0.000e+00
4.071e-03 4.323e-01 9.682e-02 3.328e+01 0.000e+00
4.494e-03 3.877e-01 1.040e-01 2.452e+01 0.000e+00
4.961e-03 3.468e-01 1.109e-01 1.804e+01 0.000e+00
5.000e-03 3.437e-01 1.114e-01 1.760e+01 0.000e+00
5.477e-03 3.096e-01 1.173e-01 1.324e+01 0.000e+00
6.000e-03 2.786e-01 1.228e-01 9.949e+00 0.000e+00
6.046e-03 2.762e-01 1.232e-01 9.713e+00 0.000e+00
6.675e-03 2.463e-01 1.287e-01 7.109e+00 0.000e+00
7.368e-03 2.198e-01 1.338e-01 5.199e+00 0.000e+00
8.000e-03 1.998e-01 1.378e-01 4.002e+00 0.000e+00
8.134e-03 1.961e-01 1.386e-01 3.795e+00 0.000e+00
8.979e-03 1.749e-01 1.432e-01 2.767e+00 0.000e+00
9.912e-03 1.559e-01 1.475e-01 2.015e+00 0.000e+00
1.000e-02 1.543e-01 1.478e-01 1.959e+00 0.000e+00
1.094e-02 1.387e-01 1.515e-01 1.467e+00 0.000e+00
1.208e-02 1.229e-01 1.554e-01 1.065e+00 0.000e+00
1.334e-02 1.085e-01 1.591e-01 7.719e-01 0.000e+00
1.472e-02 9.538e-02 1.625e-01 5.604e-01 0.000e+00
1.500e-02 9.299e-02 1.631e-01 5.270e-01 0.000e+00
1.625e-02 8.330e-02 1.656e-01 4.058e-01 0.000e+00
1.794e-02 7.231e-02 1.684e-01 2.935e-01 0.000e+00
1.980e-02 6.244e-02 1.708e-01 2.123e-01 0.000e+00
2.000e-02 6.149e-02 1.710e-01 2.054e-01 0.000e+00
2.186e-02 5.359e-02 1.728e-01 1.533e-01 0.000e+00
2.413e-02 4.579e-02 1.743e-01 1.106e-01 0.000e+00
2.664e-02 3.894e-02 1.754e-01 7.978e-02 0.000e+00
2.941e-02 3.301e-02 1.760e-01 5.750e-02 0.000e+00
3.000e-02 3.192e-02 1.761e-01 5.383e-02 0.000e+00
3.247e-02 2.789e-02 1.762e-01 4.140e-02 0.000e+00
3.584e-02 2.351e-02 1.760e-01 2.982e-02 0.000e+00
3.957e-02 1.977e-02 1.755e-01 2.145e-02 0.000e+00
4.000e-02 1.939e-02 1.754e-01 2.069e-02 0.000e+00
4.368e-02 1.658e-02 1.745e-01 1.543e-02 0.000e+00
4.822e-02 1.388e-02 1.732e-01 1.110e-02 0.000e+00
5.000e-02 1.299e-02 1.726e-01 9.835e-03 0.000e+00
5.323e-02 1.159e-02 1.716e-01 7.980e-03 0.000e+00
5.876e-02 9.662e-03 1.696e-01 5.737e-03 0.000e+00
6.000e-02 9.296e-03 1.692e-01 5.350e-03 0.000e+00
6.486e-02 8.041e-03 1.674e-01 4.125e-03 0.000e+00
7.161e-02 6.677e-03 1.650e-01 2.963e-03 0.000e+00
7.905e-02 5.537e-03 1.623e-01 2.130e-03 0.000e+00
8.000e-02 5.412e-03 1.619e-01 2.047e-03 0.000e+00
8.726e-02 4.584e-03 1.593e-01 1.532e-03 0.000e+00
9.633e-02 3.789e-03 1.562e-01 1.102e-03 0.000e+00
1.000e-01 3.525e-03 1.549e-01 9.731e-04 0.000e+00
1.063e-01 3.131e-03 1.529e-01 7.944e-04 0.000e+00
1.174e-01 2.581e-03 1.494e-01 5.717e-04 0.000e+00
1.296e-01 2.127e-03 1.458e-01 4.126e-04 0.000e+00
1.431e-01 1.751e-03 1.420e-01 2.979e-04 0.000e+00
1.500e-01 1.596e-03 1.402e-01 2.553e-04 0.000e+00
1.579e-01 1.443e-03 1.382e-01 2.159e-04 0.000e+00
1.743e-01 1.187e-03 1.343e-01 1.565e-04 0.000e+00
1.925e-01 9.752e-04 1.303e-01 1.135e-04 0.000e+00
2.000e-01 9.041e-04 1.287e-01 1.003e-04 0.000e+00
2.125e-01 8.017e-04 1.263e-01 8.262e-05 0.000e+00
2.345e-01 6.593e-04 1.222e-01 6.042e-05 0.000e+00
2.589e-01 5.416e-04 1.182e-01 4.428e-05 0.000e+00
2.858e-01 4.449e-04 1.141e-01 3.261e-05 0.000e+00
3.000e-01 4.040e-04 1.121e-01 2.812e-05 0.000e+00
3.155e-01 3.654e-04 1.101e-01 2.414e-05 0.000e+00
3.483e-01 3.000e-04 1.061e-01 1.796e-05 0.000e+00
3.845e-01 2.463e-04 1.021e-01 1.345e-05 0.000e+00
4.000e-01 2.277e-04 1.005e-01 1.200e-05 0.000e+00
4.245e-01 2.022e-04 9.819e-02 1.012e-05 0.000e+00
4.686e-01 1.660e-04 9.434e-02 7.687e-06 0.000e+00
5.000e-01 1.458e-04 9.185e-02 6.452e-06 0.000e+00
5.173e-01 1.363e-04 9.054e-02 5.899e-06 0.000e+00
5.710e-01 1.119e-04 8.681e-02 4.565e-06 0.000e+00
6.000e-01 1.013e-04 8.496e-02 4.012e-06 0.000e+00
6.304e-01 9.180e-05 8.314e-02 3.522e-06 0.000e+00
6.959e-01 7.534e-05 7.957e-02 2.732e-06 0.000e+00
7.682e-01 6.182e-05 7.606e-02 2.185e-06 0.000e+00
8.000e-01 5.701e-05 7.464e-02 2.023e-06 0.000e+00
8.480e-01 5.074e-05 7.262e-02 1.840e-06 0.000e+00
9.361e-01 4.164e-05 6.927e-02 1.530e-06 0.000e+00
1.000e+00 3.649e-05 6.712e-02 1.258e-06 0.000e+00
1.022e+00 3.494e-05 6.643e-02 1.160e-06 0.000e+00
1.033e+00 3.420e-05 6.609e-02 1.118e-06 2.682e-09
1.141e+00 2.804e-05 6.291e-02 8.913e-07 2.553e-06
1.250e+00 2.336e-05 6.003e-02 7.876e-07 1.384e-05
1.259e+00 2.303e-05 5.981e-02 7.795e-07 1.523e-05
1.390e+00 1.889e-05 5.681e-02 6.588e-07 4.324e-05
1.500e+00 1.622e-05 5.457e-02 5.719e-07 7.688e-05
1.535e+00 1.549e-05 5.391e-02 5.488e-07 8.927e-05
1.694e+00 1.272e-05 5.109e-02 4.655e-07 1.540e-04
1.870e+00 1.044e-05 4.836e-02 3.995e-07 2.384e-04
2.000e+00 9.126e-06 4.656e-02 3.610e-07 3.066e-04
2.044e+00 8.736e-06 4.598e-02 3.493e-07 3.305e-04
2.065e+00 8.559e-06 4.572e-02 3.440e-07 3.420e-04
2.279e+00 7.026e-06 4.319e-02 2.973e-07 4.628e-04
2.516e+00 5.766e-06 4.075e-02 2.580e-07 6.014e-04
2.778e+00 4.730e-06 3.839e-02 2.248e-07 7.576e-04
3.000e+00 4.057e-06 3.663e-02 2.026e-07 8.908e-04
3.066e+00 3.884e-06 3.614e-02 1.967e-07 9.304e-04
3.385e+00 3.186e-06 3.398e-02 1.726e-07 1.121e-03
3.737e+00 2.614e-06 3.192e-02 1.520e-07 1.327e-03
4.000e+00 2.282e-06 3.055e-02 1.394e-07 1.478e-03
4.125e+00 2.146e-06 2.995e-02 1.341e-07 1.548e-03
4.554e+00 1.760e-06 2.808e-02 1.187e-07 1.783e-03
5.000e+00 1.460e-06 2.639e-02 1.059e-07 2.017e-03
5.027e+00 1.445e-06 2.629e-02 1.052e-07 2.032e-03
5.549e+00 1.186e-06 2.460e-02 9.349e-08 2.295e-03
6.000e+00 1.014e-06 2.332e-02 8.525e-08 2.512e-03
6.126e+00 9.729e-07 2.299e-02 8.320e-08 2.571e-03
6.762e+00 7.983e-07 2.147e-02 7.419e-08 2.857e-03
7.000e+00 7.449e-07 2.096e-02 7.129e-08 2.960e-03
7.465e+00 6.551e-07 2.004e-02 6.622e-08 3.153e-03
8.000e+00 5.706e-07 1.908e-02 6.121e-08 3.366e-03
8.241e+00 5.377e-07 1.868e-02 5.920e-08 3.459e-03
9.000e+00 4.507e-07 1.754e-02 5.365e-08 3.739e-03
9.097e+00 4.412e-07 1.740e-02 5.301e-08 3.773e-03
1.000e+01 3.651e-07 1.625e-02 4.773e-08 4.079e-03
1.004e+01 3.622e-07 1.620e-02 4.752e-08 4.092e-03
1.100e+01 3.018e-07 1.516e-02 4.296e-08 4.391e-03
1.109e+01 2.969e-07 1.506e-02 4.258e-08 4.419e-03
1.200e+01 2.535e-07 1.421e-02 3.907e-08 4.679e-03
1.224e+01 2.437e-07 1.400e-02 3.823e-08 4.745e-03
1.300e+01 2.161e-07 1.339e-02 3.582e-08 4.948e-03
1.351e+01 2.000e-07 1.301e-02 3.436e-08 5.078e-03
1.400e+01 1.863e-07 1.267e-02 3.306e-08 5.198e-03
1.491e+01 1.642e-07 1.208e-02 3.090e-08 5.411e-03
1.500e+01 1.623e-07 1.203e-02 3.070e-08 5.432e-03
1.600e+01 1.426e-07 1.145e-02 2.866e-08 5.656e-03
1.646e+01 1.348e-07 1.121e-02 2.781e-08 5.754e-03
1.800e+01 1.127e-07 1.047e-02 2.529e-08 6.062e-03
1.818e+01 1.105e-07 1.039e-02 2.502e-08 6.096e-03
2.000e+01 9.126e-08 9.650e-03 2.262e-08 6.428e-03
