# ARGON from NIST Database
1.662e-03 0.000e+00 0.000e+00 0.000e+00 0.000e+00
1.800e+01 1.000e+00 3.500e+00 0.000e+00 0.000e+00
0.000e+00 0.000e+00 0.000e+00 0.000e+00 0.000e+00
1.000e-03 3.042e+00 7.079e-03 3.181e+03 0.000e+00
1.020e-03 3.033e+00 7.331e-03 3.020e+03 0.000e+00
1.126e-03 2.987e+00 8.723e-03 2.332e+03 0.000e+00
1.243e-03 2.937e+00 1.036e-02 1.801e+03 0.000e+00
1.372e-03 2.881e+00 1.225e-02 1.391e+03 0.000e+00
1.500e-03 2.822e+00 1.420e-02 1.102e+03 0.000e+00
1.515e-03 2.815e+00 1.443e-02 1.073e+03 0.000e+00
1.672e-03 2.738e+00 1.687e-02 8.235e+02 0.000e+00
1.846e-03 2.649e+00 1.961e-02 6.315e+02 0.000e+00
2.000e-03 2.570e+00 2.204e-02 5.094e+02 0.000e+00
2.038e-03 2.551e+00 2.264e-02 4.838e+02 0.000e+00
2.250e-03 2.444e+00 2.596e-02 3.692e+02 0.000e+00
2.483e-03 2.328e+00 2.955e-02 2.821e+02 0.000e+00
2.741e-03 2.204e+00 3.342e-02 2.153e+02 0.000e+00
3.000e-03 2.083e+00 3.717e-02 1.682e+02 0.000e+00
3.026e-03 2.071e+00 3.754e-02 1.643e+02 0.000e+00
3.203e-03 1.993e+00 4.001e-02 1.404e+02 0.000e+00
3.203e-03 1.993e+00 4.001e-02 1.273e+03 0.000e+00
3.341e-03 1.935e+00 4.188e-02 1.156e+03 0.000e+00
3.688e-03 1.802e+00 4.640e-02 9.194e+02 0.000e+00
4.000e-03 1.694e+00 5.023e-02 7.554e+02 0.000e+00
4.071e-03 1.671e+00 5.107e-02 7.229e+02 0.000e+00
4.494e-03 1.542e+00 5.583e-02 5.598e+02 0.000e+00
4.961e-03 1.418e+00 6.061e-02 4.300e+02 0.000e+00
5.000e-03 1.409e+00 6.099e-02 4.210e+02 0.000e+00
5.477e-03 1.302e+00 6.538e-02 3.299e+02 0.000e+00
6.000e-03 1.201e+00 6.971e-02 2.581e+02 0.000e+00
6.046e-03 1.193e+00 7.007e-02 2.528e+02 0.000e+00
6.675e-03 1.092e+00 7.468e-02 1.931e+02 0.000e+00
7.368e-03 9.983e-01 7.921e-02 1.471e+02 0.000e+00
8.000e-03 9.245e-01 8.293e-02 1.170e+02 0.000e+00
8.134e-03 9.101e-01 8.367e-02 1.117e+02 0.000e+00
8.979e-03 8.271e-01 8.809e-02 8.459e+01 0.000e+00
9.912e-03 7.480e-01 9.248e-02 6.391e+01 0.000e+00
1.000e-02 7.411e-01 9.288e-02 6.232e+01 0.000e+00
1.094e-02 6.722e-01 9.687e-02 4.820e+01 0.000e+00
1.208e-02 5.996e-01 1.012e-01 3.622e+01 0.000e+00
1.334e-02 5.309e-01 1.056e-01 2.715e+01 0.000e+00
1.472e-02 4.672e-01 1.097e-01 2.036e+01 0.000e+00
1.500e-02 4.556e-01 1.105e-01 1.927e+01 0.000e+00
1.625e-02 4.080e-01 1.137e-01 1.522e+01 0.000e+00
1.794e-02 3.542e-01 1.175e-01 1.135e+01 0.000e+00
1.980e-02 3.062e-01 1.210e-01 8.457e+00 0.000e+00
2.000e-02 3.016e-01 1.213e-01 8.207e+00 0.000e+00
2.186e-02 2.638e-01 1.241e-01 6.284e+00 0.000e+00
2.413e-02 2.268e-01 1.269e-01 4.663e+00 0.000e+00
2.664e-02 1.946e-01 1.292e-01 3.453e+00 0.000e+00
2.941e-02 1.667e-01 1.312e-01 2.553e+00 0.000e+00
3.000e-02 1.616e-01 1.316e-01 2.403e+00 0.000e+00
3.247e-02 1.426e-01 1.328e-01 1.886e+00 0.000e+00
3.584e-02 1.219e-01 1.341e-01 1.391e+00 0.000e+00
3.957e-02 1.040e-01 1.350e-01 1.025e+00 0.000e+00
4.000e-02 1.021e-01 1.351e-01 9.909e-01 0.000e+00
4.368e-02 8.849e-02 1.356e-01 7.539e-01 0.000e+00
4.822e-02 7.513e-02 1.359e-01 5.539e-01 0.000e+00
5.000e-02 7.070e-02 1.359e-01 4.946e-01 0.000e+00
5.323e-02 6.360e-02 1.358e-01 4.066e-01 0.000e+00
5.876e-02 5.369e-02 1.354e-01 2.983e-01 0.000e+00
6.000e-02 5.178e-02 1.353e-01 2.793e-01 0.000e+00
6.486e-02 4.519e-02 1.347e-01 2.186e-01 0.000e+00
7.161e-02 3.792e-02 1.337e-01 1.600e-01 0.000e+00
7.905e-02 3.175e-02 1.323e-01 1.171e-01 0.000e+00
8.000e-02 3.107e-02 1.322e-01 1.127e-01 0.000e+00
8.726e-02 2.652e-02 1.307e-01 8.566e-02 0.000e+00
9.633e-02 2.212e-02 1.288e-01 6.264e-02 0.000e+00
1.000e-01 2.064e-02 1.280e-01 5.564e-02 0.000e+00
1.063e-01 1.842e-02 1.267e-01 4.585e-02 0.000e+00
1.174e-01 1.530e-02 1.243e-01 3.347e-02 0.000e+00
1.296e-01 1.271e-02 1.217e-01 2.448e-02 0.000e+00
1.431e-01 1.053e-02 1.189e-01 1.791e-02 0.000e+00
1.500e-01 9.633e-03 1.176e-01 1.544e-02 0.000e+00
1.579e-01 8.735e-03 1.161e-01 1.314e-02 0.000e+00
1.743e-01 7.231e-03 1.130e-01 9.637e-03 0.000e+00
1.925e-01 5.974e-03 1.099e-01 7.071e-03 0.000e+00
2.000e-01 5.549e-03 1.087e-01 6.280e-03 0.000e+00
2.125e-01 4.935e-03 1.067e-01 5.207e-03 0.000e+00
2.345e-01 4.077e-03 1.035e-01 3.847e-03 0.000e+00
2.589e-01 3.362e-03 1.001e-01 2.847e-03 0.000e+00
2.858e-01 2.770e-03 9.682e-02 2.116e-03 0.000e+00
3.000e-01 2.519e-03 9.518e-02 1.832e-03 0.000e+00
3.155e-01 2.282e-03 9.349e-02 1.579e-03 0.000e+00
3.483e-01 1.878e-03 9.016e-02 1.183e-03 0.000e+00
3.845e-01 1.544e-03 8.685e-02 8.919e-04 0.000e+00
4.000e-01 1.428e-03 8.554e-02 7.979e-04 0.000e+00
4.245e-01 1.270e-03 8.357e-02 6.761e-04 0.000e+00
4.686e-01 1.044e-03 8.033e-02 5.163e-04 0.000e+00
5.000e-01 9.179e-04 7.822e-02 4.345e-04 0.000e+00
5.173e-01 8.580e-04 7.713e-02 3.975e-04 0.000e+00
5.710e-01 7.050e-04 7.399e-02 3.084e-04 0.000e+00
6.000e-01 6.389e-04 7.244e-02 2.721e-04 0.000e+00
6.304e-01 5.790e-04 7.090e-02 2.404e-04 0.000e+00
6.959e-01 4.755e-04 6.786e-02 1.888e-04 0.000e+00
7.682e-01 3.905e-04 6.489e-02 1.505e-04 0.000e+00
8.000e-01 3.601e-04 6.369e-02 1.381e-04 0.000e+00
8.480e-01 3.206e-04 6.199e-02 1.227e-04 0.000e+00
9.361e-01 2.633e-04 5.915e-02 1.002e-04 0.000e+00
1.000e+00 2.308e-04 5.730e-02 8.587e-05 0.000e+00
1.022e+00 2.210e-04 5.670e-02 8.124e-05 0.000e+00
1.033e+00 2.163e-04 5.640e-02 7.913e-05 8.816e-09
1.141e+00 1.774e-04 5.369e-02 6.444e-05 8.094e-06
1.250e+00 1.478e-04 5.125e-02 5.504e-05 4.260e-05
1.259e+00 1.457e-04 5.107e-02 5.436e-05 4.679e-05
1.390e+00 1.195e-04 4.850e-02 4.559e-05 1.296e-04
1.500e+00 1.027e-04 4.658e-02 3.978e-05 2.272e-04
1.535e+00 9.806e-05 4.601e-02 3.820e-05 2.629e-04
1.694e+00 8.055e-05 4.363e-02 3.230e-05 4.488e-04
1.870e+00 6.612e-05 4.132e-02 2.749e-05 6.905e-04
2.000e+00 5.778e-05 3.977e-02 2.471e-05 8.864e-04
2.044e+00 5.531e-05 3.927e-02 2.388e-05 9.551e-04
2.065e+00 5.419e-05 3.904e-02 2.350e-05 9.882e-04
2.279e+00 4.447e-05 3.686e-02 2.020e-05 1.332e-03
2.516e+00 3.650e-05 3.478e-02 1.743e-05 1.720e-03
2.778e+00 2.995e-05 3.279e-02 1.511e-05 2.150e-03
3.000e+00 2.569e-05 3.130e-02 1.355e-05 2.510e-03
3.066e+00 2.459e-05 3.088e-02 1.315e-05 2.617e-03
3.385e+00 2.018e-05 2.903e-02 1.148e-05 3.127e-03
3.737e+00 1.656e-05 2.726e-02 1.006e-05 3.674e-03
4.000e+00 1.445e-05 2.609e-02 9.197e-06 4.070e-03
4.125e+00 1.359e-05 2.558e-02 8.837e-06 4.254e-03
4.554e+00 1.115e-05 2.398e-02 7.783e-06 4.863e-03
5.000e+00 9.248e-06 2.254e-02 6.919e-06 5.468e-03
5.027e+00 9.149e-06 2.246e-02 6.873e-06 5.503e-03
5.549e+00 7.509e-06 2.102e-02 6.083e-06 6.175e-03
6.000e+00 6.422e-06 1.993e-02 5.531e-06 6.726e-03
6.126e+00 6.160e-06 1.965e-02 5.394e-06 6.875e-03
6.762e+00 5.056e-06 1.835e-02 4.793e-06 7.594e-03
7.000e+00 4.718e-06 1.791e-02 4.601e-06 7.851e-03
7.465e+00 4.149e-06 1.712e-02 4.265e-06 8.336e-03
8.000e+00 3.613e-06 1.630e-02 3.935e-06 8.867e-03
8.241e+00 3.405e-06 1.596e-02 3.802e-06 9.097e-03
9.000e+00 2.855e-06 1.498e-02 3.436e-06 9.789e-03
9.097e+00 2.795e-06 1.487e-02 3.394e-06 9.873e-03
1.000e+01 2.312e-06 1.388e-02 3.048e-06 1.063e-02
1.004e+01 2.294e-06 1.384e-02 3.034e-06 1.066e-02
1.100e+01 1.912e-06 1.295e-02 2.739e-06 1.139e-02
1.109e+01 1.881e-06 1.287e-02 2.714e-06 1.145e-02
1.200e+01 1.605e-06 1.214e-02 2.486e-06 1.208e-02
1.224e+01 1.543e-06 1.196e-02 2.432e-06 1.224e-02
1.300e+01 1.368e-06 1.144e-02 2.275e-06 1.274e-02
1.351e+01 1.267e-06 1.111e-02 2.180e-06 1.305e-02
1.400e+01 1.180e-06 1.082e-02 2.097e-06 1.334e-02
1.491e+01 1.040e-06 1.032e-02 1.957e-06 1.386e-02
1.500e+01 1.028e-06 1.027e-02 1.945e-06 1.391e-02
1.600e+01 9.031e-07 9.784e-03 1.814e-06 1.444e-02
1.646e+01 8.534e-07 9.575e-03 1.759e-06 1.467e-02
1.800e+01 7.136e-07 8.942e-03 1.596e-06 1.541e-02
1.818e+01 6.996e-07 8.874e-03 1.579e-06 1.550e-02
2.000e+01 5.780e-07 8.246e-03 1.427e-06 1.629e-02
