# ARSENIC from NIST Database
5.730e+00 0.000e+00 0.000e+00 0.000e+00 0.000e+00
3.300e+01 1.000e+00 3.500e+00 0.000e+00 0.000e+00
0.000e+00 0.000e+00 0.000e+00 0.000e+00 0.000e+00
1.000E-03 5.509E+00 5.811E-03 2.116E+03 0.000E+00
1.020E-03 5.497E+00 6.000E-03 2.018E+03 0.000E+00
1.126E-03 5.435E+00 7.040E-03 1.595E+03 0.000E+00
1.243E-03 5.365E+00 8.235E-03 1.261E+03 0.000E+00
1.323E-03 5.315E+00 9.067E-03 1.087E+03 0.000E+00
1.323E-03 5.315E+00 9.067E-03 4.527E+03 0.000E+00
1.341E-03 5.303E+00 9.250E-03 4.484E+03 0.000E+00
1.359E-03 5.291E+00 9.437E-03 4.441E+03 0.000E+00
1.359E-03 5.291E+00 9.437E-03 6.077E+03 0.000E+00
1.372E-03 5.282E+00 9.576E-03 5.987E+03 0.000E+00
1.500E-03 5.195E+00 1.090E-02 5.221E+03 0.000E+00
1.515E-03 5.185E+00 1.105E-02 5.090E+03 0.000E+00
1.526E-03 5.177E+00 1.117E-02 4.992E+03 0.000E+00
1.526E-03 5.177E+00 1.117E-02 5.648E+03 0.000E+00
1.672E-03 5.079E+00 1.268E-02 4.526E+03 0.000E+00
1.846E-03 4.959E+00 1.447E-02 3.557E+03 0.000E+00
2.000E-03 4.853E+00 1.604E-02 2.927E+03 0.000E+00
2.038E-03 4.827E+00 1.643E-02 2.790E+03 0.000E+00
2.250E-03 4.684E+00 1.854E-02 2.170E+03 0.000E+00
2.483E-03 4.531E+00 2.081E-02 1.689E+03 0.000E+00
2.741E-03 4.367E+00 2.324E-02 1.314E+03 0.000E+00
3.000E-03 4.209E+00 2.561E-02 1.045E+03 0.000E+00
3.026E-03 4.194E+00 2.584E-02 1.021E+03 0.000E+00
3.341E-03 4.013E+00 2.861E-02 7.861E+02 0.000E+00
3.688E-03 3.825E+00 3.152E-02 6.054E+02 0.000E+00
4.000E-03 3.665E+00 3.404E-02 4.884E+02 0.000E+00
4.071E-03 3.630E+00 3.460E-02 4.658E+02 0.000E+00
4.494E-03 3.429E+00 3.784E-02 3.568E+02 0.000E+00
4.961E-03 3.223E+00 4.124E-02 2.734E+02 0.000E+00
5.000E-03 3.206E+00 4.152E-02 2.677E+02 0.000E+00
5.477E-03 3.011E+00 4.482E-02 2.088E+02 0.000E+00
6.000E-03 2.812E+00 4.829E-02 1.628E+02 0.000E+00
6.046E-03 2.795E+00 4.859E-02 1.594E+02 0.000E+00
6.675E-03 2.576E+00 5.254E-02 1.212E+02 0.000E+00
7.368E-03 2.357E+00 5.667E-02 9.226E+01 0.000E+00
8.000E-03 2.176E+00 6.023E-02 7.349E+01 0.000E+00
8.134E-03 2.140E+00 6.096E-02 7.015E+01 0.000E+00
8.979E-03 1.928E+00 6.540E-02 5.321E+01 0.000E+00
9.912E-03 1.727E+00 6.995E-02 4.036E+01 0.000E+00
1.000E-02 1.710E+00 7.036E-02 3.937E+01 0.000E+00
1.094E-02 1.541E+00 7.454E-02 3.056E+01 0.000E+00
1.187E-02 1.397E+00 7.837E-02 2.430E+01 0.000E+00
1.187E-02 1.397E+00 7.837E-02 1.778E+02 0.000E+00
1.208E-02 1.367E+00 7.921E-02 1.699E+02 0.000E+00
1.334E-02 1.205E+00 8.391E-02 1.320E+02 0.000E+00
1.472E-02 1.060E+00 8.852E-02 1.023E+02 0.000E+00
1.500E-02 1.034E+00 8.938E-02 9.742E+01 0.000E+00
1.625E-02 9.307E-01 9.299E-02 7.880E+01 0.000E+00
1.794E-02 8.170E-01 9.725E-02 6.034E+01 0.000E+00
1.980E-02 7.165E-01 1.013E-01 4.609E+01 0.000E+00
2.000E-02 7.069E-01 1.017E-01 4.484E+01 0.000E+00
2.186E-02 6.267E-01 1.051E-01 3.511E+01 0.000E+00
2.413E-02 5.466E-01 1.086E-01 2.673E+01 0.000E+00
2.664E-02 4.748E-01 1.118E-01 2.030E+01 0.000E+00
2.941E-02 4.105E-01 1.147E-01 1.538E+01 0.000E+00
3.000E-02 3.984E-01 1.153E-01 1.454E+01 0.000E+00
3.247E-02 3.531E-01 1.173E-01 1.162E+01 0.000E+00
3.584E-02 3.023E-01 1.195E-01 8.762E+00 0.000E+00
3.957E-02 2.577E-01 1.214E-01 6.589E+00 0.000E+00
4.000E-02 2.532E-01 1.215E-01 6.386E+00 0.000E+00
4.368E-02 2.191E-01 1.228E-01 4.948E+00 0.000E+00
4.822E-02 1.858E-01 1.239E-01 3.709E+00 0.000E+00
5.000E-02 1.748E-01 1.242E-01 3.336E+00 0.000E+00
5.323E-02 1.573E-01 1.246E-01 2.776E+00 0.000E+00
5.876E-02 1.331E-01 1.249E-01 2.074E+00 0.000E+00
6.000E-02 1.284E-01 1.249E-01 1.950E+00 0.000E+00
6.486E-02 1.125E-01 1.248E-01 1.548E+00 0.000E+00
7.161E-02 9.494E-02 1.244E-01 1.153E+00 0.000E+00
7.905E-02 8.005E-02 1.237E-01 8.581E-01 0.000E+00
8.000E-02 7.841E-02 1.235E-01 8.279E-01 0.000E+00
8.726E-02 6.740E-02 1.226E-01 6.380E-01 0.000E+00
9.633E-02 5.664E-02 1.212E-01 4.739E-01 0.000E+00
1.000E-01 5.300E-02 1.206E-01 4.234E-01 0.000E+00
1.063E-01 4.753E-02 1.196E-01 3.522E-01 0.000E+00
1.174E-01 3.973E-02 1.178E-01 2.611E-01 0.000E+00
1.296E-01 3.318E-02 1.157E-01 1.938E-01 0.000E+00
1.431E-01 2.764E-02 1.134E-01 1.437E-01 0.000E+00
1.500E-01 2.533E-02 1.123E-01 1.247E-01 0.000E+00
1.579E-01 2.302E-02 1.110E-01 1.068E-01 0.000E+00
1.743E-01 1.912E-02 1.084E-01 7.933E-02 0.000E+00
1.925E-01 1.585E-02 1.057E-01 5.890E-02 0.000E+00
2.000E-01 1.474E-02 1.046E-01 5.254E-02 0.000E+00
2.125E-01 1.314E-02 1.028E-01 4.386E-02 0.000E+00
2.345E-01 1.088E-02 9.985E-02 3.277E-02 0.000E+00
2.589E-01 9.003E-03 9.681E-02 2.451E-02 0.000E+00
2.858E-01 7.443E-03 9.372E-02 1.840E-02 0.000E+00
3.000E-01 6.778E-03 9.219E-02 1.600E-02 0.000E+00
3.155E-01 6.148E-03 9.061E-02 1.386E-02 0.000E+00
3.483E-01 5.074E-03 8.748E-02 1.048E-02 0.000E+00
3.845E-01 4.185E-03 8.436E-02 7.969E-03 0.000E+00
4.000E-01 3.874E-03 8.311E-02 7.151E-03 0.000E+00
4.245E-01 3.449E-03 8.124E-02 6.087E-03 0.000E+00
4.686E-01 2.841E-03 7.815E-02 4.680E-03 0.000E+00
5.000E-01 2.501E-03 7.614E-02 3.954E-03 0.000E+00
5.173E-01 2.339E-03 7.509E-02 3.624E-03 0.000E+00
5.710E-01 1.925E-03 7.208E-02 2.827E-03 0.000E+00
6.000E-01 1.746E-03 7.058E-02 2.501E-03 0.000E+00
6.304E-01 1.583E-03 6.910E-02 2.215E-03 0.000E+00
6.959E-01 1.302E-03 6.617E-02 1.749E-03 0.000E+00
7.682E-01 1.070E-03 6.330E-02 1.396E-03 0.000E+00
8.000E-01 9.871E-04 6.213E-02 1.279E-03 0.000E+00
8.480E-01 8.792E-04 6.048E-02 1.132E-03 0.000E+00
9.361E-01 7.225E-04 5.772E-02 9.219E-04 0.000E+00
1.000E+00 6.336E-04 5.592E-02 7.959E-04 0.000E+00
1.022E+00 6.068E-04 5.533E-02 7.564E-04 0.000E+00
1.033E+00 5.940E-04 5.505E-02 7.382E-04 2.166E-08
1.141E+00 4.873E-04 5.241E-02 6.029E-04 1.865E-05
1.250E+00 4.062E-04 5.004E-02 5.111E-04 9.308E-05
1.259E+00 4.005E-04 4.986E-02 5.045E-04 1.018E-04
1.390E+00 3.287E-04 4.737E-02 4.218E-04 2.691E-04
1.500E+00 2.824E-04 4.550E-02 3.677E-04 4.592E-04
1.535E+00 2.697E-04 4.494E-02 3.530E-04 5.279E-04
1.694E+00 2.215E-04 4.261E-02 2.973E-04 8.820E-04
1.870E+00 1.818E-04 4.034E-02 2.518E-04 1.335E-03
2.000E+00 1.590E-04 3.885E-02 2.257E-04 1.694E-03
2.044E+00 1.522E-04 3.837E-02 2.180E-04 1.818E-03
2.065E+00 1.492E-04 3.815E-02 2.145E-04 1.878E-03
2.279E+00 1.225E-04 3.605E-02 1.837E-04 2.496E-03
2.516E+00 1.005E-04 3.401E-02 1.578E-04 3.196E-03
2.778E+00 8.246E-05 3.205E-02 1.361E-04 3.971E-03
3.000E+00 7.071E-05 3.058E-02 1.216E-04 4.618E-03
3.066E+00 6.770E-05 3.017E-02 1.179E-04 4.807E-03
3.385E+00 5.555E-05 2.836E-02 1.024E-04 5.705E-03
3.737E+00 4.558E-05 2.664E-02 8.937E-05 6.654E-03
4.000E+00 3.979E-05 2.550E-02 8.150E-05 7.338E-03
4.125E+00 3.741E-05 2.500E-02 7.821E-05 7.656E-03
4.554E+00 3.070E-05 2.344E-02 6.861E-05 8.711E-03
5.000E+00 2.546E-05 2.203E-02 6.077E-05 9.749E-03
5.027E+00 2.519E-05 2.195E-02 6.036E-05 9.809E-03
5.549E+00 2.067E-05 2.054E-02 5.323E-05 1.094E-02
6.000E+00 1.768E-05 1.948E-02 4.827E-05 1.187E-02
6.126E+00 1.696E-05 1.920E-02 4.704E-05 1.212E-02
6.762E+00 1.393E-05 1.793E-02 4.166E-05 1.334E-02
7.000E+00 1.300E-05 1.751E-02 3.995E-05 1.377E-02
7.465E+00 1.143E-05 1.673E-02 3.697E-05 1.459E-02
8.000E+00 9.951E-06 1.593E-02 3.403E-05 1.548E-02
8.241E+00 9.377E-06 1.560E-02 3.286E-05 1.588E-02
9.000E+00 7.861E-06 1.465E-02 2.962E-05 1.705E-02
9.097E+00 7.694E-06 1.453E-02 2.925E-05 1.719E-02
1.000E+01 6.368E-06 1.357E-02 2.620E-05 1.847E-02
1.004E+01 6.317E-06 1.353E-02 2.608E-05 1.852E-02
1.100E+01 5.262E-06 1.265E-02 2.349E-05 1.976E-02
1.109E+01 5.177E-06 1.258E-02 2.327E-05 1.987E-02
1.200E+01 4.422E-06 1.187E-02 2.128E-05 2.094E-02
1.224E+01 4.250E-06 1.170E-02 2.081E-05 2.121E-02
1.300E+01 3.767E-06 1.118E-02 1.944E-05 2.203E-02
1.351E+01 3.489E-06 1.086E-02 1.862E-05 2.256E-02
1.400E+01 3.249E-06 1.058E-02 1.790E-05 2.304E-02
1.491E+01 2.864E-06 1.009E-02 1.669E-05 2.391E-02
1.500E+01 2.830E-06 1.004E-02 1.658E-05 2.399E-02
1.600E+01 2.487E-06 9.565E-03 1.544E-05 2.488E-02
1.646E+01 2.350E-06 9.361E-03 1.497E-05 2.528E-02
1.800E+01 1.965E-06 8.737E-03 1.358E-05 2.651E-02
1.818E+01 1.927E-06 8.671E-03 1.343E-05 2.664E-02
2.000E+01 1.592E-06 8.062E-03 1.211E-05 2.796E-02