# ASTATINE from NIST Database
9.320e+00 0.000e+00 0.000e+00 0.000e+00 0.000e+00
8.500e+01 1.000e+00 3.500e+00 0.000e+00 0.000e+00
0.000e+00 0.000e+00 0.000e+00 0.000e+00 0.000e+00
1.000e-03 1.324e+01 3.436e-03 5.853e+03 0.000e+00
1.020e-03 1.322e+01 3.551e-03 5.644e+03 0.000e+00
1.042e-03 1.320e+01 3.679e-03 5.426e+03 0.000e+00
1.042e-03 1.320e+01 3.679e-03 5.541e+03 0.000e+00
1.126e-03 1.311e+01 4.180e-03 4.762e+03 0.000e+00
1.243e-03 1.298e+01 4.900e-03 3.925e+03 0.000e+00
1.372e-03 1.284e+01 5.716e-03 3.236e+03 0.000e+00
1.500e-03 1.268e+01 6.539e-03 2.718e+03 0.000e+00
1.515e-03 1.266e+01 6.636e-03 2.662e+03 0.000e+00
1.672e-03 1.247e+01 7.653e-03 2.162e+03 0.000e+00
1.846e-03 1.225e+01 8.781e-03 1.755e+03 0.000e+00
2.000e-03 1.205e+01 9.777e-03 1.482e+03 0.000e+00
2.038e-03 1.200e+01 1.002e-02 1.422e+03 0.000e+00
2.250e-03 1.173e+01 1.138e-02 1.142e+03 0.000e+00
2.483e-03 1.143e+01 1.285e-02 9.185e+02 0.000e+00
2.741e-03 1.110e+01 1.444e-02 7.380e+02 0.000e+00
2.787e-03 1.105e+01 1.472e-02 7.115e+02 0.000e+00
2.787e-03 1.105e+01 1.472e-02 2.421e+03 0.000e+00
2.847e-03 1.097e+01 1.508e-02 2.014e+03 0.000e+00
2.909e-03 1.090e+01 1.545e-02 1.676e+03 0.000e+00
2.909e-03 1.090e+01 1.545e-02 2.783e+03 0.000e+00
3.000e-03 1.078e+01 1.599e-02 2.239e+03 0.000e+00
3.026e-03 1.075e+01 1.615e-02 2.191e+03 0.000e+00
3.341e-03 1.038e+01 1.795e-02 1.708e+03 0.000e+00
3.426e-03 1.028e+01 1.843e-02 1.604e+03 0.000e+00
3.426e-03 1.028e+01 1.843e-02 1.856e+03 0.000e+00
3.688e-03 9.985e+00 1.988e-02 1.547e+03 0.000e+00
4.000e-03 9.642e+00 2.152e-02 1.266e+03 0.000e+00
4.008e-03 9.633e+00 2.156e-02 1.260e+03 0.000e+00
4.008e-03 9.633e+00 2.156e-02 1.336e+03 0.000e+00
4.071e-03 9.566e+00 2.188e-02 1.286e+03 0.000e+00
4.317e-03 9.315e+00 2.311e-02 1.117e+03 0.000e+00
4.317e-03 9.315e+00 2.311e-02 1.165e+03 0.000e+00
4.494e-03 9.137e+00 2.399e-02 1.057e+03 0.000e+00
4.961e-03 8.683e+00 2.622e-02 8.321e+02 0.000e+00
5.000e-03 8.647e+00 2.640e-02 8.165e+02 0.000e+00
5.477e-03 8.218e+00 2.858e-02 6.529e+02 0.000e+00
6.000e-03 7.781e+00 3.089e-02 5.220e+02 0.000e+00
6.046e-03 7.743e+00 3.109e-02 5.120e+02 0.000e+00
6.675e-03 7.259e+00 3.376e-02 3.995e+02 0.000e+00
7.368e-03 6.772e+00 3.659e-02 3.118e+02 0.000e+00
8.000e-03 6.367e+00 3.909e-02 2.537e+02 0.000e+00
8.134e-03 6.285e+00 3.961e-02 2.432e+02 0.000e+00
8.979e-03 5.806e+00 4.278e-02 1.890e+02 0.000e+00
9.912e-03 5.338e+00 4.608e-02 1.469e+02 0.000e+00
1.000e-02 5.297e+00 4.637e-02 1.436e+02 0.000e+00
1.094e-02 4.885e+00 4.942e-02 1.138e+02 0.000e+00
1.208e-02 4.445e+00 5.282e-02 8.806e+01 0.000e+00
1.334e-02 4.022e+00 5.626e-02 6.812e+01 0.000e+00
1.421e-02 3.760e+00 5.848e-02 5.782e+01 0.000e+00
1.421e-02 3.760e+00 5.848e-02 1.422e+02 0.000e+00
1.472e-02 3.619e+00 5.971e-02 1.303e+02 0.000e+00
1.500e-02 3.545e+00 6.037e-02 1.242e+02 0.000e+00
1.625e-02 3.242e+00 6.315e-02 9.951e+01 0.000e+00
1.678e-02 3.120e+00 6.424e-02 9.097e+01 0.000e+00
1.678e-02 3.120e+00 6.424e-02 1.271e+02 0.000e+00
1.714e-02 3.042e+00 6.492e-02 1.209e+02 0.000e+00
1.749e-02 2.965e+00 6.559e-02 1.150e+02 0.000e+00
1.749e-02 2.965e+00 6.559e-02 1.330e+02 0.000e+00
1.794e-02 2.875e+00 6.642e-02 1.247e+02 0.000e+00
1.980e-02 2.551e+00 6.980e-02 9.690e+01 0.000e+00
2.000e-02 2.519e+00 7.015e-02 9.444e+01 0.000e+00
2.186e-02 2.254e+00 7.318e-02 7.492e+01 0.000e+00
2.413e-02 1.984e+00 7.648e-02 5.793e+01 0.000e+00
2.664e-02 1.740e+00 7.969e-02 4.478e+01 0.000e+00
2.941e-02 1.523e+00 8.279e-02 3.461e+01 0.000e+00
3.000e-02 1.482e+00 8.340e-02 3.287e+01 0.000e+00
3.247e-02 1.331e+00 8.577e-02 2.663e+01 0.000e+00
3.584e-02 1.161e+00 8.859e-02 2.048e+01 0.000e+00
3.957e-02 1.009e+00 9.119e-02 1.574e+01 0.000e+00
4.000e-02 9.934e-01 9.146e-02 1.529e+01 0.000e+00
4.368e-02 8.726e-01 9.351e-02 1.207e+01 0.000e+00
4.822e-02 7.508e-01 9.552e-02 9.248e+00 0.000e+00
5.000e-02 7.098e-01 9.619e-02 8.388e+00 0.000e+00
5.323e-02 6.434e-01 9.724e-02 7.079e+00 0.000e+00
5.876e-02 5.498e-01 9.863e-02 5.414e+00 0.000e+00
6.000e-02 5.317e-01 9.888e-02 5.116e+00 0.000e+00
6.486e-02 4.691e-01 9.970e-02 4.137e+00 0.000e+00
7.161e-02 3.996e-01 1.005e-01 3.158e+00 0.000e+00
7.905e-02 3.404e-01 1.009e-01 2.411e+00 0.000e+00
8.000e-02 3.338e-01 1.009e-01 2.334e+00 0.000e+00
8.726e-02 2.897e-01 1.010e-01 1.839e+00 0.000e+00
9.573e-02 2.487e-01 1.009e-01 1.427e+00 0.000e+00
9.573e-02 2.487e-01 1.009e-01 6.544e+00 0.000e+00
9.633e-02 2.461e-01 1.008e-01 6.439e+00 0.000e+00
1.000e-01 2.311e-01 1.007e-01 5.842e+00 0.000e+00
1.063e-01 2.085e-01 1.004e-01 4.984e+00 0.000e+00
1.174e-01 1.758e-01 9.961e-02 3.853e+00 0.000e+00
1.296e-01 1.481e-01 9.861e-02 2.981e+00 0.000e+00
1.431e-01 1.244e-01 9.736e-02 2.304e+00 0.000e+00
1.500e-01 1.144e-01 9.668e-02 2.038e+00 0.000e+00
1.579e-01 1.044e-01 9.588e-02 1.782e+00 0.000e+00
1.743e-01 8.753e-02 9.417e-02 1.375e+00 0.000e+00
1.925e-01 7.322e-02 9.227e-02 1.059e+00 0.000e+00
2.000e-01 6.834e-02 9.148e-02 9.579e-01 0.000e+00
2.125e-01 6.125e-02 9.020e-02 8.171e-01 0.000e+00
2.345e-01 5.124e-02 8.800e-02 6.316e-01 0.000e+00
2.589e-01 4.279e-02 8.567e-02 4.884e-01 0.000e+00
2.858e-01 3.571e-02 8.326e-02 3.786e-01 0.000e+00
3.000e-01 3.266e-02 8.205e-02 3.344e-01 0.000e+00
3.155e-01 2.977e-02 8.078e-02 2.942e-01 0.000e+00
3.483e-01 2.478e-02 7.825e-02 2.293e-01 0.000e+00
3.845e-01 2.061e-02 7.568e-02 1.793e-01 0.000e+00
4.000e-01 1.913e-02 7.465e-02 1.627e-01 0.000e+00
4.245e-01 1.711e-02 7.310e-02 1.407e-01 0.000e+00
4.686e-01 1.419e-02 7.050e-02 1.110e-01 0.000e+00
5.000e-01 1.255e-02 6.880e-02 9.518e-02 0.000e+00
5.173e-01 1.176e-02 6.791e-02 8.789e-02 0.000e+00
5.710e-01 9.736e-03 6.531e-02 6.995e-02 0.000e+00
6.000e-01 8.853e-03 6.401e-02 6.249e-02 0.000e+00
6.304e-01 8.051e-03 6.271e-02 5.592e-02 0.000e+00
6.959e-01 6.654e-03 6.013e-02 4.494e-02 0.000e+00
7.682e-01 5.497e-03 5.760e-02 3.630e-02 0.000e+00
8.000e-01 5.082e-03 5.658e-02 3.330e-02 0.000e+00
8.480e-01 4.539e-03 5.514e-02 2.946e-02 0.000e+00
9.361e-01 3.746e-03 5.271e-02 2.402e-02 0.000e+00
1.000e+00 3.292e-03 5.108e-02 2.101e-02 0.000e+00
1.022e+00 3.155e-03 5.053e-02 2.011e-02 0.000e+00
1.033e+00 3.089e-03 5.027e-02 1.968e-02 8.925e-08
1.141e+00 2.542e-03 4.788e-02 1.618e-02 8.022e-05
1.250e+00 2.126e-03 4.577e-02 1.357e-02 4.107e-04
1.259e+00 2.096e-03 4.561e-02 1.339e-02 4.498e-04
1.390e+00 1.726e-03 4.336e-02 1.111e-02 1.188e-03
1.500e+00 1.485e-03 4.167e-02 9.662e-03 1.979e-03
1.535e+00 1.419e-03 4.116e-02 9.266e-03 2.248e-03
1.694e+00 1.168e-03 3.903e-02 7.773e-03 3.509e-03
1.870e+00 9.607e-04 3.697e-02 6.547e-03 4.902e-03
2.000e+00 8.409e-04 3.562e-02 5.842e-03 5.914e-03
2.044e+00 8.053e-04 3.519e-02 5.632e-03 6.255e-03
2.065e+00 7.891e-04 3.499e-02 5.537e-03 6.417e-03
2.279e+00 6.488e-04 3.307e-02 4.707e-03 8.015e-03
2.516e+00 5.330e-04 3.121e-02 4.014e-03 9.675e-03
2.778e+00 4.378e-04 2.941e-02 3.435e-03 1.139e-02
3.000e+00 3.757e-04 2.806e-02 3.051e-03 1.275e-02
3.066e+00 3.598e-04 2.769e-02 2.952e-03 1.315e-02
3.385e+00 2.954e-04 2.604e-02 2.544e-03 1.498e-02
3.737e+00 2.426e-04 2.446e-02 2.201e-03 1.687e-02
4.000e+00 2.118e-04 2.342e-02 1.995e-03 1.821e-02
4.125e+00 1.992e-04 2.296e-02 1.910e-03 1.881e-02
4.554e+00 1.635e-04 2.153e-02 1.662e-03 2.083e-02
5.000e+00 1.357e-04 2.023e-02 1.461e-03 2.278e-02
5.027e+00 1.343e-04 2.016e-02 1.450e-03 2.289e-02
5.549e+00 1.102e-04 1.886e-02 1.269e-03 2.501e-02
6.000e+00 9.430e-05 1.789e-02 1.144e-03 2.673e-02
6.126e+00 9.046e-05 1.763e-02 1.113e-03 2.719e-02
6.762e+00 7.425e-05 1.647e-02 9.792e-04 2.942e-02
7.000e+00 6.929e-05 1.608e-02 9.366e-04 3.022e-02
7.465e+00 6.093e-05 1.537e-02 8.630e-04 3.172e-02
8.000e+00 5.306e-05 1.463e-02 7.910e-04 3.335e-02
8.241e+00 5.000e-05 1.433e-02 7.621e-04 3.406e-02
9.000e+00 4.193e-05 1.345e-02 6.831e-04 3.620e-02
9.097e+00 4.104e-05 1.335e-02 6.742e-04 3.647e-02
1.000e+01 3.398e-05 1.247e-02 6.008e-04 3.885e-02
1.004e+01 3.371e-05 1.243e-02 5.979e-04 3.895e-02
1.100e+01 2.808e-05 1.163e-02 5.357e-04 4.129e-02
1.109e+01 2.763e-05 1.156e-02 5.305e-04 4.151e-02
1.200e+01 2.360e-05 1.090e-02 4.832e-04 4.360e-02
1.224e+01 2.268e-05 1.074e-02 4.721e-04 4.412e-02
1.300e+01 2.011e-05 1.027e-02 4.399e-04 4.572e-02
1.351e+01 1.862e-05 9.982e-03 4.206e-04 4.674e-02
1.400e+01 1.734e-05 9.719e-03 4.035e-04 4.770e-02
1.491e+01 1.528e-05 9.271e-03 3.751e-04 4.940e-02
1.500e+01 1.510e-05 9.229e-03 3.725e-04 4.956e-02
1.600e+01 1.328e-05 8.787e-03 3.462e-04 5.131e-02
1.646e+01 1.254e-05 8.600e-03 3.352e-04 5.207e-02
1.800e+01 1.049e-05 8.033e-03 3.028e-04 5.445e-02
1.818e+01 1.028e-05 7.972e-03 2.995e-04 5.471e-02
2.000e+01 8.497e-06 7.408e-03 2.691e-04 5.725e-02
