# GOLD from NIST Database
1.932e+01 0.000e+00 0.000e+00 0.000e+00 0.000e+00
7.900e+01 1.000e+00 3.500e+00 0.000e+00 0.000e+00
0.000e+00 0.000e+00 0.000e+00 0.000e+00 0.000e+00
1.000e-03 1.227e+01 3.268e-03 4.641e+03 0.000e+00
1.020e-03 1.225e+01 3.372e-03 4.462e+03 0.000e+00
1.126e-03 1.215e+01 3.936e-03 3.668e+03 0.000e+00
1.243e-03 1.205e+01 4.586e-03 3.015e+03 0.000e+00
1.372e-03 1.193e+01 5.324e-03 2.479e+03 0.000e+00
1.500e-03 1.181e+01 6.066e-03 2.077e+03 0.000e+00
1.515e-03 1.179e+01 6.153e-03 2.033e+03 0.000e+00
1.672e-03 1.163e+01 7.062e-03 1.648e+03 0.000e+00
1.846e-03 1.144e+01 8.067e-03 1.335e+03 0.000e+00
2.000e-03 1.127e+01 8.955e-03 1.125e+03 0.000e+00
2.038e-03 1.122e+01 9.175e-03 1.080e+03 0.000e+00
2.206e-03 1.103e+01 1.014e-02 9.078e+02 0.000e+00
2.206e-03 1.103e+01 1.014e-02 9.827e+02 0.000e+00
2.250e-03 1.097e+01 1.040e-02 1.504e+03 0.000e+00
2.291e-03 1.092e+01 1.063e-02 2.214e+03 0.000e+00
2.291e-03 1.092e+01 1.063e-02 2.347e+03 0.000e+00
2.483e-03 1.071e+01 1.172e-02 2.276e+03 0.000e+00
2.741e-03 1.041e+01 1.315e-02 2.192e+03 0.000e+00
2.743e-03 1.041e+01 1.317e-02 2.191e+03 0.000e+00
2.743e-03 1.041e+01 1.317e-02 2.529e+03 0.000e+00
3.000e-03 1.011e+01 1.459e-02 2.039e+03 0.000e+00
3.026e-03 1.008e+01 1.473e-02 1.997e+03 0.000e+00
3.148e-03 9.940e+00 1.540e-02 1.812e+03 0.000e+00
3.148e-03 9.940e+00 1.540e-02 1.923e+03 0.000e+00
3.341e-03 9.724e+00 1.643e-02 1.670e+03 0.000e+00
3.425e-03 9.631e+00 1.688e-02 1.575e+03 0.000e+00
3.425e-03 9.631e+00 1.688e-02 1.642e+03 0.000e+00
3.688e-03 9.342e+00 1.827e-02 1.377e+03 0.000e+00
4.000e-03 9.007e+00 1.991e-02 1.135e+03 0.000e+00
4.071e-03 8.933e+00 2.028e-02 1.087e+03 0.000e+00
4.494e-03 8.508e+00 2.245e-02 8.538e+02 0.000e+00
4.961e-03 8.067e+00 2.480e-02 6.707e+02 0.000e+00
5.000e-03 8.032e+00 2.499e-02 6.580e+02 0.000e+00
5.477e-03 7.613e+00 2.735e-02 5.245e+02 0.000e+00
6.000e-03 7.188e+00 2.987e-02 4.180e+02 0.000e+00
6.046e-03 7.152e+00 3.009e-02 4.099e+02 0.000e+00
6.675e-03 6.689e+00 3.302e-02 3.188e+02 0.000e+00
7.368e-03 6.227e+00 3.611e-02 2.481e+02 0.000e+00
8.000e-03 5.846e+00 3.877e-02 2.013e+02 0.000e+00
8.134e-03 5.769e+00 3.931e-02 1.929e+02 0.000e+00
8.979e-03 5.318e+00 4.261e-02 1.495e+02 0.000e+00
9.912e-03 4.876e+00 4.598e-02 1.159e+02 0.000e+00
1.000e-02 4.837e+00 4.629e-02 1.132e+02 0.000e+00
1.094e-02 4.445e+00 4.943e-02 8.962e+01 0.000e+00
1.192e-02 4.082e+00 5.240e-02 7.170e+01 0.000e+00
1.192e-02 4.082e+00 5.240e-02 1.829e+02 0.000e+00
1.208e-02 4.026e+00 5.286e-02 1.764e+02 0.000e+00
1.334e-02 3.624e+00 5.623e-02 1.349e+02 0.000e+00
1.373e-02 3.510e+00 5.724e-02 1.247e+02 0.000e+00
1.373e-02 3.510e+00 5.724e-02 1.729e+02 0.000e+00
1.404e-02 3.425e+00 5.801e-02 1.639e+02 0.000e+00
1.435e-02 3.342e+00 5.879e-02 1.554e+02 0.000e+00
1.435e-02 3.342e+00 5.879e-02 1.796e+02 0.000e+00
1.472e-02 3.248e+00 5.969e-02 1.684e+02 0.000e+00
1.500e-02 3.180e+00 6.035e-02 1.605e+02 0.000e+00
1.625e-02 2.896e+00 6.319e-02 1.306e+02 0.000e+00
1.794e-02 2.568e+00 6.669e-02 1.012e+02 0.000e+00
1.980e-02 2.270e+00 7.018e-02 7.850e+01 0.000e+00
2.000e-02 2.242e+00 7.054e-02 7.650e+01 0.000e+00
2.186e-02 2.003e+00 7.366e-02 6.043e+01 0.000e+00
2.413e-02 1.764e+00 7.709e-02 4.651e+01 0.000e+00
2.664e-02 1.551e+00 8.043e-02 3.578e+01 0.000e+00
2.941e-02 1.359e+00 8.364e-02 2.753e+01 0.000e+00
3.000e-02 1.323e+00 8.426e-02 2.611e+01 0.000e+00
3.247e-02 1.187e+00 8.667e-02 2.109e+01 0.000e+00
3.584e-02 1.033e+00 8.947e-02 1.615e+01 0.000e+00
3.957e-02 8.942e-01 9.201e-02 1.237e+01 0.000e+00
4.000e-02 8.799e-01 9.227e-02 1.201e+01 0.000e+00
4.368e-02 7.702e-01 9.425e-02 9.448e+00 0.000e+00
4.822e-02 6.606e-01 9.619e-02 7.216e+00 0.000e+00
5.000e-02 6.240e-01 9.683e-02 6.537e+00 0.000e+00
5.323e-02 5.652e-01 9.783e-02 5.505e+00 0.000e+00
5.876e-02 4.830e-01 9.914e-02 4.196e+00 0.000e+00
6.000e-02 4.672e-01 9.937e-02 3.962e+00 0.000e+00
6.486e-02 4.125e-01 1.001e-01 3.196e+00 0.000e+00
7.161e-02 3.518e-01 1.007e-01 2.431e+00 0.000e+00
7.905e-02 2.994e-01 1.011e-01 1.850e+00 0.000e+00
8.000e-02 2.935e-01 1.011e-01 1.790e+00 0.000e+00
8.072e-02 2.892e-01 1.012e-01 1.746e+00 0.000e+00
8.072e-02 2.892e-01 1.012e-01 8.512e+00 0.000e+00
8.726e-02 2.543e-01 1.013e-01 6.941e+00 0.000e+00
9.633e-02 2.156e-01 1.010e-01 5.356e+00 0.000e+00
1.000e-01 2.024e-01 1.008e-01 4.855e+00 0.000e+00
1.063e-01 1.824e-01 1.004e-01 4.135e+00 0.000e+00
1.174e-01 1.535e-01 9.955e-02 3.184e+00 0.000e+00
1.296e-01 1.290e-01 9.848e-02 2.452e+00 0.000e+00
1.431e-01 1.082e-01 9.717e-02 1.886e+00 0.000e+00
1.500e-01 9.946e-02 9.646e-02 1.664e+00 0.000e+00
1.579e-01 9.073e-02 9.563e-02 1.451e+00 0.000e+00
1.743e-01 7.600e-02 9.387e-02 1.114e+00 0.000e+00
1.925e-01 6.355e-02 9.191e-02 8.540e-01 0.000e+00
2.000e-01 5.931e-02 9.111e-02 7.711e-01 0.000e+00
2.125e-01 5.315e-02 8.980e-02 6.560e-01 0.000e+00
2.345e-01 4.443e-02 8.757e-02 5.049e-01 0.000e+00
2.589e-01 3.707e-02 8.521e-02 3.888e-01 0.000e+00
2.858e-01 3.091e-02 8.279e-02 3.002e-01 0.000e+00
3.000e-01 2.825e-02 8.157e-02 2.646e-01 0.000e+00
3.155e-01 2.573e-02 8.030e-02 2.323e-01 0.000e+00
3.483e-01 2.139e-02 7.777e-02 1.804e-01 0.000e+00
3.845e-01 1.776e-02 7.521e-02 1.405e-01 0.000e+00
4.000e-01 1.648e-02 7.417e-02 1.273e-01 0.000e+00
4.245e-01 1.473e-02 7.261e-02 1.099e-01 0.000e+00
4.686e-01 1.220e-02 7.001e-02 8.634e-02 0.000e+00
5.000e-01 1.078e-02 6.830e-02 7.390e-02 0.000e+00
5.173e-01 1.010e-02 6.741e-02 6.817e-02 0.000e+00
5.710e-01 8.352e-03 6.483e-02 5.411e-02 0.000e+00
6.000e-01 7.592e-03 6.353e-02 4.828e-02 0.000e+00
6.304e-01 6.901e-03 6.225e-02 4.314e-02 0.000e+00
6.959e-01 5.700e-03 5.969e-02 3.458e-02 0.000e+00
7.682e-01 4.705e-03 5.716e-02 2.787e-02 0.000e+00
8.000e-01 4.348e-03 5.613e-02 2.555e-02 0.000e+00
8.480e-01 3.881e-03 5.467e-02 2.259e-02 0.000e+00
9.361e-01 3.199e-03 5.223e-02 1.840e-02 0.000e+00
1.000e+00 2.811e-03 5.063e-02 1.609e-02 0.000e+00
1.022e+00 2.694e-03 5.011e-02 1.539e-02 0.000e+00
1.033e+00 2.638e-03 4.986e-02 1.507e-02 8.155e-08
1.141e+00 2.170e-03 4.750e-02 1.238e-02 7.154e-05
1.250e+00 1.814e-03 4.537e-02 1.038e-02 3.596e-04
1.259e+00 1.788e-03 4.521e-02 1.024e-02 3.934e-04
1.390e+00 1.471e-03 4.297e-02 8.508e-03 1.026e-03
1.500e+00 1.265e-03 4.131e-02 7.399e-03 1.703e-03
1.535e+00 1.209e-03 4.081e-02 7.096e-03 1.935e-03
1.694e+00 9.948e-04 3.876e-02 5.951e-03 3.035e-03
1.870e+00 8.178e-04 3.672e-02 5.014e-03 4.278e-03
2.000e+00 7.157e-04 3.531e-02 4.476e-03 5.192e-03
2.044e+00 6.855e-04 3.485e-02 4.317e-03 5.500e-03
2.065e+00 6.717e-04 3.464e-02 4.245e-03 5.647e-03
2.279e+00 5.522e-04 3.268e-02 3.611e-03 7.107e-03
2.516e+00 4.536e-04 3.085e-02 3.081e-03 8.645e-03
2.778e+00 3.724e-04 2.912e-02 2.637e-03 1.025e-02
3.000e+00 3.195e-04 2.781e-02 2.343e-03 1.154e-02
3.066e+00 3.059e-04 2.745e-02 2.267e-03 1.191e-02
3.385e+00 2.511e-04 2.582e-02 1.955e-03 1.366e-02
3.737e+00 2.062e-04 2.425e-02 1.692e-03 1.546e-02
4.000e+00 1.800e-04 2.321e-02 1.535e-03 1.674e-02
4.125e+00 1.693e-04 2.275e-02 1.470e-03 1.732e-02
4.554e+00 1.389e-04 2.133e-02 1.280e-03 1.924e-02
5.000e+00 1.153e-04 2.005e-02 1.126e-03 2.110e-02
5.027e+00 1.141e-04 1.998e-02 1.118e-03 2.121e-02
5.549e+00 9.364e-05 1.869e-02 9.790e-04 2.323e-02
6.000e+00 8.010e-05 1.772e-02 8.830e-04 2.487e-02
6.126e+00 7.685e-05 1.747e-02 8.593e-04 2.531e-02
6.762e+00 6.307e-05 1.632e-02 7.561e-04 2.743e-02
7.000e+00 5.886e-05 1.593e-02 7.234e-04 2.819e-02
7.465e+00 5.175e-05 1.523e-02 6.668e-04 2.961e-02
8.000e+00 4.507e-05 1.450e-02 6.115e-04 3.117e-02
8.241e+00 4.247e-05 1.420e-02 5.893e-04 3.185e-02
9.000e+00 3.562e-05 1.333e-02 5.286e-04 3.390e-02
9.097e+00 3.486e-05 1.323e-02 5.217e-04 3.416e-02
1.000e+01 2.885e-05 1.235e-02 4.650e-04 3.642e-02
1.004e+01 2.862e-05 1.232e-02 4.628e-04 3.651e-02
1.100e+01 2.385e-05 1.152e-02 4.149e-04 3.871e-02
1.109e+01 2.346e-05 1.145e-02 4.109e-04 3.892e-02
1.200e+01 2.004e-05 1.080e-02 3.742e-04 4.088e-02
1.224e+01 1.926e-05 1.065e-02 3.657e-04 4.138e-02
1.300e+01 1.708e-05 1.018e-02 3.409e-04 4.291e-02
1.351e+01 1.581e-05 9.890e-03 3.260e-04 4.389e-02
1.400e+01 1.472e-05 9.631e-03 3.128e-04 4.479e-02
1.491e+01 1.298e-05 9.186e-03 2.910e-04 4.639e-02
1.500e+01 1.283e-05 9.145e-03 2.890e-04 4.654e-02
1.600e+01 1.127e-05 8.708e-03 2.684e-04 4.819e-02
1.646e+01 1.065e-05 8.522e-03 2.599e-04 4.891e-02
1.800e+01 8.909e-06 7.959e-03 2.350e-04 5.117e-02
1.818e+01 8.734e-06 7.898e-03 2.324e-04 5.142e-02
2.000e+01 7.216e-06 7.338e-03 2.089e-04 5.381e-02
