# B-100 BONE-EQUIVALENT PLASTIC from NIST Database
1.450e+00 0.000e+00 0.000e+00 0.000e+00 0.000e+00
1.000e+00 6.495e-02 3.500e+00 0.000e+00 0.000e+00
6.000e+00 4.471e-02 3.500e+00 0.000e+00 0.000e+00
7.000e+00 1.535e-03 3.500e+00 0.000e+00 0.000e+00
8.000e+00 2.005e-03 3.500e+00 0.000e+00 0.000e+00
9.000e+00 8.812e-03 3.500e+00 0.000e+00 0.000e+00
2.000e+01 4.406e-03 3.500e+00 0.000e+00 0.000e+00
0.000e+00 0.000e+00 0.000e+00 0.000e+00 0.000e+00
1.000e-03 1.582e+00 1.430e-02 3.210e+03 0.000e+00
1.020e-03 1.575e+00 1.477e-02 3.045e+03 0.000e+00
1.126e-03 1.543e+00 1.737e-02 2.339e+03 0.000e+00
1.243e-03 1.509e+00 2.040e-02 1.796e+03 0.000e+00
1.372e-03 1.472e+00 2.387e-02 1.377e+03 0.000e+00
1.500e-03 1.434e+00 2.739e-02 1.082e+03 0.000e+00
1.515e-03 1.430e+00 2.781e-02 1.052e+03 0.000e+00
1.672e-03 1.383e+00 3.217e-02 8.018e+02 0.000e+00
1.846e-03 1.330e+00 3.702e-02 6.087e+02 0.000e+00
2.000e-03 1.284e+00 4.128e-02 4.865e+02 0.000e+00
2.038e-03 1.273e+00 4.232e-02 4.613e+02 0.000e+00
2.250e-03 1.211e+00 4.809e-02 3.486e+02 0.000e+00
2.483e-03 1.147e+00 5.426e-02 2.633e+02 0.000e+00
2.741e-03 1.080e+00 6.081e-02 1.985e+02 0.000e+00
3.000e-03 1.016e+00 6.705e-02 1.531e+02 0.000e+00
3.026e-03 1.010e+00 6.766e-02 1.494e+02 0.000e+00
3.341e-03 9.397e-01 7.470e-02 1.121e+02 0.000e+00
3.688e-03 8.682e-01 8.180e-02 8.404e+01 0.000e+00
4.000e-03 8.089e-01 8.762e-02 6.627e+01 0.000e+00
4.038e-03 8.020e-01 8.830e-02 6.446e+01 0.000e+00
4.038e-03 8.020e-01 8.830e-02 2.242e+02 0.000e+00
4.071e-03 7.961e-01 8.887e-02 2.196e+02 0.000e+00
4.494e-03 7.265e-01 9.581e-02 1.705e+02 0.000e+00
4.961e-03 6.606e-01 1.025e-01 1.318e+02 0.000e+00
5.000e-03 6.556e-01 1.031e-01 1.290e+02 0.000e+00
5.477e-03 5.979e-01 1.090e-01 1.010e+02 0.000e+00
6.000e-03 5.435e-01 1.146e-01 7.876e+01 0.000e+00
6.046e-03 5.392e-01 1.151e-01 7.713e+01 0.000e+00
6.675e-03 4.851e-01 1.208e-01 5.881e+01 0.000e+00
7.368e-03 4.358e-01 1.262e-01 4.481e+01 0.000e+00
8.000e-03 3.983e-01 1.305e-01 3.566e+01 0.000e+00
8.134e-03 3.911e-01 1.313e-01 3.404e+01 0.000e+00
8.979e-03 3.505e-01 1.361e-01 2.579e+01 0.000e+00
9.912e-03 3.137e-01 1.406e-01 1.948e+01 0.000e+00
1.000e-02 3.105e-01 1.410e-01 1.899e+01 0.000e+00
1.094e-02 2.801e-01 1.448e-01 1.469e+01 0.000e+00
1.208e-02 2.491e-01 1.488e-01 1.104e+01 0.000e+00
1.334e-02 2.206e-01 1.526e-01 8.277e+00 0.000e+00
1.472e-02 1.946e-01 1.560e-01 6.209e+00 0.000e+00
1.500e-02 1.898e-01 1.567e-01 5.876e+00 0.000e+00
1.625e-02 1.705e-01 1.593e-01 4.643e+00 0.000e+00
1.794e-02 1.485e-01 1.622e-01 3.465e+00 0.000e+00
1.980e-02 1.287e-01 1.648e-01 2.583e+00 0.000e+00
2.000e-02 1.268e-01 1.651e-01 2.507e+00 0.000e+00
2.186e-02 1.110e-01 1.670e-01 1.920e+00 0.000e+00
2.413e-02 9.531e-02 1.689e-01 1.426e+00 0.000e+00
2.664e-02 8.156e-02 1.703e-01 1.057e+00 0.000e+00
2.941e-02 6.960e-02 1.712e-01 7.823e-01 0.000e+00
3.000e-02 6.740e-02 1.714e-01 7.363e-01 0.000e+00
3.247e-02 5.926e-02 1.718e-01 5.781e-01 0.000e+00
3.584e-02 5.037e-02 1.719e-01 4.270e-01 0.000e+00
3.957e-02 4.271e-02 1.717e-01 3.147e-01 0.000e+00
4.000e-02 4.194e-02 1.717e-01 3.043e-01 0.000e+00
4.368e-02 3.615e-02 1.711e-01 2.317e-01 0.000e+00
4.822e-02 3.054e-02 1.701e-01 1.704e-01 0.000e+00
5.000e-02 2.869e-02 1.697e-01 1.522e-01 0.000e+00
5.323e-02 2.574e-02 1.688e-01 1.252e-01 0.000e+00
5.876e-02 2.165e-02 1.672e-01 9.194e-02 0.000e+00
6.000e-02 2.086e-02 1.668e-01 8.612e-02 0.000e+00
6.486e-02 1.816e-02 1.653e-01 6.745e-02 0.000e+00
7.161e-02 1.520e-02 1.631e-01 4.941e-02 0.000e+00
7.905e-02 1.269e-02 1.606e-01 3.618e-02 0.000e+00
8.000e-02 1.242e-02 1.603e-01 3.485e-02 0.000e+00
8.726e-02 1.058e-02 1.579e-01 2.650e-02 0.000e+00
9.633e-02 8.799e-03 1.550e-01 1.939e-02 0.000e+00
1.000e-01 8.204e-03 1.538e-01 1.723e-02 0.000e+00
1.063e-01 7.314e-03 1.519e-01 1.421e-02 0.000e+00
1.174e-01 6.062e-03 1.485e-01 1.039e-02 0.000e+00
1.296e-01 5.023e-03 1.450e-01 7.605e-03 0.000e+00
1.431e-01 4.155e-03 1.414e-01 5.568e-03 0.000e+00
1.500e-01 3.796e-03 1.396e-01 4.802e-03 0.000e+00
1.579e-01 3.439e-03 1.377e-01 4.088e-03 0.000e+00
1.743e-01 2.841e-03 1.338e-01 3.002e-03 0.000e+00
1.925e-01 2.343e-03 1.299e-01 2.204e-03 0.000e+00
2.000e-01 2.175e-03 1.284e-01 1.958e-03 0.000e+00
2.125e-01 1.933e-03 1.259e-01 1.624e-03 0.000e+00
2.345e-01 1.594e-03 1.220e-01 1.201e-03 0.000e+00
2.589e-01 1.313e-03 1.179e-01 8.893e-04 0.000e+00
2.858e-01 1.081e-03 1.139e-01 6.613e-04 0.000e+00
3.000e-01 9.829e-04 1.120e-01 5.727e-04 0.000e+00
3.155e-01 8.900e-04 1.099e-01 4.938e-04 0.000e+00
3.483e-01 7.321e-04 1.059e-01 3.705e-04 0.000e+00
3.845e-01 6.020e-04 1.020e-01 2.795e-04 0.000e+00
4.000e-01 5.567e-04 1.004e-01 2.501e-04 0.000e+00
4.245e-01 4.947e-04 9.810e-02 2.120e-04 0.000e+00
4.686e-01 4.066e-04 9.427e-02 1.620e-04 0.000e+00
5.000e-01 3.574e-04 9.178e-02 1.363e-04 0.000e+00
5.173e-01 3.340e-04 9.048e-02 1.247e-04 0.000e+00
5.710e-01 2.744e-04 8.676e-02 9.683e-05 0.000e+00
6.000e-01 2.486e-04 8.492e-02 8.545e-05 0.000e+00
6.304e-01 2.253e-04 8.311e-02 7.549e-05 0.000e+00
6.959e-01 1.850e-04 7.954e-02 5.930e-05 0.000e+00
7.682e-01 1.519e-04 7.604e-02 4.729e-05 0.000e+00
8.000e-01 1.401e-04 7.462e-02 4.338e-05 0.000e+00
8.480e-01 1.247e-04 7.261e-02 3.856e-05 0.000e+00
9.361e-01 1.024e-04 6.926e-02 3.149e-05 0.000e+00
1.000e+00 8.974e-05 6.711e-02 2.697e-05 0.000e+00
1.022e+00 8.594e-05 6.642e-02 2.550e-05 0.000e+00
1.033e+00 8.413e-05 6.608e-02 2.484e-05 4.431e-09
1.141e+00 6.897e-05 6.289e-02 2.022e-05 4.122e-06
1.250e+00 5.746e-05 6.002e-02 1.727e-05 2.194e-05
1.259e+00 5.665e-05 5.980e-02 1.706e-05 2.412e-05
1.390e+00 4.648e-05 5.680e-02 1.431e-05 6.746e-05
1.500e+00 3.992e-05 5.456e-02 1.248e-05 1.190e-04
1.535e+00 3.812e-05 5.389e-02 1.199e-05 1.380e-04
1.694e+00 3.130e-05 5.108e-02 1.013e-05 2.369e-04
1.870e+00 2.569e-05 4.835e-02 8.618e-06 3.657e-04
2.000e+00 2.246e-05 4.655e-02 7.745e-06 4.701e-04
2.044e+00 2.151e-05 4.598e-02 7.486e-06 5.067e-04
2.065e+00 2.107e-05 4.571e-02 7.367e-06 5.243e-04
2.279e+00 1.730e-05 4.319e-02 6.333e-06 7.081e-04
2.516e+00 1.420e-05 4.074e-02 5.465e-06 9.168e-04
2.778e+00 1.164e-05 3.839e-02 4.734e-06 1.150e-03
3.000e+00 9.986e-06 3.663e-02 4.245e-06 1.347e-03
3.066e+00 9.560e-06 3.614e-02 4.118e-06 1.406e-03
3.385e+00 7.844e-06 3.398e-02 3.593e-06 1.686e-03
3.737e+00 6.437e-06 3.192e-02 3.146e-06 1.989e-03
4.000e+00 5.618e-06 3.055e-02 2.876e-06 2.209e-03
4.125e+00 5.283e-06 2.995e-02 2.763e-06 2.311e-03
4.554e+00 4.334e-06 2.807e-02 2.434e-06 2.653e-03
5.000e+00 3.595e-06 2.639e-02 2.163e-06 2.992e-03
5.027e+00 3.557e-06 2.629e-02 2.149e-06 3.013e-03
5.549e+00 2.919e-06 2.460e-02 1.902e-06 3.392e-03
6.000e+00 2.497e-06 2.332e-02 1.729e-06 3.704e-03
6.126e+00 2.395e-06 2.299e-02 1.686e-06 3.789e-03
6.762e+00 1.966e-06 2.147e-02 1.497e-06 4.198e-03
7.000e+00 1.834e-06 2.096e-02 1.437e-06 4.344e-03
7.465e+00 1.613e-06 2.004e-02 1.332e-06 4.621e-03
8.000e+00 1.404e-06 1.908e-02 1.229e-06 4.924e-03
8.241e+00 1.323e-06 1.868e-02 1.187e-06 5.057e-03
9.000e+00 1.110e-06 1.754e-02 1.073e-06 5.453e-03
9.097e+00 1.086e-06 1.740e-02 1.060e-06 5.502e-03
1.000e+01 8.990e-07 1.625e-02 9.514e-07 5.936e-03
1.004e+01 8.918e-07 1.620e-02 9.472e-07 5.954e-03
1.100e+01 7.429e-07 1.515e-02 8.547e-07 6.377e-03
1.109e+01 7.309e-07 1.506e-02 8.470e-07 6.415e-03
1.200e+01 6.242e-07 1.421e-02 7.757e-07 6.782e-03
1.224e+01 6.000e-07 1.400e-02 7.589e-07 6.875e-03
1.300e+01 5.320e-07 1.339e-02 7.100e-07 7.159e-03
1.351e+01 4.925e-07 1.301e-02 6.804e-07 7.341e-03
1.400e+01 4.585e-07 1.267e-02 6.543e-07 7.512e-03
1.491e+01 4.043e-07 1.208e-02 6.109e-07 7.810e-03
1.500e+01 3.995e-07 1.203e-02 6.069e-07 7.840e-03
1.600e+01 3.511e-07 1.145e-02 5.658e-07 8.152e-03
1.646e+01 3.318e-07 1.121e-02 5.487e-07 8.289e-03
1.800e+01 2.774e-07 1.047e-02 4.980e-07 8.721e-03
1.818e+01 2.720e-07 1.039e-02 4.927e-07 8.769e-03
2.000e+01 2.247e-07 9.651e-03 4.448e-07 9.231e-03
