# BORON from NIST Database
2.370e+00 0.000e+00 0.000e+00 0.000e+00 0.000e+00
5.000e+00 1.000e+00 3.500e+00 0.000e+00 0.000e+00
0.000e+00 0.000e+00 0.000e+00 0.000e+00 0.000e+00
1.000e-03 8.055e-01 1.612e-02 1.228e+03 0.000e+00
1.020e-03 8.006e-01 1.665e-02 1.159e+03 0.000e+00
1.126e-03 7.762e-01 1.961e-02 8.700e+02 0.000e+00
1.243e-03 7.507e-01 2.303e-02 6.525e+02 0.000e+00
1.372e-03 7.230e-01 2.693e-02 4.889e+02 0.000e+00
1.500e-03 6.952e-01 3.084e-02 3.759e+02 0.000e+00
1.515e-03 6.919e-01 3.130e-02 3.650e+02 0.000e+00
1.672e-03 6.572e-01 3.606e-02 2.723e+02 0.000e+00
1.846e-03 6.193e-01 4.124e-02 2.025e+02 0.000e+00
2.000e-03 5.871e-01 4.568e-02 1.591e+02 0.000e+00
2.038e-03 5.794e-01 4.676e-02 1.503e+02 0.000e+00
2.250e-03 5.384e-01 5.259e-02 1.114e+02 0.000e+00
2.483e-03 4.973e-01 5.861e-02 8.253e+01 0.000e+00
2.741e-03 4.566e-01 6.478e-02 6.098e+01 0.000e+00
3.000e-03 4.205e-01 7.041e-02 4.618e+01 0.000e+00
3.026e-03 4.171e-01 7.094e-02 4.497e+01 0.000e+00
3.341e-03 3.792e-01 7.698e-02 3.309e+01 0.000e+00
3.688e-03 3.438e-01 8.279e-02 2.432e+01 0.000e+00
4.000e-03 3.166e-01 8.734e-02 1.886e+01 0.000e+00
4.071e-03 3.110e-01 8.830e-02 1.785e+01 0.000e+00
4.494e-03 2.811e-01 9.349e-02 1.308e+01 0.000e+00
4.961e-03 2.540e-01 9.839e-02 9.565e+00 0.000e+00
5.000e-03 2.520e-01 9.876e-02 9.330e+00 0.000e+00
5.477e-03 2.297e-01 1.030e-01 6.985e+00 0.000e+00
6.000e-03 2.094e-01 1.072e-01 5.222e+00 0.000e+00
6.046e-03 2.078e-01 1.075e-01 5.096e+00 0.000e+00
6.675e-03 1.880e-01 1.118e-01 3.711e+00 0.000e+00
7.368e-03 1.701e-01 1.161e-01 2.701e+00 0.000e+00
8.000e-03 1.562e-01 1.195e-01 2.071e+00 0.000e+00
8.134e-03 1.536e-01 1.202e-01 1.962e+00 0.000e+00
8.979e-03 1.383e-01 1.244e-01 1.424e+00 0.000e+00
9.912e-03 1.240e-01 1.284e-01 1.033e+00 0.000e+00
1.000e-02 1.228e-01 1.288e-01 1.003e+00 0.000e+00
1.094e-02 1.106e-01 1.324e-01 7.483e-01 0.000e+00
1.208e-02 9.794e-02 1.362e-01 5.409e-01 0.000e+00
1.334e-02 8.617e-02 1.398e-01 3.906e-01 0.000e+00
1.472e-02 7.538e-02 1.432e-01 2.825e-01 0.000e+00
1.500e-02 7.342e-02 1.438e-01 2.655e-01 0.000e+00
1.625e-02 6.545e-02 1.462e-01 2.038e-01 0.000e+00
1.794e-02 5.646e-02 1.488e-01 1.470e-01 0.000e+00
1.980e-02 4.847e-02 1.510e-01 1.060e-01 0.000e+00
2.000e-02 4.770e-02 1.512e-01 1.025e-01 0.000e+00
2.186e-02 4.139e-02 1.527e-01 7.628e-02 0.000e+00
2.413e-02 3.522e-02 1.540e-01 5.491e-02 0.000e+00
2.664e-02 2.985e-02 1.549e-01 3.949e-02 0.000e+00
2.941e-02 2.523e-02 1.554e-01 2.838e-02 0.000e+00
3.000e-02 2.438e-02 1.554e-01 2.656e-02 0.000e+00
3.247e-02 2.126e-02 1.555e-01 2.039e-02 0.000e+00
3.584e-02 1.788e-02 1.552e-01 1.465e-02 0.000e+00
3.957e-02 1.499e-02 1.546e-01 1.051e-02 0.000e+00
4.000e-02 1.470e-02 1.545e-01 1.014e-02 0.000e+00
4.368e-02 1.254e-02 1.537e-01 7.546e-03 0.000e+00
4.822e-02 1.047e-02 1.524e-01 5.414e-03 0.000e+00
5.000e-02 9.793e-03 1.519e-01 4.794e-03 0.000e+00
5.323e-02 8.722e-03 1.509e-01 3.885e-03 0.000e+00
5.876e-02 7.253e-03 1.492e-01 2.788e-03 0.000e+00
6.000e-02 6.974e-03 1.488e-01 2.599e-03 0.000e+00
6.486e-02 6.021e-03 1.472e-01 2.000e-03 0.000e+00
7.161e-02 4.986e-03 1.450e-01 1.434e-03 0.000e+00
7.905e-02 4.125e-03 1.425e-01 1.029e-03 0.000e+00
8.000e-02 4.031e-03 1.422e-01 9.887e-04 0.000e+00
8.726e-02 3.409e-03 1.399e-01 7.397e-04 0.000e+00
9.633e-02 2.813e-03 1.371e-01 5.320e-04 0.000e+00
1.000e-01 2.616e-03 1.360e-01 4.697e-04 0.000e+00
1.063e-01 2.322e-03 1.342e-01 3.832e-04 0.000e+00
1.174e-01 1.912e-03 1.311e-01 2.754e-04 0.000e+00
1.296e-01 1.574e-03 1.279e-01 1.983e-04 0.000e+00
1.431e-01 1.295e-03 1.247e-01 1.429e-04 0.000e+00
1.500e-01 1.180e-03 1.230e-01 1.224e-04 0.000e+00
1.579e-01 1.066e-03 1.213e-01 1.034e-04 0.000e+00
1.743e-01 8.762e-04 1.178e-01 7.485e-05 0.000e+00
1.925e-01 7.194e-04 1.143e-01 5.423e-05 0.000e+00
2.000e-01 6.668e-04 1.129e-01 4.794e-05 0.000e+00
2.125e-01 5.911e-04 1.107e-01 3.946e-05 0.000e+00
2.345e-01 4.859e-04 1.072e-01 2.883e-05 0.000e+00
2.589e-01 3.991e-04 1.036e-01 2.111e-05 0.000e+00
2.858e-01 3.278e-04 1.001e-01 1.554e-05 0.000e+00
3.000e-01 2.976e-04 9.832e-02 1.339e-05 0.000e+00
3.155e-01 2.691e-04 9.652e-02 1.149e-05 0.000e+00
3.483e-01 2.209e-04 9.302e-02 8.544e-06 0.000e+00
3.845e-01 1.814e-04 8.955e-02 6.390e-06 0.000e+00
4.000e-01 1.676e-04 8.818e-02 5.698e-06 0.000e+00
4.245e-01 1.488e-04 8.612e-02 4.807e-06 0.000e+00
4.686e-01 1.222e-04 8.274e-02 3.647e-06 0.000e+00
5.000e-01 1.073e-04 8.055e-02 3.062e-06 0.000e+00
5.173e-01 1.003e-04 7.941e-02 2.800e-06 0.000e+00
5.710e-01 8.234e-05 7.615e-02 2.167e-06 0.000e+00
6.000e-01 7.459e-05 7.453e-02 1.903e-06 0.000e+00
6.304e-01 6.757e-05 7.293e-02 1.668e-06 0.000e+00
6.959e-01 5.545e-05 6.978e-02 1.289e-06 0.000e+00
7.682e-01 4.550e-05 6.670e-02 1.032e-06 0.000e+00
8.000e-01 4.196e-05 6.545e-02 9.592e-07 0.000e+00
8.480e-01 3.734e-05 6.369e-02 8.790e-07 0.000e+00
9.361e-01 3.064e-05 6.077e-02 7.355e-07 0.000e+00
1.000e+00 2.685e-05 5.888e-02 5.966e-07 0.000e+00
1.022e+00 2.571e-05 5.827e-02 5.455e-07 0.000e+00
1.033e+00 2.517e-05 5.797e-02 5.238e-07 2.127e-09
1.141e+00 2.063e-05 5.517e-02 4.147e-07 2.031e-06
1.250e+00 1.719e-05 5.264e-02 3.706e-07 1.103e-05
1.259e+00 1.695e-05 5.244e-02 3.670e-07 1.215e-05
1.390e+00 1.390e-05 4.981e-02 3.109e-07 3.455e-05
1.500e+00 1.194e-05 4.784e-02 2.693e-07 6.150e-05
1.535e+00 1.140e-05 4.726e-02 2.583e-07 7.142e-05
1.694e+00 9.370e-06 4.481e-02 2.191e-07 1.233e-04
1.870e+00 7.691e-06 4.242e-02 1.883e-07 1.909e-04
2.000e+00 6.718e-06 4.083e-02 1.702e-07 2.455e-04
2.044e+00 6.428e-06 4.032e-02 1.647e-07 2.647e-04
2.065e+00 6.297e-06 4.009e-02 1.622e-07 2.739e-04
2.279e+00 5.163e-06 3.786e-02 1.402e-07 3.707e-04
2.516e+00 4.237e-06 3.572e-02 1.218e-07 4.819e-04
2.778e+00 3.479e-06 3.366e-02 1.062e-07 6.075e-04
3.000e+00 2.985e-06 3.212e-02 9.575e-08 7.147e-04
3.066e+00 2.858e-06 3.170e-02 9.301e-08 7.467e-04
3.385e+00 2.345e-06 2.980e-02 8.164e-08 9.005e-04
3.737e+00 1.924e-06 2.799e-02 7.187e-08 1.067e-03
4.000e+00 1.679e-06 2.679e-02 6.595e-08 1.189e-03
4.125e+00 1.579e-06 2.626e-02 6.347e-08 1.246e-03
4.554e+00 1.295e-06 2.462e-02 5.618e-08 1.435e-03
5.000e+00 1.075e-06 2.314e-02 5.017e-08 1.625e-03
5.027e+00 1.063e-06 2.306e-02 4.985e-08 1.637e-03
5.549e+00 8.726e-07 2.157e-02 4.431e-08 1.850e-03
6.000e+00 7.464e-07 2.045e-02 4.042e-08 2.027e-03
6.126e+00 7.160e-07 2.016e-02 3.945e-08 2.075e-03
6.762e+00 5.875e-07 1.883e-02 3.518e-08 2.307e-03
7.000e+00 5.482e-07 1.838e-02 3.381e-08 2.389e-03
7.465e+00 4.820e-07 1.757e-02 3.142e-08 2.548e-03
8.000e+00 4.197e-07 1.673e-02 2.905e-08 2.721e-03
8.241e+00 3.955e-07 1.638e-02 2.809e-08 2.796e-03
9.000e+00 3.317e-07 1.538e-02 2.546e-08 3.023e-03
9.097e+00 3.246e-07 1.526e-02 2.516e-08 3.052e-03
1.000e+01 2.687e-07 1.425e-02 2.265e-08 3.301e-03
1.004e+01 2.665e-07 1.421e-02 2.256e-08 3.312e-03
1.100e+01 2.220e-07 1.329e-02 2.040e-08 3.555e-03
1.109e+01 2.184e-07 1.321e-02 2.022e-08 3.577e-03
1.200e+01 1.866e-07 1.246e-02 1.855e-08 3.789e-03
1.224e+01 1.793e-07 1.228e-02 1.816e-08 3.843e-03
1.300e+01 1.590e-07 1.174e-02 1.701e-08 4.009e-03
1.351e+01 1.472e-07 1.141e-02 1.632e-08 4.115e-03
1.400e+01 1.371e-07 1.111e-02 1.571e-08 4.213e-03
1.491e+01 1.208e-07 1.059e-02 1.468e-08 4.388e-03
1.500e+01 1.194e-07 1.054e-02 1.459e-08 4.405e-03
1.600e+01 1.049e-07 1.004e-02 1.362e-08 4.587e-03
1.646e+01 9.916e-08 9.830e-03 1.321e-08 4.666e-03
1.800e+01 8.289e-08 9.180e-03 1.202e-08 4.921e-03
1.818e+01 8.126e-08 9.110e-03 1.189e-08 4.949e-03
2.000e+01 6.718e-08 8.461e-03 1.075e-08 5.221e-03
