# BARIUM from NIST Database
3.500e+00 0.000e+00 0.000e+00 0.000e+00 0.000e+00
5.600e+01 1.000e+00 3.500e+00 0.000e+00 0.000e+00
0.000e+00 0.000e+00 0.000e+00 0.000e+00 0.000e+00
1.000e-03 8.521e+00 6.863e-03 8.534e+03 0.000e+00
1.020e-03 8.501e+00 7.033e-03 8.164e+03 0.000e+00
1.062e-03 8.459e+00 7.394e-03 7.459e+03 0.000e+00
1.062e-03 8.459e+00 7.394e-03 8.538e+03 0.000e+00
1.126e-03 8.395e+00 7.932e-03 7.547e+03 0.000e+00
1.137e-03 8.385e+00 8.021e-03 7.398e+03 0.000e+00
1.137e-03 8.385e+00 8.021e-03 7.828e+03 0.000e+00
1.243e-03 8.281e+00 8.866e-03 6.492e+03 0.000e+00
1.293e-03 8.231e+00 9.257e-03 5.981e+03 0.000e+00
1.293e-03 8.231e+00 9.257e-03 6.249e+03 0.000e+00
1.372e-03 8.150e+00 9.893e-03 5.475e+03 0.000e+00
1.500e-03 8.016e+00 1.094e-02 4.490e+03 0.000e+00
1.515e-03 8.001e+00 1.106e-02 4.389e+03 0.000e+00
1.672e-03 7.840e+00 1.232e-02 3.495e+03 0.000e+00
1.846e-03 7.665e+00 1.369e-02 2.781e+03 0.000e+00
2.000e-03 7.512e+00 1.490e-02 2.311e+03 0.000e+00
2.038e-03 7.475e+00 1.519e-02 2.208e+03 0.000e+00
2.250e-03 7.268e+00 1.684e-02 1.736e+03 0.000e+00
2.483e-03 7.045e+00 1.863e-02 1.366e+03 0.000e+00
2.741e-03 6.802e+00 2.058e-02 1.075e+03 0.000e+00
3.000e-03 6.565e+00 2.251e-02 8.630e+02 0.000e+00
3.026e-03 6.541e+00 2.270e-02 8.445e+02 0.000e+00
3.341e-03 6.262e+00 2.499e-02 6.584e+02 0.000e+00
3.688e-03 5.972e+00 2.743e-02 5.136e+02 0.000e+00
4.000e-03 5.727e+00 2.955e-02 4.188e+02 0.000e+00
4.071e-03 5.674e+00 3.002e-02 4.003e+02 0.000e+00
4.494e-03 5.371e+00 3.275e-02 3.107e+02 0.000e+00
4.961e-03 5.059e+00 3.557e-02 2.411e+02 0.000e+00
5.000e-03 5.034e+00 3.580e-02 2.363e+02 0.000e+00
5.247e-03 4.881e+00 3.721e-02 2.086e+02 0.000e+00
5.247e-03 4.881e+00 3.721e-02 6.047e+02 0.000e+00
5.477e-03 4.748e+00 3.848e-02 5.457e+02 0.000e+00
5.624e-03 4.662e+00 3.927e-02 5.122e+02 0.000e+00
5.624e-03 4.662e+00 3.927e-02 6.968e+02 0.000e+00
5.803e-03 4.552e+00 4.021e-02 6.449e+02 0.000e+00
5.989e-03 4.460e+00 4.116e-02 5.968e+02 0.000e+00
5.989e-03 4.460e+00 4.116e-02 6.889e+02 0.000e+00
6.000e-03 4.455e+00 4.122e-02 6.854e+02 0.000e+00
6.046e-03 4.437e+00 4.145e-02 6.722e+02 0.000e+00
6.675e-03 4.155e+00 4.451e-02 5.227e+02 0.000e+00
7.368e-03 3.828e+00 4.765e-02 4.066e+02 0.000e+00
8.000e-03 3.555e+00 5.034e-02 3.299e+02 0.000e+00
8.134e-03 3.502e+00 5.090e-02 3.157e+02 0.000e+00
8.979e-03 3.202e+00 5.430e-02 2.432e+02 0.000e+00
9.912e-03 2.922e+00 5.783e-02 1.874e+02 0.000e+00
1.000e-02 2.897e+00 5.815e-02 1.830e+02 0.000e+00
1.094e-02 2.655e+00 6.146e-02 1.437e+02 0.000e+00
1.208e-02 2.401e+00 6.519e-02 1.101e+02 0.000e+00
1.334e-02 2.163e+00 6.897e-02 8.429e+01 0.000e+00
1.472e-02 1.945e+00 7.270e-02 6.468e+01 0.000e+00
1.500e-02 1.905e+00 7.341e-02 6.148e+01 0.000e+00
1.625e-02 1.744e+00 7.639e-02 4.936e+01 0.000e+00
1.794e-02 1.558e+00 7.997e-02 3.763e+01 0.000e+00
1.980e-02 1.384e+00 8.342e-02 2.871e+01 0.000e+00
2.000e-02 1.367e+00 8.376e-02 2.793e+01 0.000e+00
2.186e-02 1.221e+00 8.671e-02 2.180e+01 0.000e+00
2.413e-02 1.071e+00 8.982e-02 1.655e+01 0.000e+00
2.664e-02 9.334e-01 9.274e-02 1.256e+01 0.000e+00
2.941e-02 8.098e-01 9.543e-02 9.534e+00 0.000e+00
3.000e-02 7.867e-01 9.595e-02 9.020e+00 0.000e+00
3.247e-02 7.001e-01 9.791e-02 7.218e+00 0.000e+00
3.584e-02 6.040e-01 1.002e-01 5.466e+00 0.000e+00
3.744e-02 5.657e-01 1.011e-01 4.833e+00 0.000e+00
3.744e-02 5.657e-01 1.011e-01 2.852e+01 0.000e+00
3.957e-02 5.206e-01 1.022e-01 2.465e+01 0.000e+00
4.000e-02 5.122e-01 1.024e-01 2.396e+01 0.000e+00
4.368e-02 4.483e-01 1.039e-01 1.902e+01 0.000e+00
4.822e-02 3.852e-01 1.054e-01 1.466e+01 0.000e+00
5.000e-02 3.642e-01 1.059e-01 1.332e+01 0.000e+00
5.323e-02 3.303e-01 1.066e-01 1.126e+01 0.000e+00
5.876e-02 2.822e-01 1.075e-01 8.607e+00 0.000e+00
6.000e-02 2.729e-01 1.076e-01 8.130e+00 0.000e+00
6.486e-02 2.403e-01 1.081e-01 6.571e+00 0.000e+00
7.161e-02 2.037e-01 1.083e-01 5.007e+00 0.000e+00
7.905e-02 1.721e-01 1.083e-01 3.810e+00 0.000e+00
8.000e-02 1.686e-01 1.082e-01 3.686e+00 0.000e+00
8.726e-02 1.451e-01 1.079e-01 2.894e+00 0.000e+00
9.633e-02 1.221e-01 1.072e-01 2.193e+00 0.000e+00
1.000e-01 1.143e-01 1.068e-01 1.974e+00 0.000e+00
1.063e-01 1.027e-01 1.062e-01 1.662e+00 0.000e+00
1.174e-01 8.616e-02 1.049e-01 1.255e+00 0.000e+00
1.296e-01 7.228e-02 1.034e-01 9.483e-01 0.000e+00
1.431e-01 6.056e-02 1.017e-01 7.158e-01 0.000e+00
1.500e-01 5.565e-02 1.008e-01 6.262e-01 0.000e+00
1.579e-01 5.074e-02 9.980e-02 5.413e-01 0.000e+00
1.743e-01 4.242e-02 9.770e-02 4.089e-01 0.000e+00
1.925e-01 3.538e-02 9.545e-02 3.086e-01 0.000e+00
2.000e-01 3.298e-02 9.455e-02 2.770e-01 0.000e+00
2.125e-01 2.949e-02 9.308e-02 2.335e-01 0.000e+00
2.345e-01 2.455e-02 9.061e-02 1.771e-01 0.000e+00
2.589e-01 2.039e-02 8.805e-02 1.344e-01 0.000e+00
2.858e-01 1.692e-02 8.542e-02 1.023e-01 0.000e+00
3.000e-01 1.543e-02 8.411e-02 8.955e-02 0.000e+00
3.155e-01 1.402e-02 8.274e-02 7.807e-02 0.000e+00
3.483e-01 1.161e-02 8.001e-02 5.981e-02 0.000e+00
3.845e-01 9.602e-03 7.727e-02 4.601e-02 0.000e+00
4.000e-01 8.898e-03 7.617e-02 4.148e-02 0.000e+00
4.245e-01 7.933e-03 7.452e-02 3.555e-02 0.000e+00
4.686e-01 6.550e-03 7.178e-02 2.762e-02 0.000e+00
5.000e-01 5.775e-03 6.999e-02 2.347e-02 0.000e+00
5.173e-01 5.406e-03 6.905e-02 2.157e-02 0.000e+00
5.710e-01 4.461e-03 6.634e-02 1.696e-02 0.000e+00
6.000e-01 4.051e-03 6.499e-02 1.506e-02 0.000e+00
6.304e-01 3.678e-03 6.364e-02 1.341e-02 0.000e+00
6.959e-01 3.031e-03 6.097e-02 1.067e-02 0.000e+00
7.682e-01 2.496e-03 5.836e-02 8.548e-03 0.000e+00
8.000e-01 2.304e-03 5.732e-02 7.819e-03 0.000e+00
8.480e-01 2.054e-03 5.584e-02 6.893e-03 0.000e+00
9.361e-01 1.690e-03 5.336e-02 5.595e-03 0.000e+00
1.000e+00 1.484e-03 5.166e-02 4.885e-03 0.000e+00
1.022e+00 1.421e-03 5.109e-02 4.675e-03 0.000e+00
1.033e+00 1.392e-03 5.081e-02 4.575e-03 5.030e-08
1.141e+00 1.143e-03 4.838e-02 3.757e-03 4.180e-05
1.250e+00 9.538e-04 4.626e-02 3.153e-03 2.019e-04
1.259e+00 9.403e-04 4.610e-02 3.111e-03 2.204e-04
1.390e+00 7.725e-04 4.380e-02 2.589e-03 5.624e-04
1.500e+00 6.639e-04 4.207e-02 2.256e-03 9.332e-04
1.535e+00 6.341e-04 4.155e-02 2.165e-03 1.063e-03
1.694e+00 5.211e-04 3.940e-02 1.819e-03 1.709e-03
1.870e+00 4.279e-04 3.732e-02 1.534e-03 2.495e-03
2.000e+00 3.743e-04 3.593e-02 1.371e-03 3.104e-03
2.044e+00 3.584e-04 3.549e-02 1.323e-03 3.313e-03
2.065e+00 3.512e-04 3.528e-02 1.301e-03 3.412e-03
2.279e+00 2.885e-04 3.333e-02 1.109e-03 4.430e-03
2.516e+00 2.369e-04 3.145e-02 9.493e-04 5.546e-03
2.778e+00 1.944e-04 2.965e-02 8.152e-04 6.746e-03
3.000e+00 1.667e-04 2.829e-02 7.262e-04 7.732e-03
3.066e+00 1.596e-04 2.792e-02 7.031e-04 8.019e-03
3.385e+00 1.309e-04 2.625e-02 6.084e-04 9.369e-03
3.737e+00 1.074e-04 2.466e-02 5.282e-04 1.078e-02
4.000e+00 9.380e-05 2.361e-02 4.802e-04 1.180e-02
4.125e+00 8.821e-05 2.314e-02 4.601e-04 1.226e-02
4.554e+00 7.240e-05 2.169e-02 4.019e-04 1.381e-02
5.000e+00 6.008e-05 2.039e-02 3.546e-04 1.531e-02
5.027e+00 5.943e-05 2.032e-02 3.521e-04 1.540e-02
5.549e+00 4.878e-05 1.901e-02 3.093e-04 1.702e-02
6.000e+00 4.172e-05 1.802e-02 2.796e-04 1.834e-02
6.126e+00 4.002e-05 1.777e-02 2.723e-04 1.870e-02
6.762e+00 3.285e-05 1.660e-02 2.403e-04 2.043e-02
7.000e+00 3.065e-05 1.620e-02 2.301e-04 2.105e-02
7.465e+00 2.695e-05 1.549e-02 2.124e-04 2.221e-02
8.000e+00 2.347e-05 1.475e-02 1.951e-04 2.347e-02
8.241e+00 2.212e-05 1.444e-02 1.882e-04 2.402e-02
9.000e+00 1.855e-05 1.355e-02 1.692e-04 2.568e-02
9.097e+00 1.815e-05 1.345e-02 1.670e-04 2.588e-02
1.000e+01 1.502e-05 1.256e-02 1.492e-04 2.770e-02
1.004e+01 1.490e-05 1.252e-02 1.485e-04 2.778e-02
1.100e+01 1.241e-05 1.172e-02 1.334e-04 2.957e-02
1.109e+01 1.221e-05 1.165e-02 1.321e-04 2.973e-02
1.200e+01 1.043e-05 1.099e-02 1.206e-04 3.130e-02
1.224e+01 1.003e-05 1.082e-02 1.179e-04 3.170e-02
1.300e+01 8.889e-06 1.035e-02 1.100e-04 3.291e-02
1.351e+01 8.231e-06 1.006e-02 1.052e-04 3.369e-02
1.400e+01 7.665e-06 9.792e-03 1.010e-04 3.440e-02
1.491e+01 6.760e-06 9.339e-03 9.409e-05 3.567e-02
1.500e+01 6.679e-06 9.297e-03 9.345e-05 3.579e-02
1.600e+01 5.867e-06 8.854e-03 8.692e-05 3.707e-02
1.646e+01 5.543e-06 8.665e-03 8.420e-05 3.763e-02
1.800e+01 4.635e-06 8.091e-03 7.622e-05 3.940e-02
1.818e+01 4.544e-06 8.029e-03 7.538e-05 3.959e-02
2.000e+01 3.756e-06 7.464e-03 6.788e-05 4.148e-02
