# BAKELITE from NIST Database
1.250e+00 0.000e+00 0.000e+00 0.000e+00 0.000e+00
1.000e+00 5.699e-02 3.500e+00 0.000e+00 0.000e+00
6.000e+00 6.450e-02 3.500e+00 0.000e+00 0.000e+00
8.000e+00 1.050e-02 3.500e+00 0.000e+00 0.000e+00
0.000e+00 0.000e+00 0.000e+00 0.000e+00 0.000e+00
1.000e-03 1.108e+00 1.410e-02 2.483e+03 0.000e+00
1.020e-03 1.103e+00 1.460e-02 2.350e+03 0.000e+00
1.126e-03 1.078e+00 1.734e-02 1.788e+03 0.000e+00
1.243e-03 1.052e+00 2.055e-02 1.359e+03 0.000e+00
1.372e-03 1.023e+00 2.426e-02 1.031e+03 0.000e+00
1.500e-03 9.935e-01 2.805e-02 8.018e+02 0.000e+00
1.515e-03 9.899e-01 2.850e-02 7.795e+02 0.000e+00
1.672e-03 9.517e-01 3.325e-02 5.882e+02 0.000e+00
1.846e-03 9.086e-01 3.853e-02 4.421e+02 0.000e+00
2.000e-03 8.707e-01 4.320e-02 3.502e+02 0.000e+00
2.038e-03 8.614e-01 4.434e-02 3.315e+02 0.000e+00
2.250e-03 8.109e-01 5.065e-02 2.481e+02 0.000e+00
2.483e-03 7.580e-01 5.738e-02 1.856e+02 0.000e+00
2.741e-03 7.032e-01 6.452e-02 1.384e+02 0.000e+00
3.000e-03 6.524e-01 7.130e-02 1.057e+02 0.000e+00
3.026e-03 6.476e-01 7.195e-02 1.030e+02 0.000e+00
3.341e-03 5.919e-01 7.957e-02 7.652e+01 0.000e+00
3.688e-03 5.376e-01 8.720e-02 5.676e+01 0.000e+00
4.000e-03 4.945e-01 9.341e-02 4.435e+01 0.000e+00
4.071e-03 4.854e-01 9.474e-02 4.203e+01 0.000e+00
4.494e-03 4.361e-01 1.020e-01 3.107e+01 0.000e+00
4.961e-03 3.903e-01 1.090e-01 2.293e+01 0.000e+00
5.000e-03 3.869e-01 1.095e-01 2.238e+01 0.000e+00
5.477e-03 3.483e-01 1.156e-01 1.689e+01 0.000e+00
6.000e-03 3.131e-01 1.213e-01 1.272e+01 0.000e+00
6.046e-03 3.103e-01 1.217e-01 1.242e+01 0.000e+00
6.675e-03 2.760e-01 1.274e-01 9.119e+00 0.000e+00
7.368e-03 2.454e-01 1.327e-01 6.689e+00 0.000e+00
8.000e-03 2.224e-01 1.369e-01 5.161e+00 0.000e+00
8.134e-03 2.180e-01 1.377e-01 4.898e+00 0.000e+00
8.979e-03 1.936e-01 1.423e-01 3.582e+00 0.000e+00
9.912e-03 1.719e-01 1.467e-01 2.616e+00 0.000e+00
1.000e-02 1.700e-01 1.471e-01 2.543e+00 0.000e+00
1.094e-02 1.523e-01 1.508e-01 1.909e+00 0.000e+00
1.208e-02 1.346e-01 1.547e-01 1.390e+00 0.000e+00
1.334e-02 1.185e-01 1.583e-01 1.010e+00 0.000e+00
1.472e-02 1.041e-01 1.617e-01 7.351e-01 0.000e+00
1.500e-02 1.014e-01 1.623e-01 6.916e-01 0.000e+00
1.625e-02 9.085e-02 1.648e-01 5.336e-01 0.000e+00
1.794e-02 7.890e-02 1.676e-01 3.869e-01 0.000e+00
1.980e-02 6.820e-02 1.701e-01 2.805e-01 0.000e+00
2.000e-02 6.717e-02 1.703e-01 2.715e-01 0.000e+00
2.186e-02 5.861e-02 1.721e-01 2.030e-01 0.000e+00
2.413e-02 5.014e-02 1.736e-01 1.469e-01 0.000e+00
2.664e-02 4.271e-02 1.748e-01 1.061e-01 0.000e+00
2.941e-02 3.624e-02 1.755e-01 7.662e-02 0.000e+00
3.000e-02 3.505e-02 1.756e-01 7.176e-02 0.000e+00
3.247e-02 3.065e-02 1.758e-01 5.528e-02 0.000e+00
3.584e-02 2.586e-02 1.757e-01 3.989e-02 0.000e+00
3.957e-02 2.175e-02 1.751e-01 2.874e-02 0.000e+00
4.000e-02 2.134e-02 1.751e-01 2.773e-02 0.000e+00
4.368e-02 1.826e-02 1.742e-01 2.071e-02 0.000e+00
4.822e-02 1.529e-02 1.730e-01 1.492e-02 0.000e+00
5.000e-02 1.432e-02 1.725e-01 1.323e-02 0.000e+00
5.323e-02 1.278e-02 1.714e-01 1.074e-02 0.000e+00
5.876e-02 1.066e-02 1.695e-01 7.735e-03 0.000e+00
6.000e-02 1.026e-02 1.691e-01 7.216e-03 0.000e+00
6.486e-02 8.877e-03 1.674e-01 5.569e-03 0.000e+00
7.161e-02 7.376e-03 1.649e-01 4.006e-03 0.000e+00
7.905e-02 6.120e-03 1.622e-01 2.884e-03 0.000e+00
8.000e-02 5.983e-03 1.619e-01 2.772e-03 0.000e+00
8.726e-02 5.071e-03 1.593e-01 2.077e-03 0.000e+00
9.633e-02 4.194e-03 1.562e-01 1.496e-03 0.000e+00
1.000e-01 3.903e-03 1.550e-01 1.321e-03 0.000e+00
1.063e-01 3.468e-03 1.529e-01 1.079e-03 0.000e+00
1.174e-01 2.860e-03 1.494e-01 7.776e-04 0.000e+00
1.296e-01 2.359e-03 1.458e-01 5.616e-04 0.000e+00
1.431e-01 1.943e-03 1.421e-01 4.057e-04 0.000e+00
1.500e-01 1.771e-03 1.403e-01 3.478e-04 0.000e+00
1.579e-01 1.601e-03 1.383e-01 2.942e-04 0.000e+00
1.743e-01 1.318e-03 1.344e-01 2.134e-04 0.000e+00
1.925e-01 1.083e-03 1.304e-01 1.549e-04 0.000e+00
2.000e-01 1.004e-03 1.288e-01 1.370e-04 0.000e+00
2.125e-01 8.904e-04 1.263e-01 1.129e-04 0.000e+00
2.345e-01 7.324e-04 1.223e-01 8.260e-05 0.000e+00
2.589e-01 6.018e-04 1.183e-01 6.059e-05 0.000e+00
2.858e-01 4.944e-04 1.142e-01 4.466e-05 0.000e+00
3.000e-01 4.489e-04 1.122e-01 3.852e-05 0.000e+00
3.155e-01 4.061e-04 1.102e-01 3.308e-05 0.000e+00
3.483e-01 3.335e-04 1.062e-01 2.463e-05 0.000e+00
3.845e-01 2.738e-04 1.022e-01 1.844e-05 0.000e+00
4.000e-01 2.530e-04 1.006e-01 1.646e-05 0.000e+00
4.245e-01 2.247e-04 9.828e-02 1.389e-05 0.000e+00
4.686e-01 1.845e-04 9.443e-02 1.055e-05 0.000e+00
5.000e-01 1.621e-04 9.193e-02 8.860e-06 0.000e+00
5.173e-01 1.515e-04 9.063e-02 8.099e-06 0.000e+00
5.710e-01 1.244e-04 8.689e-02 6.269e-06 0.000e+00
6.000e-01 1.126e-04 8.504e-02 5.513e-06 0.000e+00
6.304e-01 1.021e-04 8.322e-02 4.844e-06 0.000e+00
6.959e-01 8.376e-05 7.964e-02 3.764e-06 0.000e+00
7.682e-01 6.874e-05 7.614e-02 3.008e-06 0.000e+00
8.000e-01 6.338e-05 7.471e-02 2.781e-06 0.000e+00
8.480e-01 5.641e-05 7.269e-02 2.519e-06 0.000e+00
9.361e-01 4.630e-05 6.934e-02 2.088e-06 0.000e+00
1.000e+00 4.058e-05 6.719e-02 1.729e-06 0.000e+00
1.022e+00 3.885e-05 6.650e-02 1.601e-06 0.000e+00
1.033e+00 3.803e-05 6.616e-02 1.546e-06 2.850e-09
1.141e+00 3.118e-05 6.297e-02 1.237e-06 2.710e-06
1.250e+00 2.598e-05 6.009e-02 1.087e-06 1.468e-05
1.259e+00 2.560e-05 5.986e-02 1.076e-06 1.615e-05
1.390e+00 2.101e-05 5.686e-02 9.080e-07 4.581e-05
1.500e+00 1.804e-05 5.462e-02 7.891e-07 8.143e-05
1.535e+00 1.723e-05 5.395e-02 7.574e-07 9.454e-05
1.694e+00 1.415e-05 5.115e-02 6.424e-07 1.631e-04
1.870e+00 1.161e-05 4.841e-02 5.508e-07 2.524e-04
2.000e+00 1.015e-05 4.660e-02 4.974e-07 3.246e-04
2.044e+00 9.714e-06 4.603e-02 4.812e-07 3.499e-04
2.065e+00 9.517e-06 4.576e-02 4.738e-07 3.621e-04
2.279e+00 7.812e-06 4.322e-02 4.093e-07 4.897e-04
2.516e+00 6.410e-06 4.078e-02 3.551e-07 6.362e-04
2.778e+00 5.259e-06 3.842e-02 3.093e-07 8.013e-04
3.000e+00 4.510e-06 3.667e-02 2.786e-07 9.419e-04
3.066e+00 4.319e-06 3.618e-02 2.706e-07 9.837e-04
3.385e+00 3.543e-06 3.402e-02 2.373e-07 1.185e-03
3.737e+00 2.907e-06 3.195e-02 2.088e-07 1.402e-03
4.000e+00 2.537e-06 3.058e-02 1.915e-07 1.560e-03
4.125e+00 2.386e-06 2.998e-02 1.843e-07 1.634e-03
4.554e+00 1.957e-06 2.810e-02 1.630e-07 1.881e-03
5.000e+00 1.624e-06 2.641e-02 1.454e-07 2.128e-03
5.027e+00 1.606e-06 2.632e-02 1.444e-07 2.143e-03
5.549e+00 1.318e-06 2.462e-02 1.283e-07 2.420e-03
6.000e+00 1.128e-06 2.335e-02 1.170e-07 2.648e-03
6.126e+00 1.082e-06 2.301e-02 1.141e-07 2.710e-03
6.762e+00 8.876e-07 2.150e-02 1.018e-07 3.010e-03
7.000e+00 8.283e-07 2.098e-02 9.777e-08 3.117e-03
7.465e+00 7.284e-07 2.006e-02 9.081e-08 3.321e-03
8.000e+00 6.344e-07 1.910e-02 8.393e-08 3.544e-03
8.241e+00 5.978e-07 1.870e-02 8.116e-08 3.642e-03
9.000e+00 5.012e-07 1.755e-02 7.353e-08 3.935e-03
9.097e+00 4.906e-07 1.742e-02 7.265e-08 3.971e-03
1.000e+01 4.059e-07 1.626e-02 6.540e-08 4.292e-03
1.004e+01 4.027e-07 1.622e-02 6.511e-08 4.306e-03
1.100e+01 3.355e-07 1.517e-02 5.887e-08 4.619e-03
1.109e+01 3.301e-07 1.508e-02 5.834e-08 4.647e-03
1.200e+01 2.819e-07 1.423e-02 5.352e-08 4.920e-03
1.224e+01 2.710e-07 1.402e-02 5.238e-08 4.990e-03
1.300e+01 2.402e-07 1.340e-02 4.906e-08 5.201e-03
1.351e+01 2.224e-07 1.302e-02 4.706e-08 5.338e-03
1.400e+01 2.071e-07 1.268e-02 4.528e-08 5.465e-03
1.491e+01 1.826e-07 1.209e-02 4.232e-08 5.688e-03
1.500e+01 1.804e-07 1.204e-02 4.205e-08 5.709e-03
1.600e+01 1.586e-07 1.146e-02 3.925e-08 5.943e-03
1.646e+01 1.498e-07 1.122e-02 3.808e-08 6.046e-03
1.800e+01 1.253e-07 1.048e-02 3.462e-08 6.369e-03
1.818e+01 1.228e-07 1.040e-02 3.426e-08 6.404e-03
2.000e+01 1.015e-07 9.660e-03 3.097e-08 6.752e-03
