# BERYLLIUM from NIST Database
1.848e+00 0.000e+00 0.000e+00 0.000e+00 0.000e+00
4.000e+00 1.000e+00 3.500e+00 0.000e+00 0.000e+00
0.000e+00 0.000e+00 0.000e+00 0.000e+00 0.000e+00
1.000e-03 5.918e-01 2.091e-02 6.035e+02 0.000e+00
1.020e-03 5.873e-01 2.156e-02 5.690e+02 0.000e+00
1.126e-03 5.649e-01 2.510e-02 4.238e+02 0.000e+00
1.243e-03 5.421e-01 2.913e-02 3.154e+02 0.000e+00
1.372e-03 5.181e-01 3.359e-02 2.345e+02 0.000e+00
1.500e-03 4.948e-01 3.792e-02 1.792e+02 0.000e+00
1.515e-03 4.920e-01 3.842e-02 1.738e+02 0.000e+00
1.672e-03 4.640e-01 4.343e-02 1.288e+02 0.000e+00
1.846e-03 4.345e-01 4.860e-02 9.505e+01 0.000e+00
2.000e-03 4.103e-01 5.284e-02 7.424e+01 0.000e+00
2.038e-03 4.046e-01 5.383e-02 7.004e+01 0.000e+00
2.250e-03 3.751e-01 5.905e-02 5.152e+01 0.000e+00
2.483e-03 3.467e-01 6.415e-02 3.789e+01 0.000e+00
2.741e-03 3.195e-01 6.913e-02 2.779e+01 0.000e+00
3.000e-03 2.962e-01 7.350e-02 2.090e+01 0.000e+00
3.026e-03 2.940e-01 7.391e-02 2.034e+01 0.000e+00
3.341e-03 2.703e-01 7.846e-02 1.486e+01 0.000e+00
3.688e-03 2.486e-01 8.281e-02 1.085e+01 0.000e+00
4.000e-03 2.321e-01 8.627e-02 8.366e+00 0.000e+00
4.071e-03 2.287e-01 8.701e-02 7.908e+00 0.000e+00
4.494e-03 2.106e-01 9.115e-02 5.757e+00 0.000e+00
4.961e-03 1.938e-01 9.529e-02 4.185e+00 0.000e+00
5.000e-03 1.926e-01 9.562e-02 4.081e+00 0.000e+00
5.477e-03 1.783e-01 9.950e-02 3.038e+00 0.000e+00
6.000e-03 1.649e-01 1.034e-01 2.259e+00 0.000e+00
6.046e-03 1.637e-01 1.038e-01 2.204e+00 0.000e+00
6.675e-03 1.498e-01 1.081e-01 1.596e+00 0.000e+00
7.368e-03 1.363e-01 1.126e-01 1.155e+00 0.000e+00
8.000e-03 1.254e-01 1.163e-01 8.821e-01 0.000e+00
8.134e-03 1.233e-01 1.170e-01 8.352e-01 0.000e+00
8.979e-03 1.107e-01 1.215e-01 6.034e-01 0.000e+00
9.912e-03 9.855e-02 1.258e-01 4.355e-01 0.000e+00
1.000e-02 9.749e-02 1.262e-01 4.229e-01 0.000e+00
1.094e-02 8.707e-02 1.299e-01 3.142e-01 0.000e+00
1.208e-02 7.628e-02 1.338e-01 2.262e-01 0.000e+00
1.334e-02 6.635e-02 1.374e-01 1.626e-01 0.000e+00
1.472e-02 5.740e-02 1.406e-01 1.172e-01 0.000e+00
1.500e-02 5.580e-02 1.411e-01 1.101e-01 0.000e+00
1.625e-02 4.935e-02 1.433e-01 8.426e-02 0.000e+00
1.794e-02 4.221e-02 1.457e-01 6.054e-02 0.000e+00
1.980e-02 3.597e-02 1.475e-01 4.351e-02 0.000e+00
2.000e-02 3.538e-02 1.477e-01 4.207e-02 0.000e+00
2.186e-02 3.053e-02 1.489e-01 3.122e-02 0.000e+00
2.413e-02 2.584e-02 1.499e-01 2.240e-02 0.000e+00
2.664e-02 2.179e-02 1.505e-01 1.606e-02 0.000e+00
2.941e-02 1.833e-02 1.507e-01 1.151e-02 0.000e+00
3.000e-02 1.770e-02 1.508e-01 1.077e-02 0.000e+00
3.247e-02 1.538e-02 1.506e-01 8.247e-03 0.000e+00
3.584e-02 1.288e-02 1.502e-01 5.912e-03 0.000e+00
3.957e-02 1.075e-02 1.494e-01 4.232e-03 0.000e+00
4.000e-02 1.054e-02 1.493e-01 4.080e-03 0.000e+00
4.368e-02 8.957e-03 1.484e-01 3.030e-03 0.000e+00
4.822e-02 7.447e-03 1.471e-01 2.169e-03 0.000e+00
5.000e-02 6.956e-03 1.465e-01 1.919e-03 0.000e+00
5.323e-02 6.180e-03 1.455e-01 1.554e-03 0.000e+00
5.876e-02 5.121e-03 1.437e-01 1.115e-03 0.000e+00
6.000e-02 4.920e-03 1.433e-01 1.039e-03 0.000e+00
6.486e-02 4.237e-03 1.417e-01 7.992e-04 0.000e+00
7.161e-02 3.500e-03 1.395e-01 5.721e-04 0.000e+00
7.905e-02 2.889e-03 1.372e-01 4.098e-04 0.000e+00
8.000e-02 2.823e-03 1.369e-01 3.936e-04 0.000e+00
8.726e-02 2.382e-03 1.346e-01 2.938e-04 0.000e+00
9.633e-02 1.963e-03 1.318e-01 2.107e-04 0.000e+00
1.000e-01 1.824e-03 1.308e-01 1.859e-04 0.000e+00
1.063e-01 1.617e-03 1.290e-01 1.515e-04 0.000e+00
1.174e-01 1.329e-03 1.260e-01 1.087e-04 0.000e+00
1.296e-01 1.094e-03 1.229e-01 7.819e-05 0.000e+00
1.431e-01 8.987e-04 1.197e-01 5.629e-05 0.000e+00
1.500e-01 8.186e-04 1.181e-01 4.818e-05 0.000e+00
1.579e-01 7.393e-04 1.164e-01 4.068e-05 0.000e+00
1.743e-01 6.075e-04 1.131e-01 2.942e-05 0.000e+00
1.925e-01 4.986e-04 1.098e-01 2.129e-05 0.000e+00
2.000e-01 4.621e-04 1.085e-01 1.881e-05 0.000e+00
2.125e-01 4.095e-04 1.064e-01 1.547e-05 0.000e+00
2.345e-01 3.365e-04 1.030e-01 1.129e-05 0.000e+00
2.589e-01 2.762e-04 9.953e-02 8.262e-06 0.000e+00
2.858e-01 2.268e-04 9.610e-02 6.075e-06 0.000e+00
3.000e-01 2.059e-04 9.442e-02 5.234e-06 0.000e+00
3.155e-01 1.862e-04 9.268e-02 4.490e-06 0.000e+00
3.483e-01 1.528e-04 8.927e-02 3.337e-06 0.000e+00
3.845e-01 1.255e-04 8.592e-02 2.494e-06 0.000e+00
4.000e-01 1.159e-04 8.460e-02 2.224e-06 0.000e+00
4.245e-01 1.030e-04 8.263e-02 1.875e-06 0.000e+00
4.686e-01 8.452e-05 7.941e-02 1.422e-06 0.000e+00
5.000e-01 7.424e-05 7.731e-02 1.193e-06 0.000e+00
5.173e-01 6.936e-05 7.622e-02 1.091e-06 0.000e+00
5.710e-01 5.692e-05 7.306e-02 8.447e-07 0.000e+00
6.000e-01 5.155e-05 7.150e-02 7.411e-07 0.000e+00
6.304e-01 4.670e-05 6.996e-02 6.481e-07 0.000e+00
6.959e-01 3.833e-05 6.695e-02 4.988e-07 0.000e+00
7.682e-01 3.146e-05 6.402e-02 4.003e-07 0.000e+00
8.000e-01 2.901e-05 6.283e-02 3.736e-07 0.000e+00
8.480e-01 2.581e-05 6.115e-02 3.457e-07 0.000e+00
9.361e-01 2.118e-05 5.834e-02 2.914e-07 0.000e+00
1.000e+00 1.856e-05 5.650e-02 2.323e-07 0.000e+00
1.022e+00 1.777e-05 5.590e-02 2.101e-07 0.000e+00
1.033e+00 1.740e-05 5.560e-02 2.008e-07 1.616e-09
1.141e+00 1.426e-05 5.291e-02 1.576e-07 1.546e-06
1.250e+00 1.188e-05 5.052e-02 1.428e-07 8.420e-06
1.259e+00 1.171e-05 5.033e-02 1.415e-07 9.269e-06
1.390e+00 9.609e-06 4.781e-02 1.203e-07 2.641e-05
1.500e+00 8.253e-06 4.592e-02 1.039e-07 4.706e-05
1.535e+00 7.881e-06 4.536e-02 9.961e-08 5.467e-05
1.694e+00 6.471e-06 4.299e-02 8.444e-08 9.450e-05
1.870e+00 5.310e-06 4.070e-02 7.268e-08 1.464e-04
2.000e+00 4.642e-06 3.918e-02 6.578e-08 1.883e-04
2.044e+00 4.444e-06 3.870e-02 6.367e-08 2.030e-04
2.065e+00 4.354e-06 3.848e-02 6.270e-08 2.101e-04
2.279e+00 3.575e-06 3.635e-02 5.426e-08 2.844e-04
2.516e+00 2.933e-06 3.429e-02 4.715e-08 3.702e-04
2.778e+00 2.406e-06 3.231e-02 4.113e-08 4.674e-04
3.000e+00 2.063e-06 3.083e-02 3.709e-08 5.509e-04
3.066e+00 1.975e-06 3.041e-02 3.603e-08 5.757e-04
3.385e+00 1.620e-06 2.860e-02 3.165e-08 6.956e-04
3.737e+00 1.330e-06 2.686e-02 2.789e-08 8.259e-04
4.000e+00 1.161e-06 2.571e-02 2.560e-08 9.214e-04
4.125e+00 1.091e-06 2.521e-02 2.464e-08 9.661e-04
4.554e+00 8.957e-07 2.363e-02 2.181e-08 1.115e-03
5.000e+00 7.431e-07 2.221e-02 1.949e-08 1.266e-03
5.027e+00 7.351e-07 2.213e-02 1.936e-08 1.275e-03
5.549e+00 6.032e-07 2.070e-02 1.722e-08 1.443e-03
6.000e+00 5.158e-07 1.963e-02 1.571e-08 1.583e-03
6.126e+00 4.948e-07 1.935e-02 1.533e-08 1.621e-03
6.762e+00 4.061e-07 1.807e-02 1.368e-08 1.805e-03
7.000e+00 3.789e-07 1.764e-02 1.315e-08 1.871e-03
7.465e+00 3.332e-07 1.686e-02 1.222e-08 1.996e-03
8.000e+00 2.901e-07 1.606e-02 1.130e-08 2.134e-03
8.241e+00 2.734e-07 1.572e-02 1.093e-08 2.194e-03
9.000e+00 2.293e-07 1.476e-02 9.903e-09 2.376e-03
9.097e+00 2.244e-07 1.465e-02 9.786e-09 2.398e-03
1.000e+01 1.857e-07 1.367e-02 8.814e-09 2.598e-03
1.004e+01 1.842e-07 1.363e-02 8.775e-09 2.606e-03
1.100e+01 1.534e-07 1.276e-02 7.945e-09 2.801e-03
1.109e+01 1.509e-07 1.268e-02 7.875e-09 2.819e-03
1.200e+01 1.290e-07 1.196e-02 7.223e-09 2.989e-03
1.224e+01 1.240e-07 1.179e-02 7.070e-09 3.032e-03
1.300e+01 1.099e-07 1.127e-02 6.626e-09 3.165e-03
1.351e+01 1.017e-07 1.095e-02 6.357e-09 3.250e-03
1.400e+01 9.475e-08 1.066e-02 6.118e-09 3.330e-03
1.491e+01 8.353e-08 1.017e-02 5.720e-09 3.470e-03
1.500e+01 8.253e-08 1.012e-02 5.683e-09 3.484e-03
1.600e+01 7.250e-08 9.636e-03 5.305e-09 3.629e-03
1.646e+01 6.851e-08 9.429e-03 5.147e-09 3.694e-03
1.800e+01 5.731e-08 8.807e-03 4.682e-09 3.898e-03
1.818e+01 5.618e-08 8.741e-03 4.633e-09 3.921e-03
2.000e+01 4.642e-08 8.126e-03 4.190e-09 4.141e-03
