# BERYLLIUM OXIDE from NIST Database
3.010e+00 0.000e+00 0.000e+00 0.000e+00 0.000e+00
4.000e+00 3.998e-02 3.500e+00 0.000e+00 0.000e+00
8.000e+00 3.998e-02 3.500e+00 0.000e+00 0.000e+00
0.000e+00 0.000e+00 0.000e+00 0.000e+00 0.000e+00
1.000e-03 1.174e+00 1.298e-02 3.153e+03 0.000e+00
1.020e-03 1.169e+00 1.342e-02 2.990e+03 0.000e+00
1.126e-03 1.147e+00 1.581e-02 2.295e+03 0.000e+00
1.243e-03 1.123e+00 1.860e-02 1.759e+03 0.000e+00
1.372e-03 1.096e+00 2.177e-02 1.346e+03 0.000e+00
1.500e-03 1.069e+00 2.497e-02 1.054e+03 0.000e+00
1.515e-03 1.065e+00 2.535e-02 1.026e+03 0.000e+00
1.672e-03 1.030e+00 2.926e-02 7.800e+02 0.000e+00
1.846e-03 9.908e-01 3.353e-02 5.905e+02 0.000e+00
2.000e-03 9.559e-01 3.724e-02 4.705e+02 0.000e+00
2.038e-03 9.473e-01 3.814e-02 4.459e+02 0.000e+00
2.250e-03 9.003e-01 4.309e-02 3.360e+02 0.000e+00
2.483e-03 8.504e-01 4.831e-02 2.529e+02 0.000e+00
2.741e-03 7.978e-01 5.381e-02 1.898e+02 0.000e+00
3.000e-03 7.479e-01 5.904e-02 1.457e+02 0.000e+00
3.026e-03 7.431e-01 5.955e-02 1.421e+02 0.000e+00
3.341e-03 6.869e-01 6.545e-02 1.061e+02 0.000e+00
3.688e-03 6.306e-01 7.147e-02 7.909e+01 0.000e+00
4.000e-03 5.847e-01 7.649e-02 6.205e+01 0.000e+00
4.071e-03 5.749e-01 7.759e-02 5.887e+01 0.000e+00
4.494e-03 5.206e-01 8.375e-02 4.373e+01 0.000e+00
4.961e-03 4.687e-01 8.990e-02 3.243e+01 0.000e+00
5.000e-03 4.647e-01 9.039e-02 3.166e+01 0.000e+00
5.477e-03 4.199e-01 9.597e-02 2.399e+01 0.000e+00
6.000e-03 3.779e-01 1.014e-01 1.815e+01 0.000e+00
6.046e-03 3.746e-01 1.019e-01 1.773e+01 0.000e+00
6.675e-03 3.327e-01 1.076e-01 1.307e+01 0.000e+00
7.368e-03 2.946e-01 1.131e-01 9.634e+00 0.000e+00
8.000e-03 2.657e-01 1.175e-01 7.462e+00 0.000e+00
8.134e-03 2.601e-01 1.183e-01 7.086e+00 0.000e+00
8.979e-03 2.292e-01 1.232e-01 5.205e+00 0.000e+00
9.912e-03 2.015e-01 1.279e-01 3.818e+00 0.000e+00
1.000e-02 1.992e-01 1.283e-01 3.713e+00 0.000e+00
1.094e-02 1.769e-01 1.322e-01 2.798e+00 0.000e+00
1.208e-02 1.550e-01 1.362e-01 2.045e+00 0.000e+00
1.334e-02 1.354e-01 1.399e-01 1.492e+00 0.000e+00
1.472e-02 1.182e-01 1.433e-01 1.090e+00 0.000e+00
1.500e-02 1.152e-01 1.439e-01 1.026e+00 0.000e+00
1.625e-02 1.029e-01 1.464e-01 7.939e-01 0.000e+00
1.794e-02 8.924e-02 1.491e-01 5.777e-01 0.000e+00
1.980e-02 7.715e-02 1.515e-01 4.203e-01 0.000e+00
2.000e-02 7.600e-02 1.517e-01 4.069e-01 0.000e+00
2.186e-02 6.639e-02 1.536e-01 3.051e-01 0.000e+00
2.413e-02 5.691e-02 1.552e-01 2.214e-01 0.000e+00
2.664e-02 4.857e-02 1.565e-01 1.604e-01 0.000e+00
2.941e-02 4.129e-02 1.574e-01 1.162e-01 0.000e+00
3.000e-02 3.994e-02 1.575e-01 1.089e-01 0.000e+00
3.247e-02 3.496e-02 1.579e-01 8.403e-02 0.000e+00
3.584e-02 2.951e-02 1.580e-01 6.079e-02 0.000e+00
3.957e-02 2.483e-02 1.578e-01 4.391e-02 0.000e+00
4.000e-02 2.436e-02 1.577e-01 4.238e-02 0.000e+00
4.368e-02 2.085e-02 1.571e-01 3.172e-02 0.000e+00
4.822e-02 1.747e-02 1.562e-01 2.290e-02 0.000e+00
5.000e-02 1.636e-02 1.557e-01 2.032e-02 0.000e+00
5.323e-02 1.461e-02 1.549e-01 1.652e-02 0.000e+00
5.876e-02 1.220e-02 1.533e-01 1.192e-02 0.000e+00
6.000e-02 1.174e-02 1.529e-01 1.112e-02 0.000e+00
6.486e-02 1.016e-02 1.515e-01 8.599e-03 0.000e+00
7.161e-02 8.452e-03 1.493e-01 6.199e-03 0.000e+00
7.905e-02 7.020e-03 1.470e-01 4.471e-03 0.000e+00
8.000e-02 6.863e-03 1.467e-01 4.298e-03 0.000e+00
8.726e-02 5.822e-03 1.444e-01 3.225e-03 0.000e+00
9.633e-02 4.821e-03 1.416e-01 2.327e-03 0.000e+00
1.000e-01 4.488e-03 1.405e-01 2.057e-03 0.000e+00
1.063e-01 3.991e-03 1.387e-01 1.682e-03 0.000e+00
1.174e-01 3.294e-03 1.356e-01 1.213e-03 0.000e+00
1.296e-01 2.719e-03 1.323e-01 8.766e-04 0.000e+00
1.431e-01 2.241e-03 1.290e-01 6.339e-04 0.000e+00
1.500e-01 2.044e-03 1.273e-01 5.437e-04 0.000e+00
1.579e-01 1.848e-03 1.255e-01 4.601e-04 0.000e+00
1.743e-01 1.522e-03 1.220e-01 3.340e-04 0.000e+00
1.925e-01 1.251e-03 1.184e-01 2.427e-04 0.000e+00
2.000e-01 1.160e-03 1.170e-01 2.147e-04 0.000e+00
2.125e-01 1.029e-03 1.148e-01 1.770e-04 0.000e+00
2.345e-01 8.470e-04 1.111e-01 1.297e-04 0.000e+00
2.589e-01 6.960e-04 1.074e-01 9.528e-05 0.000e+00
2.858e-01 5.719e-04 1.037e-01 7.030e-05 0.000e+00
3.000e-01 5.194e-04 1.019e-01 6.066e-05 0.000e+00
3.155e-01 4.699e-04 1.001e-01 5.211e-05 0.000e+00
3.483e-01 3.859e-04 9.643e-02 3.882e-05 0.000e+00
3.845e-01 3.169e-04 9.282e-02 2.909e-05 0.000e+00
4.000e-01 2.929e-04 9.140e-02 2.596e-05 0.000e+00
4.245e-01 2.602e-04 8.927e-02 2.193e-05 0.000e+00
4.686e-01 2.136e-04 8.579e-02 1.667e-05 0.000e+00
5.000e-01 1.877e-04 8.352e-02 1.400e-05 0.000e+00
5.173e-01 1.754e-04 8.234e-02 1.279e-05 0.000e+00
5.710e-01 1.440e-04 7.894e-02 9.905e-06 0.000e+00
6.000e-01 1.304e-04 7.726e-02 8.716e-06 0.000e+00
6.304e-01 1.182e-04 7.561e-02 7.667e-06 0.000e+00
6.959e-01 9.700e-05 7.236e-02 5.971e-06 0.000e+00
7.682e-01 7.962e-05 6.919e-02 4.768e-06 0.000e+00
8.000e-01 7.341e-05 6.791e-02 4.399e-06 0.000e+00
8.480e-01 6.533e-05 6.609e-02 3.965e-06 0.000e+00
9.361e-01 5.361e-05 6.306e-02 3.275e-06 0.000e+00
1.000e+00 4.699e-05 6.107e-02 2.735e-06 0.000e+00
1.022e+00 4.500e-05 6.042e-02 2.546e-06 0.000e+00
1.033e+00 4.405e-05 6.010e-02 2.464e-06 3.012e-09
1.141e+00 3.612e-05 5.720e-02 1.981e-06 2.858e-06
1.250e+00 3.009e-05 5.461e-02 1.729e-06 1.546e-05
1.259e+00 2.966e-05 5.441e-02 1.710e-06 1.701e-05
1.390e+00 2.433e-05 5.167e-02 1.441e-06 4.817e-05
1.500e+00 2.089e-05 4.963e-02 1.254e-06 8.558e-05
1.535e+00 1.995e-05 4.902e-02 1.204e-06 9.935e-05
1.694e+00 1.639e-05 4.649e-02 1.021e-06 1.714e-04
1.870e+00 1.345e-05 4.402e-02 8.746e-07 2.652e-04
2.000e+00 1.175e-05 4.236e-02 7.891e-07 3.409e-04
2.044e+00 1.125e-05 4.183e-02 7.633e-07 3.674e-04
2.065e+00 1.102e-05 4.158e-02 7.516e-07 3.801e-04
2.279e+00 9.048e-06 3.925e-02 6.488e-07 5.138e-04
2.516e+00 7.424e-06 3.703e-02 5.625e-07 6.672e-04
2.778e+00 6.091e-06 3.491e-02 4.898e-07 8.398e-04
3.000e+00 5.224e-06 3.332e-02 4.410e-07 9.866e-04
3.066e+00 5.002e-06 3.288e-02 4.282e-07 1.030e-03
3.385e+00 4.104e-06 3.092e-02 3.755e-07 1.240e-03
3.737e+00 3.367e-06 2.904e-02 3.302e-07 1.465e-03
4.000e+00 2.939e-06 2.779e-02 3.027e-07 1.630e-03
4.125e+00 2.764e-06 2.725e-02 2.912e-07 1.706e-03
4.554e+00 2.267e-06 2.554e-02 2.574e-07 1.962e-03
5.000e+00 1.881e-06 2.400e-02 2.295e-07 2.217e-03
5.027e+00 1.861e-06 2.392e-02 2.280e-07 2.232e-03
5.549e+00 1.527e-06 2.238e-02 2.025e-07 2.518e-03
6.000e+00 1.306e-06 2.121e-02 1.846e-07 2.754e-03
6.126e+00 1.253e-06 2.091e-02 1.801e-07 2.817e-03
6.762e+00 1.028e-06 1.953e-02 1.605e-07 3.126e-03
7.000e+00 9.595e-07 1.907e-02 1.542e-07 3.236e-03
7.465e+00 8.437e-07 1.823e-02 1.432e-07 3.446e-03
8.000e+00 7.346e-07 1.735e-02 1.323e-07 3.676e-03
8.241e+00 6.923e-07 1.699e-02 1.279e-07 3.775e-03
9.000e+00 5.805e-07 1.595e-02 1.158e-07 4.078e-03
9.097e+00 5.682e-07 1.583e-02 1.145e-07 4.115e-03
1.000e+01 4.702e-07 1.478e-02 1.030e-07 4.443e-03
1.004e+01 4.665e-07 1.474e-02 1.025e-07 4.457e-03
1.100e+01 3.885e-07 1.379e-02 9.272e-08 4.779e-03
1.109e+01 3.822e-07 1.370e-02 9.189e-08 4.807e-03
1.200e+01 3.265e-07 1.293e-02 8.427e-08 5.087e-03
1.224e+01 3.138e-07 1.274e-02 8.247e-08 5.159e-03
1.300e+01 2.782e-07 1.218e-02 7.724e-08 5.376e-03
1.351e+01 2.576e-07 1.183e-02 7.408e-08 5.515e-03
1.400e+01 2.399e-07 1.152e-02 7.128e-08 5.645e-03
1.491e+01 2.115e-07 1.099e-02 6.662e-08 5.875e-03
1.500e+01 2.090e-07 1.094e-02 6.619e-08 5.897e-03
1.600e+01 1.836e-07 1.042e-02 6.177e-08 6.135e-03
1.646e+01 1.735e-07 1.020e-02 5.993e-08 6.240e-03
1.800e+01 1.451e-07 9.520e-03 5.449e-08 6.572e-03
1.818e+01 1.422e-07 9.448e-03 5.392e-08 6.608e-03
2.000e+01 1.175e-07 8.781e-03 4.873e-08 6.964e-03
