# BISMUTH from NIST Database
9.747e+00 0.000e+00 0.000e+00 0.000e+00 0.000e+00
8.300e+01 1.000e+00 3.500e+00 0.000e+00 0.000e+00
0.000e+00 0.000e+00 0.000e+00 0.000e+00 0.000e+00
1.000e-03 1.270e+01 3.498e-03 5.429e+03 0.000e+00
1.020e-03 1.267e+01 3.609e-03 5.223e+03 0.000e+00
1.126e-03 1.256e+01 4.213e-03 4.304e+03 0.000e+00
1.243e-03 1.244e+01 4.909e-03 3.547e+03 0.000e+00
1.372e-03 1.231e+01 5.698e-03 2.924e+03 0.000e+00
1.500e-03 1.217e+01 6.490e-03 2.455e+03 0.000e+00
1.515e-03 1.216e+01 6.582e-03 2.404e+03 0.000e+00
1.672e-03 1.197e+01 7.550e-03 1.952e+03 0.000e+00
1.846e-03 1.177e+01 8.613e-03 1.583e+03 0.000e+00
2.000e-03 1.158e+01 9.547e-03 1.336e+03 0.000e+00
2.038e-03 1.154e+01 9.776e-03 1.282e+03 0.000e+00
2.250e-03 1.129e+01 1.105e-02 1.030e+03 0.000e+00
2.483e-03 1.101e+01 1.242e-02 8.286e+02 0.000e+00
2.580e-03 1.089e+01 1.298e-02 7.616e+02 0.000e+00
2.580e-03 1.089e+01 1.298e-02 1.771e+03 0.000e+00
2.633e-03 1.083e+01 1.329e-02 1.808e+03 0.000e+00
2.688e-03 1.076e+01 1.361e-02 1.846e+03 0.000e+00
2.688e-03 1.076e+01 1.361e-02 2.571e+03 0.000e+00
2.741e-03 1.070e+01 1.391e-02 2.467e+03 0.000e+00
3.000e-03 1.039e+01 1.537e-02 2.043e+03 0.000e+00
3.026e-03 1.036e+01 1.552e-02 1.998e+03 0.000e+00
3.177e-03 1.019e+01 1.633e-02 1.764e+03 0.000e+00
3.177e-03 1.019e+01 1.633e-02 2.038e+03 0.000e+00
3.341e-03 1.003e+01 1.723e-02 1.801e+03 0.000e+00
3.688e-03 9.628e+00 1.903e-02 1.413e+03 0.000e+00
3.696e-03 9.616e+00 1.907e-02 1.405e+03 0.000e+00
3.696e-03 9.616e+00 1.907e-02 1.489e+03 0.000e+00
3.845e-03 9.403e+00 1.976e-02 1.355e+03 0.000e+00
3.999e-03 9.296e+00 2.061e-02 1.234e+03 0.000e+00
3.999e-03 9.296e+00 2.061e-02 1.288e+03 0.000e+00
4.000e-03 9.296e+00 2.062e-02 1.287e+03 0.000e+00
4.071e-03 9.286e+00 2.106e-02 1.233e+03 0.000e+00
4.494e-03 8.933e+00 2.324e-02 9.706e+02 0.000e+00
4.961e-03 8.366e+00 2.524e-02 7.639e+02 0.000e+00
5.000e-03 8.322e+00 2.541e-02 7.495e+02 0.000e+00
5.477e-03 7.876e+00 2.753e-02 5.987e+02 0.000e+00
6.000e-03 7.472e+00 2.991e-02 4.781e+02 0.000e+00
6.046e-03 7.438e+00 3.012e-02 4.690e+02 0.000e+00
6.675e-03 6.975e+00 3.285e-02 3.655e+02 0.000e+00
7.368e-03 6.495e+00 3.571e-02 2.851e+02 0.000e+00
8.000e-03 6.098e+00 3.821e-02 2.317e+02 0.000e+00
8.134e-03 6.018e+00 3.873e-02 2.221e+02 0.000e+00
8.979e-03 5.556e+00 4.191e-02 1.724e+02 0.000e+00
9.912e-03 5.106e+00 4.521e-02 1.339e+02 0.000e+00
1.000e-02 5.066e+00 4.550e-02 1.309e+02 0.000e+00
1.094e-02 4.668e+00 4.852e-02 1.037e+02 0.000e+00
1.208e-02 4.242e+00 5.187e-02 8.017e+01 0.000e+00
1.334e-02 3.831e+00 5.527e-02 6.198e+01 0.000e+00
1.342e-02 3.807e+00 5.547e-02 6.103e+01 0.000e+00
1.342e-02 3.807e+00 5.547e-02 1.522e+02 0.000e+00
1.472e-02 3.442e+00 5.868e-02 1.184e+02 0.000e+00
1.500e-02 3.372e+00 5.933e-02 1.125e+02 0.000e+00
1.571e-02 3.202e+00 6.092e-02 9.942e+01 0.000e+00
1.571e-02 3.202e+00 6.092e-02 1.383e+02 0.000e+00
1.625e-02 3.079e+00 6.207e-02 1.277e+02 0.000e+00
1.639e-02 3.049e+00 6.236e-02 1.251e+02 0.000e+00
1.639e-02 3.049e+00 6.236e-02 1.446e+02 0.000e+00
1.794e-02 2.734e+00 6.543e-02 1.148e+02 0.000e+00
1.980e-02 2.419e+00 6.874e-02 8.931e+01 0.000e+00
2.000e-02 2.388e+00 6.907e-02 8.706e+01 0.000e+00
2.186e-02 2.133e+00 7.205e-02 6.893e+01 0.000e+00
2.413e-02 1.877e+00 7.534e-02 5.318e+01 0.000e+00
2.664e-02 1.648e+00 7.857e-02 4.101e+01 0.000e+00
2.941e-02 1.444e+00 8.169e-02 3.163e+01 0.000e+00
3.000e-02 1.406e+00 8.230e-02 3.003e+01 0.000e+00
3.247e-02 1.263e+00 8.467e-02 2.431e+01 0.000e+00
3.584e-02 1.101e+00 8.744e-02 1.867e+01 0.000e+00
3.957e-02 9.556e-01 8.999e-02 1.433e+01 0.000e+00
4.000e-02 9.406e-01 9.025e-02 1.392e+01 0.000e+00
4.368e-02 8.251e-01 9.226e-02 1.097e+01 0.000e+00
4.822e-02 7.090e-01 9.422e-02 8.398e+00 0.000e+00
5.000e-02 6.700e-01 9.486e-02 7.613e+00 0.000e+00
5.323e-02 6.071e-01 9.588e-02 6.420e+00 0.000e+00
5.876e-02 5.187e-01 9.722e-02 4.905e+00 0.000e+00
6.000e-02 5.017e-01 9.746e-02 4.634e+00 0.000e+00
6.486e-02 4.428e-01 9.824e-02 3.743e+00 0.000e+00
7.161e-02 3.775e-01 9.896e-02 2.854e+00 0.000e+00
7.905e-02 3.215e-01 9.936e-02 2.177e+00 0.000e+00
8.000e-02 3.153e-01 9.939e-02 2.107e+00 0.000e+00
8.726e-02 2.733e-01 9.946e-02 1.659e+00 0.000e+00
9.053e-02 2.572e-01 9.942e-02 1.500e+00 0.000e+00
9.053e-02 2.572e-01 9.942e-02 7.023e+00 0.000e+00
9.633e-02 2.320e-01 9.927e-02 5.974e+00 0.000e+00
1.000e-01 2.179e-01 9.913e-02 5.420e+00 0.000e+00
1.063e-01 1.965e-01 9.881e-02 4.624e+00 0.000e+00
1.174e-01 1.657e-01 9.805e-02 3.570e+00 0.000e+00
1.296e-01 1.394e-01 9.703e-02 2.758e+00 0.000e+00
1.431e-01 1.170e-01 9.575e-02 2.127e+00 0.000e+00
1.500e-01 1.076e-01 9.507e-02 1.880e+00 0.000e+00
1.579e-01 9.818e-02 9.426e-02 1.642e+00 0.000e+00
1.743e-01 8.225e-02 9.257e-02 1.265e+00 0.000e+00
1.925e-01 6.879e-02 9.068e-02 9.726e-01 0.000e+00
2.000e-01 6.420e-02 8.991e-02 8.792e-01 0.000e+00
2.125e-01 5.754e-02 8.864e-02 7.493e-01 0.000e+00
2.345e-01 4.813e-02 8.647e-02 5.784e-01 0.000e+00
2.589e-01 4.018e-02 8.417e-02 4.466e-01 0.000e+00
2.858e-01 3.353e-02 8.179e-02 3.457e-01 0.000e+00
3.000e-01 3.066e-02 8.060e-02 3.052e-01 0.000e+00
3.155e-01 2.794e-02 7.935e-02 2.683e-01 0.000e+00
3.483e-01 2.325e-02 7.685e-02 2.088e-01 0.000e+00
3.845e-01 1.932e-02 7.433e-02 1.631e-01 0.000e+00
4.000e-01 1.794e-02 7.331e-02 1.479e-01 0.000e+00
4.245e-01 1.603e-02 7.178e-02 1.278e-01 0.000e+00
4.686e-01 1.329e-02 6.922e-02 1.007e-01 0.000e+00
5.000e-01 1.175e-02 6.755e-02 8.628e-02 0.000e+00
5.173e-01 1.101e-02 6.667e-02 7.964e-02 0.000e+00
5.710e-01 9.112e-03 6.412e-02 6.331e-02 0.000e+00
6.000e-01 8.285e-03 6.285e-02 5.654e-02 0.000e+00
6.304e-01 7.534e-03 6.158e-02 5.057e-02 0.000e+00
6.959e-01 6.227e-03 5.906e-02 4.060e-02 0.000e+00
7.682e-01 5.142e-03 5.657e-02 3.277e-02 0.000e+00
8.000e-01 4.752e-03 5.556e-02 3.006e-02 0.000e+00
8.480e-01 4.241e-03 5.412e-02 2.659e-02 0.000e+00
9.361e-01 3.496e-03 5.170e-02 2.167e-02 0.000e+00
1.000e+00 3.075e-03 5.011e-02 1.895e-02 0.000e+00
1.022e+00 2.948e-03 4.959e-02 1.814e-02 0.000e+00
1.033e+00 2.887e-03 4.934e-02 1.776e-02 8.540e-08
1.141e+00 2.377e-03 4.701e-02 1.459e-02 7.613e-05
1.250e+00 1.986e-03 4.493e-02 1.224e-02 3.873e-04
1.259e+00 1.958e-03 4.476e-02 1.207e-02 4.240e-04
1.390e+00 1.611e-03 4.255e-02 1.002e-02 1.115e-03
1.500e+00 1.387e-03 4.089e-02 8.717e-03 1.855e-03
1.535e+00 1.325e-03 4.040e-02 8.361e-03 2.108e-03
1.694e+00 1.090e-03 3.832e-02 7.016e-03 3.295e-03
1.870e+00 8.965e-04 3.630e-02 5.910e-03 4.615e-03
2.000e+00 7.847e-04 3.495e-02 5.271e-03 5.579e-03
2.044e+00 7.515e-04 3.452e-02 5.080e-03 5.905e-03
2.065e+00 7.365e-04 3.432e-02 4.994e-03 6.059e-03
2.279e+00 6.057e-04 3.242e-02 4.243e-03 7.588e-03
2.516e+00 4.976e-04 3.060e-02 3.619e-03 9.184e-03
2.778e+00 4.087e-04 2.885e-02 3.099e-03 1.084e-02
3.000e+00 3.507e-04 2.753e-02 2.755e-03 1.216e-02
3.066e+00 3.358e-04 2.717e-02 2.665e-03 1.254e-02
3.385e+00 2.757e-04 2.555e-02 2.298e-03 1.431e-02
3.737e+00 2.263e-04 2.401e-02 1.988e-03 1.614e-02
4.000e+00 1.976e-04 2.298e-02 1.803e-03 1.744e-02
4.125e+00 1.858e-04 2.253e-02 1.726e-03 1.803e-02
4.554e+00 1.525e-04 2.112e-02 1.502e-03 1.998e-02
5.000e+00 1.266e-04 1.985e-02 1.321e-03 2.187e-02
5.027e+00 1.252e-04 1.978e-02 1.311e-03 2.198e-02
5.549e+00 1.028e-04 1.851e-02 1.148e-03 2.404e-02
6.000e+00 8.795e-05 1.755e-02 1.035e-03 2.570e-02
6.126e+00 8.437e-05 1.730e-02 1.007e-03 2.615e-02
6.762e+00 6.927e-05 1.616e-02 8.857e-04 2.832e-02
7.000e+00 6.464e-05 1.578e-02 8.472e-04 2.909e-02
7.465e+00 5.683e-05 1.508e-02 7.806e-04 3.054e-02
8.000e+00 4.948e-05 1.436e-02 7.155e-04 3.213e-02
8.241e+00 4.663e-05 1.406e-02 6.895e-04 3.282e-02
9.000e+00 3.910e-05 1.320e-02 6.184e-04 3.491e-02
9.097e+00 3.827e-05 1.310e-02 6.104e-04 3.516e-02
1.000e+01 3.167e-05 1.223e-02 5.441e-04 3.744e-02
1.004e+01 3.142e-05 1.219e-02 5.414e-04 3.755e-02
1.100e+01 2.619e-05 1.141e-02 4.850e-04 3.982e-02
1.109e+01 2.576e-05 1.134e-02 4.803e-04 4.002e-02
1.200e+01 2.200e-05 1.070e-02 4.374e-04 4.201e-02
1.224e+01 2.115e-05 1.054e-02 4.274e-04 4.252e-02
1.300e+01 1.875e-05 1.008e-02 3.982e-04 4.409e-02
1.351e+01 1.736e-05 9.794e-03 3.808e-04 4.509e-02
1.400e+01 1.617e-05 9.535e-03 3.654e-04 4.602e-02
1.491e+01 1.426e-05 9.095e-03 3.398e-04 4.764e-02
1.500e+01 1.409e-05 9.054e-03 3.374e-04 4.780e-02
1.600e+01 1.238e-05 8.622e-03 3.135e-04 4.950e-02
1.646e+01 1.170e-05 8.438e-03 3.036e-04 5.024e-02
1.800e+01 9.780e-06 7.881e-03 2.744e-04 5.254e-02
1.818e+01 9.588e-06 7.821e-03 2.713e-04 5.279e-02
2.000e+01 7.925e-06 7.268e-03 2.438e-04 5.523e-02
