# BISMUTH GERMANIUM OXIDE from NIST Database
7.130e+00 0.000e+00 0.000e+00 0.000e+00 0.000e+00
8.000e+00 9.633e-03 3.500e+00 0.000e+00 0.000e+00
3.200e+01 2.407e-03 3.500e+00 0.000e+00 0.000e+00
8.300e+01 3.211e-03 3.500e+00 0.000e+00 0.000e+00
0.000e+00 0.000e+00 0.000e+00 0.000e+00 0.000e+00
1.000e-03 9.685e+00 4.741e-03 4.680e+03 0.000e+00
1.020e-03 9.667e+00 4.899e-03 4.490e+03 0.000e+00
1.126e-03 9.578e+00 5.764e-03 3.653e+03 0.000e+00
1.217e-03 9.504e+00 6.539e-03 3.109e+03 0.000e+00
1.217e-03 9.504e+00 6.539e-03 3.663e+03 0.000e+00
1.243e-03 9.482e+00 6.769e-03 3.628e+03 0.000e+00
1.248e-03 9.478e+00 6.811e-03 3.623e+03 0.000e+00
1.248e-03 9.478e+00 6.811e-03 3.917e+03 0.000e+00
1.372e-03 9.375e+00 7.918e-03 3.279e+03 0.000e+00
1.414e-03 9.339e+00 8.300e-03 3.099e+03 0.000e+00
1.414e-03 9.339e+00 8.300e-03 3.227e+03 0.000e+00
1.500e-03 9.263e+00 9.082e-03 2.842e+03 0.000e+00
1.515e-03 9.250e+00 9.219e-03 2.779e+03 0.000e+00
1.672e-03 9.104e+00 1.066e-02 2.220e+03 0.000e+00
1.846e-03 8.939e+00 1.228e-02 1.772e+03 0.000e+00
2.000e-03 8.792e+00 1.370e-02 1.477e+03 0.000e+00
2.038e-03 8.756e+00 1.406e-02 1.412e+03 0.000e+00
2.250e-03 8.554e+00 1.601e-02 1.117e+03 0.000e+00
2.483e-03 8.333e+00 1.814e-02 8.854e+02 0.000e+00
2.580e-03 8.241e+00 1.901e-02 8.091e+02 0.000e+00
2.580e-03 8.241e+00 1.901e-02 1.487e+03 0.000e+00
2.633e-03 8.190e+00 1.949e-02 1.496e+03 0.000e+00
2.688e-03 8.138e+00 1.998e-02 1.506e+03 0.000e+00
2.688e-03 8.138e+00 1.998e-02 1.993e+03 0.000e+00
2.741e-03 8.088e+00 2.045e-02 1.910e+03 0.000e+00
3.000e-03 7.845e+00 2.271e-02 1.571e+03 0.000e+00
3.026e-03 7.821e+00 2.293e-02 1.537e+03 0.000e+00
3.177e-03 7.688e+00 2.420e-02 1.355e+03 0.000e+00
3.177e-03 7.688e+00 2.420e-02 1.539e+03 0.000e+00
3.341e-03 7.558e+00 2.558e-02 1.358e+03 0.000e+00
3.688e-03 7.244e+00 2.836e-02 1.063e+03 0.000e+00
3.696e-03 7.235e+00 2.842e-02 1.057e+03 0.000e+00
3.696e-03 7.235e+00 2.842e-02 1.113e+03 0.000e+00
3.845e-03 7.074e+00 2.953e-02 1.012e+03 0.000e+00
3.999e-03 6.984e+00 3.075e-02 9.201e+02 0.000e+00
3.999e-03 6.984e+00 3.075e-02 9.565e+02 0.000e+00
4.000e-03 6.984e+00 3.076e-02 9.558e+02 0.000e+00
4.071e-03 6.969e+00 3.135e-02 9.154e+02 0.000e+00
4.494e-03 6.686e+00 3.450e-02 7.183e+02 0.000e+00
4.961e-03 6.259e+00 3.757e-02 5.636e+02 0.000e+00
5.000e-03 6.226e+00 3.781e-02 5.529e+02 0.000e+00
5.477e-03 5.882e+00 4.083e-02 4.405e+02 0.000e+00
6.000e-03 5.568e+00 4.402e-02 3.509e+02 0.000e+00
6.046e-03 5.541e+00 4.429e-02 3.441e+02 0.000e+00
6.675e-03 5.183e+00 4.784e-02 2.676e+02 0.000e+00
7.368e-03 4.815e+00 5.143e-02 2.082e+02 0.000e+00
8.000e-03 4.511e+00 5.448e-02 1.689e+02 0.000e+00
8.134e-03 4.450e+00 5.510e-02 1.618e+02 0.000e+00
8.979e-03 4.097e+00 5.883e-02 1.254e+02 0.000e+00
9.912e-03 3.755e+00 6.259e-02 9.712e+01 0.000e+00
1.000e-02 3.725e+00 6.292e-02 9.493e+01 0.000e+00
1.094e-02 3.425e+00 6.631e-02 7.507e+01 0.000e+00
1.110e-02 3.376e+00 6.687e-02 7.222e+01 0.000e+00
1.110e-02 3.376e+00 6.687e-02 1.019e+02 0.000e+00
1.208e-02 3.105e+00 7.003e-02 8.199e+01 0.000e+00
1.334e-02 2.798e+00 7.372e-02 6.341e+01 0.000e+00
1.342e-02 2.781e+00 7.394e-02 6.245e+01 0.000e+00
1.342e-02 2.781e+00 7.394e-02 1.236e+02 0.000e+00
1.472e-02 2.511e+00 7.736e-02 9.633e+01 0.000e+00
1.500e-02 2.458e+00 7.805e-02 9.156e+01 0.000e+00
1.571e-02 2.332e+00 7.972e-02 8.089e+01 0.000e+00
1.571e-02 2.332e+00 7.972e-02 1.070e+02 0.000e+00
1.625e-02 2.242e+00 8.092e-02 9.861e+01 0.000e+00
1.639e-02 2.220e+00 8.122e-02 9.662e+01 0.000e+00
1.639e-02 2.220e+00 8.122e-02 1.097e+02 0.000e+00
1.794e-02 1.989e+00 8.437e-02 8.696e+01 0.000e+00
1.980e-02 1.758e+00 8.771e-02 6.748e+01 0.000e+00
2.000e-02 1.736e+00 8.804e-02 6.576e+01 0.000e+00
2.186e-02 1.550e+00 9.095e-02 5.199e+01 0.000e+00
2.413e-02 1.363e+00 9.408e-02 4.005e+01 0.000e+00
2.664e-02 1.195e+00 9.706e-02 3.083e+01 0.000e+00
2.941e-02 1.046e+00 9.986e-02 2.373e+01 0.000e+00
3.000e-02 1.018e+00 1.004e-01 2.251e+01 0.000e+00
3.247e-02 9.134e-01 1.024e-01 1.819e+01 0.000e+00
3.584e-02 7.953e-01 1.048e-01 1.395e+01 0.000e+00
3.957e-02 6.892e-01 1.068e-01 1.068e+01 0.000e+00
4.000e-02 6.783e-01 1.070e-01 1.037e+01 0.000e+00
4.368e-02 5.944e-01 1.085e-01 8.161e+00 0.000e+00
4.822e-02 5.102e-01 1.099e-01 6.233e+00 0.000e+00
5.000e-02 4.820e-01 1.103e-01 5.646e+00 0.000e+00
5.323e-02 4.366e-01 1.109e-01 4.754e+00 0.000e+00
5.876e-02 3.727e-01 1.116e-01 3.624e+00 0.000e+00
6.000e-02 3.605e-01 1.117e-01 3.422e+00 0.000e+00
6.486e-02 3.180e-01 1.120e-01 2.760e+00 0.000e+00
7.161e-02 2.709e-01 1.121e-01 2.100e+00 0.000e+00
7.905e-02 2.305e-01 1.119e-01 1.598e+00 0.000e+00
8.000e-02 2.260e-01 1.118e-01 1.546e+00 0.000e+00
8.726e-02 1.958e-01 1.113e-01 1.215e+00 0.000e+00
9.053e-02 1.842e-01 1.111e-01 1.098e+00 0.000e+00
9.053e-02 1.842e-01 1.111e-01 4.804e+00 0.000e+00
9.633e-02 1.661e-01 1.106e-01 4.085e+00 0.000e+00
1.000e-01 1.560e-01 1.102e-01 3.705e+00 0.000e+00
1.063e-01 1.406e-01 1.095e-01 3.159e+00 0.000e+00
1.174e-01 1.185e-01 1.082e-01 2.437e+00 0.000e+00
1.296e-01 9.963e-02 1.066e-01 1.881e+00 0.000e+00
1.431e-01 8.357e-02 1.048e-01 1.450e+00 0.000e+00
1.500e-01 7.684e-02 1.039e-01 1.281e+00 0.000e+00
1.579e-01 7.009e-02 1.028e-01 1.119e+00 0.000e+00
1.743e-01 5.869e-02 1.007e-01 8.613e-01 0.000e+00
1.925e-01 4.905e-02 9.835e-02 6.620e-01 0.000e+00
2.000e-01 4.577e-02 9.742e-02 5.983e-01 0.000e+00
2.125e-01 4.101e-02 9.590e-02 5.098e-01 0.000e+00
2.345e-01 3.428e-02 9.334e-02 3.933e-01 0.000e+00
2.589e-01 2.860e-02 9.067e-02 3.036e-01 0.000e+00
2.858e-01 2.385e-02 8.795e-02 2.349e-01 0.000e+00
3.000e-01 2.181e-02 8.659e-02 2.073e-01 0.000e+00
3.155e-01 1.986e-02 8.517e-02 1.822e-01 0.000e+00
3.483e-01 1.652e-02 8.236e-02 1.418e-01 0.000e+00
3.845e-01 1.372e-02 7.954e-02 1.107e-01 0.000e+00
4.000e-01 1.274e-02 7.841e-02 1.004e-01 0.000e+00
4.245e-01 1.138e-02 7.672e-02 8.674e-02 0.000e+00
4.686e-01 9.436e-03 7.390e-02 6.829e-02 0.000e+00
5.000e-01 8.337e-03 7.206e-02 5.852e-02 0.000e+00
5.173e-01 7.812e-03 7.110e-02 5.401e-02 0.000e+00
5.710e-01 6.463e-03 6.832e-02 4.293e-02 0.000e+00
6.000e-01 5.876e-03 6.693e-02 3.833e-02 0.000e+00
6.304e-01 5.343e-03 6.556e-02 3.428e-02 0.000e+00
6.959e-01 4.415e-03 6.283e-02 2.752e-02 0.000e+00
7.682e-01 3.645e-03 6.015e-02 2.221e-02 0.000e+00
8.000e-01 3.368e-03 5.906e-02 2.037e-02 0.000e+00
8.480e-01 3.005e-03 5.751e-02 1.802e-02 0.000e+00
9.361e-01 2.477e-03 5.492e-02 1.469e-02 0.000e+00
1.000e+00 2.178e-03 5.322e-02 1.284e-02 0.000e+00
1.022e+00 2.088e-03 5.267e-02 1.229e-02 0.000e+00
1.033e+00 2.045e-03 5.239e-02 1.203e-02 6.148e-08
1.141e+00 1.683e-03 4.990e-02 9.885e-03 5.475e-05
1.250e+00 1.406e-03 4.767e-02 8.293e-03 2.784e-04
1.259e+00 1.386e-03 4.750e-02 8.181e-03 3.049e-04
1.390e+00 1.141e-03 4.514e-02 6.793e-03 8.027e-04
1.500e+00 9.816e-04 4.337e-02 5.907e-03 1.339e-03
1.535e+00 9.379e-04 4.285e-02 5.666e-03 1.522e-03
1.694e+00 7.718e-04 4.064e-02 4.755e-03 2.392e-03
1.870e+00 6.345e-04 3.849e-02 4.006e-03 3.373e-03
2.000e+00 5.553e-04 3.706e-02 3.572e-03 4.095e-03
2.044e+00 5.319e-04 3.660e-02 3.444e-03 4.340e-03
2.065e+00 5.212e-04 3.638e-02 3.385e-03 4.456e-03
2.279e+00 4.286e-04 3.436e-02 2.876e-03 5.613e-03
2.516e+00 3.521e-04 3.243e-02 2.453e-03 6.832e-03
2.778e+00 2.892e-04 3.057e-02 2.101e-03 8.105e-03
3.000e+00 2.481e-04 2.918e-02 1.868e-03 9.129e-03
3.066e+00 2.376e-04 2.879e-02 1.807e-03 9.425e-03
3.385e+00 1.950e-04 2.708e-02 1.558e-03 1.080e-02
3.737e+00 1.601e-04 2.543e-02 1.348e-03 1.224e-02
4.000e+00 1.398e-04 2.435e-02 1.223e-03 1.326e-02
4.125e+00 1.315e-04 2.387e-02 1.170e-03 1.373e-02
4.554e+00 1.079e-04 2.237e-02 1.019e-03 1.526e-02
5.000e+00 8.954e-05 2.103e-02 8.960e-04 1.675e-02
5.027e+00 8.858e-05 2.096e-02 8.895e-04 1.684e-02
5.549e+00 7.272e-05 1.961e-02 7.786e-04 1.847e-02
6.000e+00 6.222e-05 1.859e-02 7.020e-04 1.979e-02
6.126e+00 5.969e-05 1.833e-02 6.831e-04 2.014e-02
6.762e+00 4.900e-05 1.712e-02 6.009e-04 2.187e-02
7.000e+00 4.573e-05 1.671e-02 5.748e-04 2.248e-02
7.465e+00 4.020e-05 1.597e-02 5.297e-04 2.363e-02
8.000e+00 3.500e-05 1.521e-02 4.855e-04 2.489e-02
8.241e+00 3.299e-05 1.489e-02 4.679e-04 2.544e-02
9.000e+00 2.766e-05 1.398e-02 4.197e-04 2.709e-02
9.097e+00 2.708e-05 1.388e-02 4.142e-04 2.730e-02
1.000e+01 2.240e-05 1.295e-02 3.692e-04 2.911e-02
1.004e+01 2.223e-05 1.292e-02 3.675e-04 2.919e-02
1.100e+01 1.852e-05 1.208e-02 3.292e-04 3.099e-02
1.109e+01 1.823e-05 1.201e-02 3.260e-04 3.114e-02
1.200e+01 1.557e-05 1.133e-02 2.969e-04 3.271e-02
1.224e+01 1.496e-05 1.117e-02 2.901e-04 3.312e-02
1.300e+01 1.326e-05 1.068e-02 2.703e-04 3.435e-02
1.351e+01 1.228e-05 1.037e-02 2.585e-04 3.514e-02
1.400e+01 1.144e-05 1.010e-02 2.480e-04 3.587e-02
1.491e+01 1.008e-05 9.634e-03 2.306e-04 3.715e-02
1.500e+01 9.964e-06 9.590e-03 2.291e-04 3.728e-02
1.600e+01 8.757e-06 9.133e-03 2.128e-04 3.861e-02
1.646e+01 8.274e-06 8.938e-03 2.061e-04 3.920e-02
1.800e+01 6.919e-06 8.346e-03 1.863e-04 4.102e-02
1.818e+01 6.783e-06 8.283e-03 1.842e-04 4.121e-02
2.000e+01 5.606e-06 7.697e-03 1.655e-04 4.314e-02
