# BERKELIUM from NIST Database
1.400e+01 0.000e+00 0.000e+00 0.000e+00 0.000e+00
9.700e+01 1.000e+00 3.500e+00 0.000e+00 0.000e+00
0.000e+00 0.000e+00 0.000e+00 0.000e+00 0.000e+00
1.000e-03 1.461e+01 4.219e-03 7.827e+03 0.000e+00
1.020e-03 1.459e+01 4.333e-03 7.558e+03 0.000e+00
1.126e-03 1.446e+01 4.942e-03 6.349e+03 0.000e+00
1.235e-03 1.433e+01 5.565e-03 5.394e+03 0.000e+00
1.235e-03 1.433e+01 5.565e-03 5.738e+03 0.000e+00
1.243e-03 1.432e+01 5.610e-03 5.666e+03 0.000e+00
1.372e-03 1.417e+01 6.326e-03 4.681e+03 0.000e+00
1.500e-03 1.401e+01 7.039e-03 3.939e+03 0.000e+00
1.515e-03 1.399e+01 7.124e-03 3.860e+03 0.000e+00
1.554e-03 1.393e+01 7.346e-03 3.666e+03 0.000e+00
1.554e-03 1.393e+01 7.346e-03 3.712e+03 0.000e+00
1.672e-03 1.378e+01 8.012e-03 3.194e+03 0.000e+00
1.755e-03 1.368e+01 8.477e-03 2.891e+03 0.000e+00
1.755e-03 1.368e+01 8.477e-03 2.944e+03 0.000e+00
1.846e-03 1.355e+01 8.989e-03 2.647e+03 0.000e+00
2.000e-03 1.334e+01 9.854e-03 2.236e+03 0.000e+00
2.038e-03 1.329e+01 1.007e-02 2.145e+03 0.000e+00
2.250e-03 1.300e+01 1.125e-02 1.726e+03 0.000e+00
2.483e-03 1.268e+01 1.253e-02 1.390e+03 0.000e+00
2.741e-03 1.234e+01 1.393e-02 1.118e+03 0.000e+00
3.000e-03 1.200e+01 1.531e-02 9.170e+02 0.000e+00
3.026e-03 1.197e+01 1.545e-02 8.990e+02 0.000e+00
3.341e-03 1.156e+01 1.709e-02 7.161e+02 0.000e+00
3.688e-03 1.112e+01 1.884e-02 5.707e+02 0.000e+00
4.000e-03 1.074e+01 2.036e-02 4.736e+02 0.000e+00
4.071e-03 1.066e+01 2.071e-02 4.545e+02 0.000e+00
4.132e-03 1.058e+01 2.100e-02 4.390e+02 0.000e+00
4.132e-03 1.058e+01 2.100e-02 9.823e+02 0.000e+00
4.247e-03 1.045e+01 2.155e-02 9.331e+02 0.000e+00
4.366e-03 1.031e+01 2.210e-02 8.865e+02 0.000e+00
4.366e-03 1.031e+01 2.210e-02 1.233e+03 0.000e+00
4.494e-03 1.017e+01 2.266e-02 1.152e+03 0.000e+00
4.961e-03 9.659e+00 2.478e-02 9.129e+02 0.000e+00
4.977e-03 9.642e+00 2.486e-02 9.060e+02 0.000e+00
4.977e-03 9.642e+00 2.486e-02 1.062e+03 0.000e+00
5.000e-03 9.618e+00 2.498e-02 1.046e+03 0.000e+00
5.477e-03 9.138e+00 2.712e-02 8.308e+02 0.000e+00
6.000e-03 8.650e+00 2.915e-02 6.598e+02 0.000e+00
6.046e-03 8.609e+00 2.934e-02 6.467e+02 0.000e+00
6.147e-03 8.519e+00 2.976e-02 6.191e+02 0.000e+00
6.147e-03 8.519e+00 2.976e-02 6.566e+02 0.000e+00
6.348e-03 8.345e+00 3.056e-02 6.060e+02 0.000e+00
6.556e-03 8.173e+00 3.135e-02 5.594e+02 0.000e+00
6.556e-03 8.173e+00 3.135e-02 5.830e+02 0.000e+00
6.675e-03 8.076e+00 3.179e-02 5.578e+02 0.000e+00
7.368e-03 7.545e+00 3.435e-02 4.373e+02 0.000e+00
8.000e-03 7.105e+00 3.661e-02 3.571e+02 0.000e+00
8.134e-03 7.017e+00 3.708e-02 3.425e+02 0.000e+00
8.979e-03 6.498e+00 3.992e-02 2.675e+02 0.000e+00
9.912e-03 5.992e+00 4.289e-02 2.089e+02 0.000e+00
1.000e-02 5.947e+00 4.317e-02 2.044e+02 0.000e+00
1.094e-02 5.501e+00 4.601e-02 1.627e+02 0.000e+00
1.208e-02 5.025e+00 4.926e-02 1.265e+02 0.000e+00
1.334e-02 4.569e+00 5.260e-02 9.832e+01 0.000e+00
1.472e-02 4.140e+00 5.594e-02 7.658e+01 0.000e+00
1.500e-02 4.061e+00 5.657e-02 7.300e+01 0.000e+00
1.625e-02 3.733e+00 5.926e-02 5.941e+01 0.000e+00
1.794e-02 3.348e+00 6.256e-02 4.605e+01 0.000e+00
1.945e-02 3.047e+00 6.525e-02 3.739e+01 0.000e+00
1.945e-02 3.047e+00 6.525e-02 8.775e+01 0.000e+00
1.980e-02 2.983e+00 6.584e-02 8.331e+01 0.000e+00
2.000e-02 2.947e+00 6.618e-02 8.090e+01 0.000e+00
2.186e-02 2.653e+00 6.911e-02 6.376e+01 0.000e+00
2.413e-02 2.339e+00 7.216e-02 4.894e+01 0.000e+00
2.439e-02 2.305e+00 7.246e-02 4.758e+01 0.000e+00
2.439e-02 2.305e+00 7.246e-02 6.832e+01 0.000e+00
2.483e-02 2.246e+00 7.297e-02 6.513e+01 0.000e+00
2.527e-02 2.188e+00 7.346e-02 6.208e+01 0.000e+00
2.527e-02 2.188e+00 7.346e-02 7.156e+01 0.000e+00
2.664e-02 2.034e+00 7.497e-02 6.267e+01 0.000e+00
2.941e-02 1.789e+00 7.790e-02 4.882e+01 0.000e+00
3.000e-02 1.743e+00 7.848e-02 4.643e+01 0.000e+00
3.247e-02 1.568e+00 8.071e-02 3.792e+01 0.000e+00
3.584e-02 1.366e+00 8.330e-02 2.944e+01 0.000e+00
3.957e-02 1.187e+00 8.571e-02 2.285e+01 0.000e+00
4.000e-02 1.169e+00 8.597e-02 2.222e+01 0.000e+00
4.368e-02 1.032e+00 8.795e-02 1.767e+01 0.000e+00
4.822e-02 8.948e-01 8.999e-02 1.366e+01 0.000e+00
5.000e-02 8.482e-01 9.067e-02 1.243e+01 0.000e+00
5.323e-02 7.719e-01 9.176e-02 1.054e+01 0.000e+00
5.876e-02 6.622e-01 9.323e-02 8.125e+00 0.000e+00
6.000e-02 6.408e-01 9.350e-02 7.690e+00 0.000e+00
6.486e-02 5.661e-01 9.438e-02 6.254e+00 0.000e+00
7.161e-02 4.825e-01 9.523e-02 4.808e+00 0.000e+00
7.905e-02 4.108e-01 9.577e-02 3.698e+00 0.000e+00
8.000e-02 4.029e-01 9.581e-02 3.583e+00 0.000e+00
8.726e-02 3.496e-01 9.602e-02 2.841e+00 0.000e+00
9.633e-02 2.973e-01 9.598e-02 2.182e+00 0.000e+00
1.000e-01 2.796e-01 9.589e-02 1.974e+00 0.000e+00
1.063e-01 2.527e-01 9.565e-02 1.677e+00 0.000e+00
1.174e-01 2.141e-01 9.505e-02 1.286e+00 0.000e+00
1.296e-01 1.811e-01 9.419e-02 9.868e-01 0.000e+00
1.316e-01 1.764e-01 9.404e-02 9.474e-01 0.000e+00
1.316e-01 1.764e-01 9.404e-02 3.788e+00 0.000e+00
1.431e-01 1.528e-01 9.310e-02 3.078e+00 0.000e+00
1.500e-01 1.408e-01 9.250e-02 2.737e+00 0.000e+00
1.579e-01 1.287e-01 9.179e-02 2.407e+00 0.000e+00
1.743e-01 1.080e-01 9.026e-02 1.875e+00 0.000e+00
1.925e-01 9.047e-02 8.853e-02 1.458e+00 0.000e+00
2.000e-01 8.448e-02 8.782e-02 1.323e+00 0.000e+00
2.125e-01 7.577e-02 8.664e-02 1.135e+00 0.000e+00
2.345e-01 6.346e-02 8.462e-02 8.858e-01 0.000e+00
2.589e-01 5.308e-02 8.246e-02 6.915e-01 0.000e+00
2.858e-01 4.437e-02 8.021e-02 5.411e-01 0.000e+00
3.000e-01 4.063e-02 7.907e-02 4.802e-01 0.000e+00
3.155e-01 3.707e-02 7.787e-02 4.244e-01 0.000e+00
3.483e-01 3.094e-02 7.547e-02 3.337e-01 0.000e+00
3.845e-01 2.580e-02 7.303e-02 2.632e-01 0.000e+00
4.000e-01 2.399e-02 7.205e-02 2.396e-01 0.000e+00
4.245e-01 2.149e-02 7.057e-02 2.083e-01 0.000e+00
4.686e-01 1.788e-02 6.810e-02 1.656e-01 0.000e+00
5.000e-01 1.583e-02 6.647e-02 1.427e-01 0.000e+00
5.173e-01 1.485e-02 6.561e-02 1.321e-01 0.000e+00
5.710e-01 1.233e-02 6.313e-02 1.059e-01 0.000e+00
6.000e-01 1.122e-02 6.189e-02 9.489e-02 0.000e+00
6.304e-01 1.022e-02 6.065e-02 8.517e-02 0.000e+00
6.959e-01 8.460e-03 5.819e-02 6.882e-02 0.000e+00
7.682e-01 7.002e-03 5.576e-02 5.583e-02 0.000e+00
8.000e-01 6.479e-03 5.477e-02 5.128e-02 0.000e+00
8.480e-01 5.794e-03 5.336e-02 4.544e-02 0.000e+00
9.361e-01 4.791e-03 5.099e-02 3.715e-02 0.000e+00
1.000e+00 4.214e-03 4.943e-02 3.256e-02 0.000e+00
1.022e+00 4.039e-03 4.892e-02 3.120e-02 0.000e+00
1.033e+00 3.955e-03 4.867e-02 3.055e-02 9.587e-08
1.141e+00 3.261e-03 4.638e-02 2.516e-02 9.124e-05
1.250e+00 2.732e-03 4.434e-02 2.111e-02 4.882e-04
1.259e+00 2.694e-03 4.418e-02 2.082e-02 5.363e-04
1.390e+00 2.221e-03 4.200e-02 1.727e-02 1.461e-03
1.500e+00 1.913e-03 4.036e-02 1.500e-02 2.459e-03
1.535e+00 1.828e-03 3.987e-02 1.439e-02 2.797e-03
1.694e+00 1.507e-03 3.781e-02 1.206e-02 4.339e-03
1.870e+00 1.241e-03 3.582e-02 1.016e-02 5.966e-03
2.000e+00 1.087e-03 3.451e-02 9.057e-03 7.115e-03
2.044e+00 1.041e-03 3.410e-02 8.731e-03 7.500e-03
2.065e+00 1.020e-03 3.391e-02 8.582e-03 7.682e-03
2.279e+00 8.394e-04 3.206e-02 7.287e-03 9.452e-03
2.516e+00 6.903e-04 3.025e-02 6.208e-03 1.124e-02
2.778e+00 5.674e-04 2.851e-02 5.308e-03 1.306e-02
3.000e+00 4.872e-04 2.720e-02 4.712e-03 1.448e-02
3.066e+00 4.666e-04 2.684e-02 4.557e-03 1.488e-02
3.385e+00 3.833e-04 2.524e-02 3.924e-03 1.676e-02
3.737e+00 3.148e-04 2.372e-02 3.390e-03 1.869e-02
4.000e+00 2.749e-04 2.271e-02 3.071e-03 2.006e-02
4.125e+00 2.586e-04 2.226e-02 2.938e-03 2.068e-02
4.554e+00 2.124e-04 2.087e-02 2.553e-03 2.274e-02
5.000e+00 1.764e-04 1.962e-02 2.242e-03 2.472e-02
5.027e+00 1.745e-04 1.955e-02 2.225e-03 2.484e-02
5.549e+00 1.433e-04 1.829e-02 1.945e-03 2.695e-02
6.000e+00 1.226e-04 1.735e-02 1.752e-03 2.866e-02
6.126e+00 1.176e-04 1.710e-02 1.704e-03 2.912e-02
6.762e+00 9.658e-05 1.597e-02 1.497e-03 3.142e-02
7.000e+00 9.014e-05 1.559e-02 1.431e-03 3.224e-02
7.465e+00 7.928e-05 1.490e-02 1.318e-03 3.378e-02
8.000e+00 6.905e-05 1.419e-02 1.207e-03 3.547e-02
8.241e+00 6.508e-05 1.390e-02 1.162e-03 3.621e-02
9.000e+00 5.457e-05 1.305e-02 1.041e-03 3.846e-02
9.097e+00 5.342e-05 1.295e-02 1.028e-03 3.873e-02
1.000e+01 4.421e-05 1.209e-02 9.145e-04 4.119e-02
1.004e+01 4.386e-05 1.205e-02 9.101e-04 4.130e-02
1.100e+01 3.654e-05 1.128e-02 8.148e-04 4.373e-02
1.109e+01 3.595e-05 1.121e-02 8.069e-04 4.396e-02
1.200e+01 3.071e-05 1.058e-02 7.342e-04 4.614e-02
1.224e+01 2.952e-05 1.042e-02 7.171e-04 4.668e-02
1.300e+01 2.618e-05 9.964e-03 6.679e-04 4.836e-02
1.351e+01 2.424e-05 9.681e-03 6.383e-04 4.943e-02
1.400e+01 2.257e-05 9.425e-03 6.123e-04 5.043e-02
1.491e+01 1.990e-05 8.991e-03 5.692e-04 5.222e-02
1.500e+01 1.966e-05 8.950e-03 5.652e-04 5.239e-02
1.600e+01 1.728e-05 8.524e-03 5.248e-04 5.424e-02
1.646e+01 1.633e-05 8.342e-03 5.080e-04 5.505e-02
1.800e+01 1.365e-05 7.790e-03 4.587e-04 5.755e-02
1.818e+01 1.339e-05 7.731e-03 4.536e-04 5.783e-02
2.000e+01 1.106e-05 7.183e-03 4.073e-04 6.051e-02
