# BLOOD (ICRP) from NIST Database
1.060e+00 0.000e+00 0.000e+00 0.000e+00 0.000e+00
1.000e+00 1.011e-01 3.500e+00 0.000e+00 0.000e+00
6.000e+00 8.328e-03 3.500e+00 0.000e+00 0.000e+00
7.000e+00 2.116e-03 3.500e+00 0.000e+00 0.000e+00
8.000e+00 4.746e-02 3.500e+00 0.000e+00 0.000e+00
1.100e+01 8.047e-05 3.500e+00 0.000e+00 0.000e+00
1.500e+01 1.130e-05 3.500e+00 0.000e+00 0.000e+00
1.600e+01 5.769e-05 3.500e+00 0.000e+00 0.000e+00
1.700e+01 7.842e-05 3.500e+00 0.000e+00 0.000e+00
1.900e+01 4.169e-05 3.500e+00 0.000e+00 0.000e+00
2.600e+01 8.237e-06 3.500e+00 0.000e+00 0.000e+00
0.000e+00 0.000e+00 0.000e+00 0.000e+00 0.000e+00
1.000e-03 1.348e+00 1.328e-02 3.830e+03 0.000e+00
1.020e-03 1.343e+00 1.375e-02 3.633e+03 0.000e+00
1.072e-03 1.332e+00 1.502e-02 3.181e+03 0.000e+00
1.072e-03 1.332e+00 1.502e-02 3.192e+03 0.000e+00
1.126e-03 1.321e+00 1.639e-02 2.801e+03 0.000e+00
1.243e-03 1.297e+00 1.949e-02 2.150e+03 0.000e+00
1.372e-03 1.270e+00 2.309e-02 1.647e+03 0.000e+00
1.500e-03 1.242e+00 2.681e-02 1.292e+03 0.000e+00
1.515e-03 1.239e+00 2.725e-02 1.257e+03 0.000e+00
1.672e-03 1.202e+00 3.192e-02 9.566e+02 0.000e+00
1.846e-03 1.159e+00 3.718e-02 7.249e+02 0.000e+00
2.000e-03 1.121e+00 4.184e-02 5.779e+02 0.000e+00
2.038e-03 1.111e+00 4.299e-02 5.478e+02 0.000e+00
2.145e-03 1.084e+00 4.622e-02 4.733e+02 0.000e+00
2.145e-03 1.084e+00 4.622e-02 4.740e+02 0.000e+00
2.250e-03 1.058e+00 4.935e-02 4.138e+02 0.000e+00
2.472e-03 1.004e+00 5.587e-02 3.158e+02 0.000e+00
2.472e-03 1.004e+00 5.587e-02 3.192e+02 0.000e+00
2.483e-03 1.001e+00 5.619e-02 3.152e+02 0.000e+00
2.741e-03 9.397e-01 6.349e-02 2.369e+02 0.000e+00
2.822e-03 9.210e-01 6.573e-02 2.176e+02 0.000e+00
2.822e-03 9.210e-01 6.573e-02 2.217e+02 0.000e+00
3.000e-03 8.810e-01 7.048e-02 1.858e+02 0.000e+00
3.026e-03 8.752e-01 7.116e-02 1.812e+02 0.000e+00
3.341e-03 8.083e-01 7.906e-02 1.357e+02 0.000e+00
3.607e-03 7.558e-01 8.529e-02 1.082e+02 0.000e+00
3.607e-03 7.558e-01 8.529e-02 1.100e+02 0.000e+00
3.688e-03 7.406e-01 8.709e-02 1.030e+02 0.000e+00
4.000e-03 6.852e-01 9.370e-02 8.098e+01 0.000e+00
4.071e-03 6.733e-01 9.512e-02 7.685e+01 0.000e+00
4.494e-03 6.076e-01 1.031e-01 5.725e+01 0.000e+00
4.961e-03 5.449e-01 1.108e-01 4.257e+01 0.000e+00
5.000e-03 5.401e-01 1.114e-01 4.158e+01 0.000e+00
5.477e-03 4.859e-01 1.181e-01 3.159e+01 0.000e+00
6.000e-03 4.354e-01 1.246e-01 2.395e+01 0.000e+00
6.046e-03 4.314e-01 1.251e-01 2.340e+01 0.000e+00
6.675e-03 3.815e-01 1.316e-01 1.731e+01 0.000e+00
7.112e-03 3.520e-01 1.355e-01 1.425e+01 0.000e+00
7.112e-03 3.520e-01 1.355e-01 1.441e+01 0.000e+00
7.368e-03 3.364e-01 1.376e-01 1.294e+01 0.000e+00
8.000e-03 3.025e-01 1.423e-01 1.005e+01 0.000e+00
8.134e-03 2.960e-01 1.432e-01 9.546e+00 0.000e+00
8.979e-03 2.602e-01 1.482e-01 7.035e+00 0.000e+00
9.912e-03 2.285e-01 1.528e-01 5.177e+00 0.000e+00
1.000e-02 2.259e-01 1.532e-01 5.036e+00 0.000e+00
1.094e-02 2.006e-01 1.570e-01 3.805e+00 0.000e+00
1.208e-02 1.759e-01 1.608e-01 2.789e+00 0.000e+00
1.334e-02 1.540e-01 1.644e-01 2.041e+00 0.000e+00
1.472e-02 1.347e-01 1.676e-01 1.496e+00 0.000e+00
1.500e-02 1.312e-01 1.682e-01 1.409e+00 0.000e+00
1.625e-02 1.175e-01 1.705e-01 1.093e+00 0.000e+00
1.794e-02 1.021e-01 1.732e-01 7.978e-01 0.000e+00
1.980e-02 8.849e-02 1.755e-01 5.822e-01 0.000e+00
2.000e-02 8.718e-02 1.757e-01 5.637e-01 0.000e+00
2.186e-02 7.630e-02 1.775e-01 4.239e-01 0.000e+00
2.413e-02 6.552e-02 1.791e-01 3.085e-01 0.000e+00
2.664e-02 5.600e-02 1.803e-01 2.242e-01 0.000e+00
2.941e-02 4.768e-02 1.811e-01 1.628e-01 0.000e+00
3.000e-02 4.614e-02 1.813e-01 1.526e-01 0.000e+00
3.247e-02 4.043e-02 1.816e-01 1.181e-01 0.000e+00
3.584e-02 3.418e-02 1.816e-01 8.564e-02 0.000e+00
3.957e-02 2.880e-02 1.812e-01 6.203e-02 0.000e+00
4.000e-02 2.826e-02 1.811e-01 5.989e-02 0.000e+00
4.368e-02 2.422e-02 1.804e-01 4.493e-02 0.000e+00
4.822e-02 2.032e-02 1.792e-01 3.252e-02 0.000e+00
5.000e-02 1.904e-02 1.787e-01 2.888e-02 0.000e+00
5.323e-02 1.702e-02 1.777e-01 2.353e-02 0.000e+00
5.876e-02 1.422e-02 1.759e-01 1.701e-02 0.000e+00
6.000e-02 1.369e-02 1.754e-01 1.589e-02 0.000e+00
6.486e-02 1.187e-02 1.737e-01 1.230e-02 0.000e+00
7.161e-02 9.880e-03 1.712e-01 8.890e-03 0.000e+00
7.905e-02 8.214e-03 1.685e-01 6.427e-03 0.000e+00
8.000e-02 8.032e-03 1.682e-01 6.180e-03 0.000e+00
8.726e-02 6.818e-03 1.656e-01 4.647e-03 0.000e+00
9.633e-02 5.651e-03 1.624e-01 3.360e-03 0.000e+00
1.000e-01 5.262e-03 1.611e-01 2.972e-03 0.000e+00
1.063e-01 4.681e-03 1.590e-01 2.433e-03 0.000e+00
1.174e-01 3.867e-03 1.554e-01 1.758e-03 0.000e+00
1.296e-01 3.193e-03 1.517e-01 1.274e-03 0.000e+00
1.431e-01 2.633e-03 1.479e-01 9.229e-04 0.000e+00
1.500e-01 2.402e-03 1.460e-01 7.922e-04 0.000e+00
1.579e-01 2.173e-03 1.439e-01 6.710e-04 0.000e+00
1.743e-01 1.790e-03 1.399e-01 4.881e-04 0.000e+00
1.925e-01 1.472e-03 1.357e-01 3.552e-04 0.000e+00
2.000e-01 1.365e-03 1.341e-01 3.145e-04 0.000e+00
2.125e-01 1.211e-03 1.315e-01 2.596e-04 0.000e+00
2.345e-01 9.969e-04 1.273e-01 1.905e-04 0.000e+00
2.589e-01 8.194e-04 1.231e-01 1.401e-04 0.000e+00
2.858e-01 6.735e-04 1.189e-01 1.035e-04 0.000e+00
3.000e-01 6.116e-04 1.168e-01 8.936e-05 0.000e+00
3.155e-01 5.534e-04 1.147e-01 7.681e-05 0.000e+00
3.483e-01 4.545e-04 1.105e-01 5.729e-05 0.000e+00
3.845e-01 3.733e-04 1.064e-01 4.298e-05 0.000e+00
4.000e-01 3.450e-04 1.048e-01 3.838e-05 0.000e+00
4.245e-01 3.065e-04 1.023e-01 3.243e-05 0.000e+00
4.686e-01 2.517e-04 9.834e-02 2.467e-05 0.000e+00
5.000e-01 2.211e-04 9.574e-02 2.073e-05 0.000e+00
5.173e-01 2.066e-04 9.438e-02 1.895e-05 0.000e+00
5.710e-01 1.696e-04 9.049e-02 1.468e-05 0.000e+00
6.000e-01 1.537e-04 8.857e-02 1.292e-05 0.000e+00
6.304e-01 1.392e-04 8.667e-02 1.138e-05 0.000e+00
6.959e-01 1.143e-04 8.295e-02 8.876e-06 0.000e+00
7.682e-01 9.382e-05 7.931e-02 7.085e-06 0.000e+00
8.000e-01 8.651e-05 7.784e-02 6.529e-06 0.000e+00
8.480e-01 7.699e-05 7.575e-02 5.869e-06 0.000e+00
9.361e-01 6.318e-05 7.227e-02 4.836e-06 0.000e+00
1.000e+00 5.538e-05 7.000e-02 4.059e-06 0.000e+00
1.022e+00 5.303e-05 6.927e-02 3.791e-06 0.000e+00
1.033e+00 5.192e-05 6.890e-02 3.673e-06 3.428e-09
1.141e+00 4.257e-05 6.558e-02 2.960e-06 3.247e-06
1.250e+00 3.547e-05 6.259e-02 2.573e-06 1.753e-05
1.259e+00 3.496e-05 6.236e-02 2.544e-06 1.929e-05
1.390e+00 2.867e-05 5.922e-02 2.143e-06 5.457e-05
1.500e+00 2.462e-05 5.689e-02 1.865e-06 9.688e-05
1.535e+00 2.351e-05 5.619e-02 1.791e-06 1.125e-04
1.694e+00 1.931e-05 5.330e-02 1.518e-06 1.939e-04
1.870e+00 1.585e-05 5.046e-02 1.299e-06 2.999e-04
2.000e+00 1.385e-05 4.856e-02 1.171e-06 3.855e-04
2.044e+00 1.326e-05 4.794e-02 1.132e-06 4.154e-04
2.065e+00 1.299e-05 4.766e-02 1.115e-06 4.298e-04
2.279e+00 1.066e-05 4.499e-02 9.616e-07 5.809e-04
2.516e+00 8.749e-06 4.244e-02 8.330e-07 7.542e-04
2.778e+00 7.179e-06 4.001e-02 7.246e-07 9.493e-04
3.000e+00 6.157e-06 3.819e-02 6.520e-07 1.115e-03
3.066e+00 5.895e-06 3.769e-02 6.331e-07 1.164e-03
3.385e+00 4.837e-06 3.544e-02 5.546e-07 1.401e-03
3.737e+00 3.969e-06 3.329e-02 4.874e-07 1.656e-03
4.000e+00 3.464e-06 3.186e-02 4.466e-07 1.842e-03
4.125e+00 3.257e-06 3.123e-02 4.295e-07 1.928e-03
4.554e+00 2.672e-06 2.927e-02 3.794e-07 2.218e-03
5.000e+00 2.216e-06 2.751e-02 3.382e-07 2.506e-03
5.027e+00 2.193e-06 2.742e-02 3.360e-07 2.523e-03
5.549e+00 1.800e-06 2.565e-02 2.981e-07 2.847e-03
6.000e+00 1.539e-06 2.432e-02 2.716e-07 3.113e-03
6.126e+00 1.477e-06 2.397e-02 2.650e-07 3.184e-03
6.762e+00 1.212e-06 2.239e-02 2.360e-07 3.534e-03
7.000e+00 1.131e-06 2.186e-02 2.267e-07 3.659e-03
7.465e+00 9.944e-07 2.089e-02 2.105e-07 3.895e-03
8.000e+00 8.659e-07 1.989e-02 1.944e-07 4.155e-03
8.241e+00 8.160e-07 1.948e-02 1.880e-07 4.268e-03
9.000e+00 6.842e-07 1.829e-02 1.702e-07 4.610e-03
9.097e+00 6.697e-07 1.815e-02 1.681e-07 4.652e-03
1.000e+01 5.542e-07 1.694e-02 1.512e-07 5.022e-03
1.004e+01 5.498e-07 1.689e-02 1.506e-07 5.038e-03
1.100e+01 4.579e-07 1.580e-02 1.361e-07 5.401e-03
1.109e+01 4.505e-07 1.571e-02 1.349e-07 5.434e-03
1.200e+01 3.848e-07 1.482e-02 1.237e-07 5.751e-03
1.224e+01 3.699e-07 1.460e-02 1.210e-07 5.830e-03
1.300e+01 3.279e-07 1.396e-02 1.133e-07 6.077e-03
1.351e+01 3.036e-07 1.356e-02 1.087e-07 6.234e-03
1.400e+01 2.827e-07 1.321e-02 1.046e-07 6.380e-03
1.491e+01 2.493e-07 1.260e-02 9.770e-08 6.639e-03
1.500e+01 2.463e-07 1.254e-02 9.707e-08 6.665e-03
1.600e+01 2.165e-07 1.194e-02 9.057e-08 6.934e-03
1.646e+01 2.045e-07 1.169e-02 8.786e-08 7.053e-03
1.800e+01 1.710e-07 1.091e-02 7.987e-08 7.426e-03
1.818e+01 1.677e-07 1.083e-02 7.903e-08 7.468e-03
2.000e+01 1.385e-07 1.006e-02 7.141e-08 7.869e-03
