# BONE, CORTICAL (ICRP) from NIST Database
1.850e+00 0.000e+00 0.000e+00 0.000e+00 0.000e+00
1.000e+00 4.686e-02 3.500e+00 0.000e+00 0.000e+00
6.000e+00 1.202e-02 3.500e+00 0.000e+00 0.000e+00
7.000e+00 2.998e-03 3.500e+00 0.000e+00 0.000e+00
8.000e+00 2.788e-02 3.500e+00 0.000e+00 0.000e+00
1.200e+01 9.050e-05 3.500e+00 0.000e+00 0.000e+00
1.500e+01 3.389e-03 3.500e+00 0.000e+00 0.000e+00
1.600e+01 9.822e-05 3.500e+00 0.000e+00 0.000e+00
2.000e+01 5.238e-03 3.500e+00 0.000e+00 0.000e+00
3.000e+01 1.530e-06 3.500e+00 0.000e+00 0.000e+00
0.000e+00 0.000e+00 0.000e+00 0.000e+00 0.000e+00
1.000e-03 1.941e+00 1.283e-02 3.736e+03 0.000e+00
1.020e-03 1.934e+00 1.324e-02 3.548e+03 0.000e+00
1.020e-03 1.934e+00 1.324e-02 3.548e+03 0.000e+00
1.020e-03 1.934e+00 1.325e-02 3.545e+03 0.000e+00
1.043e-03 1.926e+00 1.373e-02 3.344e+03 0.000e+00
1.043e-03 1.926e+00 1.373e-02 3.344e+03 0.000e+00
1.126e-03 1.897e+00 1.554e-02 2.729e+03 0.000e+00
1.194e-03 1.875e+00 1.706e-02 2.337e+03 0.000e+00
1.194e-03 1.875e+00 1.706e-02 2.337e+03 0.000e+00
1.243e-03 1.859e+00 1.820e-02 2.098e+03 0.000e+00
1.305e-03 1.838e+00 1.966e-02 1.843e+03 0.000e+00
1.305e-03 1.838e+00 1.966e-02 1.854e+03 0.000e+00
1.372e-03 1.816e+00 2.125e-02 1.622e+03 0.000e+00
1.500e-03 1.773e+00 2.435e-02 1.276e+03 0.000e+00
1.515e-03 1.768e+00 2.471e-02 1.242e+03 0.000e+00
1.672e-03 1.714e+00 2.855e-02 9.480e+02 0.000e+00
1.846e-03 1.654e+00 3.282e-02 7.213e+02 0.000e+00
2.000e-03 1.600e+00 3.658e-02 5.774e+02 0.000e+00
2.038e-03 1.587e+00 3.751e-02 5.478e+02 0.000e+00
2.145e-03 1.551e+00 4.013e-02 4.741e+02 0.000e+00
2.145e-03 1.551e+00 4.013e-02 7.076e+02 0.000e+00
2.250e-03 1.516e+00 4.265e-02 6.245e+02 0.000e+00
2.472e-03 1.445e+00 4.792e-02 4.873e+02 0.000e+00
2.472e-03 1.445e+00 4.792e-02 4.931e+02 0.000e+00
2.483e-03 1.441e+00 4.817e-02 4.874e+02 0.000e+00
2.741e-03 1.362e+00 5.409e-02 3.749e+02 0.000e+00
3.000e-03 1.287e+00 5.977e-02 2.939e+02 0.000e+00
3.026e-03 1.280e+00 6.033e-02 2.871e+02 0.000e+00
3.341e-03 1.195e+00 6.680e-02 2.185e+02 0.000e+00
3.688e-03 1.109e+00 7.342e-02 1.657e+02 0.000e+00
4.000e-03 1.038e+00 7.892e-02 1.318e+02 0.000e+00
4.038e-03 1.029e+00 7.956e-02 1.283e+02 0.000e+00
4.038e-03 1.029e+00 7.956e-02 3.182e+02 0.000e+00
4.071e-03 1.022e+00 8.011e-02 3.117e+02 0.000e+00
4.494e-03 9.369e-01 8.679e-02 2.415e+02 0.000e+00
4.961e-03 8.557e-01 9.337e-02 1.864e+02 0.000e+00
5.000e-03 8.494e-01 9.388e-02 1.825e+02 0.000e+00
5.477e-03 7.777e-01 9.977e-02 1.428e+02 0.000e+00
6.000e-03 7.096e-01 1.055e-01 1.112e+02 0.000e+00
6.046e-03 7.041e-01 1.059e-01 1.089e+02 0.000e+00
6.675e-03 6.354e-01 1.118e-01 8.298e+01 0.000e+00
7.368e-03 5.722e-01 1.174e-01 6.316e+01 0.000e+00
8.000e-03 5.234e-01 1.218e-01 5.022e+01 0.000e+00
8.134e-03 5.139e-01 1.226e-01 4.794e+01 0.000e+00
8.979e-03 4.607e-01 1.276e-01 3.628e+01 0.000e+00
9.659e-03 4.242e-01 1.310e-01 2.948e+01 0.000e+00
9.659e-03 4.242e-01 1.310e-01 2.950e+01 0.000e+00
9.912e-03 4.118e-01 1.322e-01 2.740e+01 0.000e+00
1.000e-02 4.077e-01 1.326e-01 2.671e+01 0.000e+00
1.094e-02 3.671e-01 1.366e-01 2.064e+01 0.000e+00
1.208e-02 3.259e-01 1.408e-01 1.550e+01 0.000e+00
1.334e-02 2.880e-01 1.447e-01 1.161e+01 0.000e+00
1.472e-02 2.536e-01 1.484e-01 8.704e+00 0.000e+00
1.500e-02 2.473e-01 1.491e-01 8.235e+00 0.000e+00
1.625e-02 2.219e-01 1.518e-01 6.503e+00 0.000e+00
1.794e-02 1.932e-01 1.550e-01 4.849e+00 0.000e+00
1.980e-02 1.675e-01 1.578e-01 3.612e+00 0.000e+00
2.000e-02 1.650e-01 1.581e-01 3.505e+00 0.000e+00
2.186e-02 1.445e-01 1.603e-01 2.683e+00 0.000e+00
2.413e-02 1.243e-01 1.624e-01 1.991e+00 0.000e+00
2.664e-02 1.065e-01 1.641e-01 1.474e+00 0.000e+00
2.941e-02 9.106e-02 1.654e-01 1.090e+00 0.000e+00
3.000e-02 8.821e-02 1.656e-01 1.026e+00 0.000e+00
3.247e-02 7.765e-02 1.663e-01 8.052e-01 0.000e+00
3.584e-02 6.610e-02 1.668e-01 5.942e-01 0.000e+00
3.957e-02 5.613e-02 1.669e-01 4.376e-01 0.000e+00
4.000e-02 5.513e-02 1.669e-01 4.232e-01 0.000e+00
4.368e-02 4.757e-02 1.666e-01 3.220e-01 0.000e+00
4.822e-02 4.023e-02 1.659e-01 2.367e-01 0.000e+00
5.000e-02 3.781e-02 1.656e-01 2.114e-01 0.000e+00
5.323e-02 3.394e-02 1.649e-01 1.738e-01 0.000e+00
5.876e-02 2.857e-02 1.636e-01 1.275e-01 0.000e+00
6.000e-02 2.754e-02 1.633e-01 1.194e-01 0.000e+00
6.486e-02 2.399e-02 1.619e-01 9.349e-02 0.000e+00
7.161e-02 2.009e-02 1.599e-01 6.844e-02 0.000e+00
7.905e-02 1.679e-02 1.577e-01 5.009e-02 0.000e+00
8.000e-02 1.642e-02 1.574e-01 4.824e-02 0.000e+00
8.726e-02 1.400e-02 1.552e-01 3.666e-02 0.000e+00
9.633e-02 1.165e-02 1.524e-01 2.682e-02 0.000e+00
1.000e-01 1.087e-02 1.513e-01 2.383e-02 0.000e+00
1.063e-01 9.694e-03 1.494e-01 1.964e-02 0.000e+00
1.174e-01 8.040e-03 1.462e-01 1.435e-02 0.000e+00
1.296e-01 6.666e-03 1.429e-01 1.050e-02 0.000e+00
1.431e-01 5.518e-03 1.394e-01 7.682e-03 0.000e+00
1.500e-01 5.042e-03 1.377e-01 6.624e-03 0.000e+00
1.579e-01 4.568e-03 1.358e-01 5.638e-03 0.000e+00
1.743e-01 3.776e-03 1.320e-01 4.138e-03 0.000e+00
1.925e-01 3.116e-03 1.282e-01 3.037e-03 0.000e+00
2.000e-01 2.893e-03 1.267e-01 2.697e-03 0.000e+00
2.125e-01 2.571e-03 1.243e-01 2.236e-03 0.000e+00
2.345e-01 2.121e-03 1.204e-01 1.653e-03 0.000e+00
2.589e-01 1.747e-03 1.164e-01 1.224e-03 0.000e+00
2.858e-01 1.439e-03 1.125e-01 9.098e-04 0.000e+00
3.000e-01 1.308e-03 1.106e-01 7.878e-04 0.000e+00
3.155e-01 1.185e-03 1.086e-01 6.792e-04 0.000e+00
3.483e-01 9.745e-04 1.046e-01 5.094e-04 0.000e+00
3.845e-01 8.014e-04 1.007e-01 3.841e-04 0.000e+00
4.000e-01 7.411e-04 9.921e-02 3.437e-04 0.000e+00
4.245e-01 6.587e-04 9.691e-02 2.913e-04 0.000e+00
4.686e-01 5.413e-04 9.313e-02 2.225e-04 0.000e+00
5.000e-01 4.759e-04 9.067e-02 1.873e-04 0.000e+00
5.173e-01 4.447e-04 8.940e-02 1.713e-04 0.000e+00
5.710e-01 3.654e-04 8.572e-02 1.330e-04 0.000e+00
6.000e-01 3.311e-04 8.391e-02 1.173e-04 0.000e+00
6.304e-01 3.001e-04 8.212e-02 1.037e-04 0.000e+00
6.959e-01 2.464e-04 7.859e-02 8.141e-05 0.000e+00
7.682e-01 2.023e-04 7.514e-02 6.493e-05 0.000e+00
8.000e-01 1.866e-04 7.375e-02 5.956e-05 0.000e+00
8.480e-01 1.661e-04 7.177e-02 5.295e-05 0.000e+00
9.361e-01 1.363e-04 6.847e-02 4.324e-05 0.000e+00
1.000e+00 1.195e-04 6.633e-02 3.702e-05 0.000e+00
1.022e+00 1.145e-04 6.564e-02 3.501e-05 0.000e+00
1.033e+00 1.121e-04 6.530e-02 3.410e-05 5.493e-09
1.141e+00 9.188e-05 6.215e-02 2.775e-05 5.091e-06
1.250e+00 7.655e-05 5.932e-02 2.371e-05 2.701e-05
1.259e+00 7.546e-05 5.910e-02 2.342e-05 2.969e-05
1.390e+00 6.191e-05 5.613e-02 1.965e-05 8.281e-05
1.500e+00 5.317e-05 5.392e-02 1.714e-05 1.459e-04
1.535e+00 5.077e-05 5.326e-02 1.646e-05 1.690e-04
1.694e+00 4.170e-05 5.050e-02 1.391e-05 2.899e-04
1.870e+00 3.422e-05 4.781e-02 1.184e-05 4.474e-04
2.000e+00 2.992e-05 4.602e-02 1.064e-05 5.748e-04
2.044e+00 2.865e-05 4.544e-02 1.028e-05 6.195e-04
2.065e+00 2.807e-05 4.517e-02 1.012e-05 6.409e-04
2.279e+00 2.305e-05 4.265e-02 8.702e-06 8.650e-04
2.516e+00 1.891e-05 4.024e-02 7.510e-06 1.119e-03
2.778e+00 1.551e-05 3.793e-02 6.506e-06 1.402e-03
3.000e+00 1.330e-05 3.620e-02 5.836e-06 1.642e-03
3.066e+00 1.273e-05 3.572e-02 5.662e-06 1.713e-03
3.385e+00 1.045e-05 3.359e-02 4.941e-06 2.052e-03
3.737e+00 8.574e-06 3.155e-02 4.327e-06 2.417e-03
4.000e+00 7.484e-06 3.020e-02 3.956e-06 2.683e-03
4.125e+00 7.037e-06 2.960e-02 3.801e-06 2.806e-03
4.554e+00 5.773e-06 2.775e-02 3.348e-06 3.216e-03
5.000e+00 4.789e-06 2.608e-02 2.977e-06 3.624e-03
5.027e+00 4.737e-06 2.599e-02 2.957e-06 3.648e-03
5.549e+00 3.888e-06 2.431e-02 2.617e-06 4.103e-03
6.000e+00 3.325e-06 2.305e-02 2.379e-06 4.477e-03
6.126e+00 3.190e-06 2.273e-02 2.320e-06 4.578e-03
6.762e+00 2.618e-06 2.123e-02 2.061e-06 5.067e-03
7.000e+00 2.443e-06 2.072e-02 1.978e-06 5.242e-03
7.465e+00 2.148e-06 1.980e-02 1.834e-06 5.573e-03
8.000e+00 1.870e-06 1.886e-02 1.692e-06 5.935e-03
8.241e+00 1.763e-06 1.846e-02 1.635e-06 6.093e-03
9.000e+00 1.478e-06 1.733e-02 1.477e-06 6.567e-03
9.097e+00 1.447e-06 1.720e-02 1.459e-06 6.625e-03
1.000e+01 1.197e-06 1.606e-02 1.310e-06 7.141e-03
1.004e+01 1.188e-06 1.601e-02 1.304e-06 7.163e-03
1.100e+01 9.895e-07 1.498e-02 1.177e-06 7.665e-03
1.109e+01 9.735e-07 1.489e-02 1.166e-06 7.711e-03
1.200e+01 8.315e-07 1.405e-02 1.068e-06 8.148e-03
1.224e+01 7.992e-07 1.384e-02 1.045e-06 8.258e-03
1.300e+01 7.085e-07 1.323e-02 9.779e-07 8.596e-03
1.351e+01 6.559e-07 1.286e-02 9.372e-07 8.813e-03
1.400e+01 6.107e-07 1.252e-02 9.012e-07 9.015e-03
1.491e+01 5.385e-07 1.194e-02 8.414e-07 9.370e-03
1.500e+01 5.321e-07 1.189e-02 8.359e-07 9.405e-03
1.600e+01 4.677e-07 1.132e-02 7.794e-07 9.774e-03
1.646e+01 4.419e-07 1.108e-02 7.558e-07 9.937e-03
1.800e+01 3.695e-07 1.034e-02 6.861e-07 1.045e-02
1.818e+01 3.622e-07 1.027e-02 6.788e-07 1.051e-02
2.000e+01 2.993e-07 9.540e-03 6.128e-07 1.106e-02
