# BONE, COMPACT (ICRU) from NIST Database
1.850e+00 0.000e+00 0.000e+00 0.000e+00 0.000e+00
1.000e+00 6.348e-02 3.500e+00 0.000e+00 0.000e+00
6.000e+00 2.315e-02 3.500e+00 0.000e+00 0.000e+00
7.000e+00 1.928e-03 3.500e+00 0.000e+00 0.000e+00
8.000e+00 2.563e-02 3.500e+00 0.000e+00 0.000e+00
1.200e+01 8.227e-05 3.500e+00 0.000e+00 0.000e+00
1.500e+01 2.260e-03 3.500e+00 0.000e+00 0.000e+00
1.600e+01 6.236e-05 3.500e+00 0.000e+00 0.000e+00
2.000e+01 3.668e-03 3.500e+00 0.000e+00 0.000e+00
0.000e+00 0.000e+00 0.000e+00 0.000e+00 0.000e+00
1.000e-03 1.695e+00 1.355e-02 3.441e+03 0.000e+00
1.020e-03 1.689e+00 1.400e-02 3.263e+03 0.000e+00
1.126e-03 1.656e+00 1.649e-02 2.506e+03 0.000e+00
1.243e-03 1.622e+00 1.940e-02 1.924e+03 0.000e+00
1.305e-03 1.604e+00 2.099e-02 1.688e+03 0.000e+00
1.305e-03 1.604e+00 2.099e-02 1.698e+03 0.000e+00
1.372e-03 1.584e+00 2.274e-02 1.483e+03 0.000e+00
1.500e-03 1.545e+00 2.614e-02 1.165e+03 0.000e+00
1.515e-03 1.541e+00 2.654e-02 1.134e+03 0.000e+00
1.672e-03 1.492e+00 3.077e-02 8.636e+02 0.000e+00
1.846e-03 1.437e+00 3.547e-02 6.557e+02 0.000e+00
2.000e-03 1.389e+00 3.962e-02 5.239e+02 0.000e+00
2.038e-03 1.377e+00 4.064e-02 4.968e+02 0.000e+00
2.145e-03 1.344e+00 4.352e-02 4.296e+02 0.000e+00
2.145e-03 1.344e+00 4.352e-02 5.853e+02 0.000e+00
2.250e-03 1.312e+00 4.628e-02 5.153e+02 0.000e+00
2.472e-03 1.247e+00 5.205e-02 4.001e+02 0.000e+00
2.472e-03 1.247e+00 5.205e-02 4.038e+02 0.000e+00
2.483e-03 1.244e+00 5.233e-02 3.990e+02 0.000e+00
2.741e-03 1.172e+00 5.877e-02 3.054e+02 0.000e+00
3.000e-03 1.105e+00 6.492e-02 2.385e+02 0.000e+00
3.026e-03 1.098e+00 6.552e-02 2.329e+02 0.000e+00
3.341e-03 1.022e+00 7.249e-02 1.766e+02 0.000e+00
3.688e-03 9.450e-01 7.956e-02 1.335e+02 0.000e+00
4.000e-03 8.814e-01 8.539e-02 1.059e+02 0.000e+00
4.038e-03 8.740e-01 8.607e-02 1.031e+02 0.000e+00
4.038e-03 8.740e-01 8.607e-02 2.360e+02 0.000e+00
4.071e-03 8.676e-01 8.664e-02 2.311e+02 0.000e+00
4.494e-03 7.926e-01 9.364e-02 1.786e+02 0.000e+00
4.961e-03 7.213e-01 1.005e-01 1.375e+02 0.000e+00
5.000e-03 7.157e-01 1.010e-01 1.346e+02 0.000e+00
5.477e-03 6.533e-01 1.070e-01 1.051e+02 0.000e+00
6.000e-03 5.943e-01 1.128e-01 8.175e+01 0.000e+00
6.046e-03 5.895e-01 1.133e-01 8.004e+01 0.000e+00
6.675e-03 5.305e-01 1.192e-01 6.087e+01 0.000e+00
7.368e-03 4.763e-01 1.248e-01 4.624e+01 0.000e+00
8.000e-03 4.348e-01 1.292e-01 3.672e+01 0.000e+00
8.134e-03 4.268e-01 1.300e-01 3.504e+01 0.000e+00
8.979e-03 3.817e-01 1.349e-01 2.648e+01 0.000e+00
9.912e-03 3.406e-01 1.395e-01 1.995e+01 0.000e+00
1.000e-02 3.371e-01 1.399e-01 1.945e+01 0.000e+00
1.094e-02 3.032e-01 1.438e-01 1.501e+01 0.000e+00
1.208e-02 2.688e-01 1.478e-01 1.126e+01 0.000e+00
1.334e-02 2.374e-01 1.516e-01 8.425e+00 0.000e+00
1.472e-02 2.089e-01 1.552e-01 6.307e+00 0.000e+00
1.500e-02 2.037e-01 1.558e-01 5.966e+00 0.000e+00
1.625e-02 1.827e-01 1.584e-01 4.707e+00 0.000e+00
1.794e-02 1.590e-01 1.614e-01 3.506e+00 0.000e+00
1.980e-02 1.378e-01 1.641e-01 2.609e+00 0.000e+00
2.000e-02 1.358e-01 1.644e-01 2.531e+00 0.000e+00
2.186e-02 1.189e-01 1.664e-01 1.936e+00 0.000e+00
2.413e-02 1.022e-01 1.683e-01 1.436e+00 0.000e+00
2.664e-02 8.749e-02 1.698e-01 1.062e+00 0.000e+00
2.941e-02 7.471e-02 1.709e-01 7.850e-01 0.000e+00
3.000e-02 7.235e-02 1.711e-01 7.386e-01 0.000e+00
3.247e-02 6.363e-02 1.716e-01 5.792e-01 0.000e+00
3.584e-02 5.410e-02 1.719e-01 4.271e-01 0.000e+00
3.957e-02 4.587e-02 1.717e-01 3.143e-01 0.000e+00
4.000e-02 4.505e-02 1.717e-01 3.040e-01 0.000e+00
4.368e-02 3.883e-02 1.712e-01 2.312e-01 0.000e+00
4.822e-02 3.279e-02 1.704e-01 1.698e-01 0.000e+00
5.000e-02 3.080e-02 1.700e-01 1.516e-01 0.000e+00
5.323e-02 2.763e-02 1.692e-01 1.246e-01 0.000e+00
5.876e-02 2.323e-02 1.676e-01 9.138e-02 0.000e+00
6.000e-02 2.238e-02 1.672e-01 8.557e-02 0.000e+00
6.486e-02 1.948e-02 1.658e-01 6.696e-02 0.000e+00
7.161e-02 1.629e-02 1.636e-01 4.899e-02 0.000e+00
7.905e-02 1.360e-02 1.612e-01 3.585e-02 0.000e+00
8.000e-02 1.331e-02 1.609e-01 3.452e-02 0.000e+00
8.726e-02 1.134e-02 1.585e-01 2.622e-02 0.000e+00
9.633e-02 9.429e-03 1.556e-01 1.917e-02 0.000e+00
1.000e-01 8.791e-03 1.544e-01 1.703e-02 0.000e+00
1.063e-01 7.837e-03 1.525e-01 1.404e-02 0.000e+00
1.174e-01 6.495e-03 1.491e-01 1.025e-02 0.000e+00
1.296e-01 5.381e-03 1.457e-01 7.498e-03 0.000e+00
1.431e-01 4.451e-03 1.420e-01 5.485e-03 0.000e+00
1.500e-01 4.066e-03 1.403e-01 4.729e-03 0.000e+00
1.579e-01 3.683e-03 1.383e-01 4.024e-03 0.000e+00
1.743e-01 3.043e-03 1.345e-01 2.952e-03 0.000e+00
1.925e-01 2.509e-03 1.305e-01 2.166e-03 0.000e+00
2.000e-01 2.329e-03 1.290e-01 1.924e-03 0.000e+00
2.125e-01 2.070e-03 1.265e-01 1.595e-03 0.000e+00
2.345e-01 1.707e-03 1.226e-01 1.179e-03 0.000e+00
2.589e-01 1.406e-03 1.185e-01 8.723e-04 0.000e+00
2.858e-01 1.157e-03 1.145e-01 6.484e-04 0.000e+00
3.000e-01 1.052e-03 1.125e-01 5.614e-04 0.000e+00
3.155e-01 9.523e-04 1.105e-01 4.839e-04 0.000e+00
3.483e-01 7.832e-04 1.065e-01 3.629e-04 0.000e+00
3.845e-01 6.440e-04 1.025e-01 2.736e-04 0.000e+00
4.000e-01 5.955e-04 1.009e-01 2.448e-04 0.000e+00
4.245e-01 5.292e-04 9.859e-02 2.074e-04 0.000e+00
4.686e-01 4.349e-04 9.474e-02 1.584e-04 0.000e+00
5.000e-01 3.822e-04 9.224e-02 1.333e-04 0.000e+00
5.173e-01 3.572e-04 9.093e-02 1.220e-04 0.000e+00
5.710e-01 2.935e-04 8.719e-02 9.468e-05 0.000e+00
6.000e-01 2.659e-04 8.535e-02 8.354e-05 0.000e+00
6.304e-01 2.410e-04 8.352e-02 7.379e-05 0.000e+00
6.959e-01 1.979e-04 7.994e-02 5.794e-05 0.000e+00
7.682e-01 1.625e-04 7.642e-02 4.621e-05 0.000e+00
8.000e-01 1.498e-04 7.500e-02 4.239e-05 0.000e+00
8.480e-01 1.334e-04 7.299e-02 3.770e-05 0.000e+00
9.361e-01 1.095e-04 6.963e-02 3.080e-05 0.000e+00
1.000e+00 9.597e-05 6.746e-02 2.635e-05 0.000e+00
1.022e+00 9.190e-05 6.675e-02 2.491e-05 0.000e+00
1.033e+00 8.996e-05 6.641e-02 2.426e-05 4.704e-09
1.141e+00 7.377e-05 6.321e-02 1.973e-05 4.380e-06
1.250e+00 6.146e-05 6.033e-02 1.687e-05 2.333e-05
1.259e+00 6.058e-05 6.010e-02 1.667e-05 2.565e-05
1.390e+00 4.970e-05 5.708e-02 1.398e-05 7.177e-05
1.500e+00 4.269e-05 5.483e-02 1.220e-05 1.267e-04
1.535e+00 4.076e-05 5.416e-02 1.171e-05 1.468e-04
1.694e+00 3.347e-05 5.136e-02 9.901e-06 2.521e-04
1.870e+00 2.747e-05 4.862e-02 8.426e-06 3.892e-04
2.000e+00 2.402e-05 4.680e-02 7.575e-06 5.002e-04
2.044e+00 2.300e-05 4.621e-02 7.321e-06 5.390e-04
2.065e+00 2.253e-05 4.594e-02 7.205e-06 5.577e-04
2.279e+00 1.850e-05 4.338e-02 6.195e-06 7.530e-04
2.516e+00 1.518e-05 4.093e-02 5.347e-06 9.751e-04
2.778e+00 1.245e-05 3.857e-02 4.633e-06 1.223e-03
3.000e+00 1.068e-05 3.681e-02 4.157e-06 1.433e-03
3.066e+00 1.022e-05 3.633e-02 4.032e-06 1.495e-03
3.385e+00 8.388e-06 3.416e-02 3.520e-06 1.793e-03
3.737e+00 6.883e-06 3.208e-02 3.082e-06 2.115e-03
4.000e+00 6.007e-06 3.071e-02 2.819e-06 2.349e-03
4.125e+00 5.649e-06 3.010e-02 2.708e-06 2.457e-03
4.554e+00 4.634e-06 2.822e-02 2.386e-06 2.819e-03
5.000e+00 3.844e-06 2.652e-02 2.121e-06 3.179e-03
5.027e+00 3.803e-06 2.642e-02 2.107e-06 3.200e-03
5.549e+00 3.121e-06 2.472e-02 1.865e-06 3.603e-03
6.000e+00 2.670e-06 2.344e-02 1.696e-06 3.934e-03
6.126e+00 2.561e-06 2.311e-02 1.654e-06 4.023e-03
6.762e+00 2.102e-06 2.158e-02 1.469e-06 4.457e-03
7.000e+00 1.961e-06 2.107e-02 1.410e-06 4.612e-03
7.465e+00 1.724e-06 2.014e-02 1.307e-06 4.905e-03
8.000e+00 1.502e-06 1.917e-02 1.206e-06 5.225e-03
8.241e+00 1.415e-06 1.877e-02 1.165e-06 5.365e-03
9.000e+00 1.186e-06 1.763e-02 1.053e-06 5.787e-03
9.097e+00 1.161e-06 1.749e-02 1.040e-06 5.837e-03
1.000e+01 9.612e-07 1.633e-02 9.341e-07 6.296e-03
1.004e+01 9.535e-07 1.628e-02 9.299e-07 6.315e-03
1.100e+01 7.943e-07 1.523e-02 8.392e-07 6.763e-03
1.109e+01 7.815e-07 1.514e-02 8.316e-07 6.803e-03
1.200e+01 6.675e-07 1.429e-02 7.617e-07 7.191e-03
1.224e+01 6.416e-07 1.408e-02 7.452e-07 7.289e-03
1.300e+01 5.688e-07 1.346e-02 6.972e-07 7.589e-03
1.351e+01 5.265e-07 1.307e-02 6.683e-07 7.783e-03
1.400e+01 4.903e-07 1.273e-02 6.426e-07 7.963e-03
1.491e+01 4.323e-07 1.214e-02 6.000e-07 8.279e-03
1.500e+01 4.271e-07 1.209e-02 5.961e-07 8.310e-03
1.600e+01 3.754e-07 1.151e-02 5.558e-07 8.640e-03
1.646e+01 3.547e-07 1.126e-02 5.389e-07 8.785e-03
1.800e+01 2.966e-07 1.052e-02 4.893e-07 9.242e-03
1.818e+01 2.908e-07 1.044e-02 4.840e-07 9.293e-03
2.000e+01 2.403e-07 9.701e-03 4.370e-07 9.781e-03
