# BORON OXIDE from NIST Database
1.812e+00 0.000e+00 0.000e+00 0.000e+00 0.000e+00
5.000e+00 2.873e-02 3.500e+00 0.000e+00 0.000e+00
8.000e+00 4.309e-02 3.500e+00 0.000e+00 0.000e+00
0.000e+00 0.000e+00 0.000e+00 0.000e+00 0.000e+00
1.000e-03 1.285e+00 1.087e-02 3.545e+03 0.000e+00
1.020e-03 1.281e+00 1.126e-02 3.362e+03 0.000e+00
1.126e-03 1.257e+00 1.339e-02 2.579e+03 0.000e+00
1.243e-03 1.232e+00 1.589e-02 1.976e+03 0.000e+00
1.372e-03 1.205e+00 1.879e-02 1.512e+03 0.000e+00
1.500e-03 1.176e+00 2.177e-02 1.184e+03 0.000e+00
1.515e-03 1.172e+00 2.212e-02 1.152e+03 0.000e+00
1.672e-03 1.134e+00 2.587e-02 8.753e+02 0.000e+00
1.846e-03 1.091e+00 3.007e-02 6.624e+02 0.000e+00
2.000e-03 1.053e+00 3.381e-02 5.277e+02 0.000e+00
2.038e-03 1.044e+00 3.473e-02 5.001e+02 0.000e+00
2.250e-03 9.919e-01 3.984e-02 3.767e+02 0.000e+00
2.483e-03 9.364e-01 4.535e-02 2.835e+02 0.000e+00
2.741e-03 8.776e-01 5.127e-02 2.127e+02 0.000e+00
3.000e-03 8.216e-01 5.695e-02 1.633e+02 0.000e+00
3.026e-03 8.162e-01 5.751e-02 1.592e+02 0.000e+00
3.341e-03 7.532e-01 6.398e-02 1.188e+02 0.000e+00
3.688e-03 6.899e-01 7.059e-02 8.859e+01 0.000e+00
4.000e-03 6.384e-01 7.607e-02 6.949e+01 0.000e+00
4.071e-03 6.273e-01 7.726e-02 6.592e+01 0.000e+00
4.494e-03 5.666e-01 8.390e-02 4.896e+01 0.000e+00
4.961e-03 5.088e-01 9.044e-02 3.629e+01 0.000e+00
5.000e-03 5.044e-01 9.095e-02 3.544e+01 0.000e+00
5.477e-03 4.546e-01 9.680e-02 2.685e+01 0.000e+00
6.000e-03 4.084e-01 1.024e-01 2.030e+01 0.000e+00
6.046e-03 4.046e-01 1.029e-01 1.983e+01 0.000e+00
6.675e-03 3.588e-01 1.087e-01 1.462e+01 0.000e+00
7.368e-03 3.174e-01 1.142e-01 1.077e+01 0.000e+00
8.000e-03 2.862e-01 1.186e-01 8.343e+00 0.000e+00
8.134e-03 2.802e-01 1.194e-01 7.922e+00 0.000e+00
8.979e-03 2.470e-01 1.243e-01 5.818e+00 0.000e+00
9.912e-03 2.174e-01 1.288e-01 4.267e+00 0.000e+00
1.000e-02 2.150e-01 1.292e-01 4.150e+00 0.000e+00
1.094e-02 1.912e-01 1.331e-01 3.126e+00 0.000e+00
1.208e-02 1.678e-01 1.371e-01 2.284e+00 0.000e+00
1.334e-02 1.470e-01 1.409e-01 1.666e+00 0.000e+00
1.472e-02 1.285e-01 1.443e-01 1.217e+00 0.000e+00
1.500e-02 1.253e-01 1.449e-01 1.145e+00 0.000e+00
1.625e-02 1.120e-01 1.475e-01 8.862e-01 0.000e+00
1.794e-02 9.732e-02 1.504e-01 6.448e-01 0.000e+00
1.980e-02 8.424e-02 1.529e-01 4.690e-01 0.000e+00
2.000e-02 8.299e-02 1.531e-01 4.540e-01 0.000e+00
2.186e-02 7.256e-02 1.551e-01 3.405e-01 0.000e+00
2.413e-02 6.224e-02 1.569e-01 2.470e-01 0.000e+00
2.664e-02 5.315e-02 1.583e-01 1.789e-01 0.000e+00
2.941e-02 4.521e-02 1.593e-01 1.295e-01 0.000e+00
3.000e-02 4.375e-02 1.595e-01 1.214e-01 0.000e+00
3.247e-02 3.831e-02 1.600e-01 9.369e-02 0.000e+00
3.584e-02 3.236e-02 1.602e-01 6.777e-02 0.000e+00
3.957e-02 2.724e-02 1.600e-01 4.895e-02 0.000e+00
4.000e-02 2.673e-02 1.600e-01 4.724e-02 0.000e+00
4.368e-02 2.289e-02 1.594e-01 3.536e-02 0.000e+00
4.822e-02 1.919e-02 1.585e-01 2.552e-02 0.000e+00
5.000e-02 1.798e-02 1.581e-01 2.264e-02 0.000e+00
5.323e-02 1.605e-02 1.573e-01 1.841e-02 0.000e+00
5.876e-02 1.341e-02 1.557e-01 1.328e-02 0.000e+00
6.000e-02 1.290e-02 1.554e-01 1.239e-02 0.000e+00
6.486e-02 1.118e-02 1.539e-01 9.579e-03 0.000e+00
7.161e-02 9.299e-03 1.518e-01 6.904e-03 0.000e+00
7.905e-02 7.725e-03 1.494e-01 4.979e-03 0.000e+00
8.000e-02 7.553e-03 1.491e-01 4.786e-03 0.000e+00
8.726e-02 6.408e-03 1.468e-01 3.592e-03 0.000e+00
9.633e-02 5.308e-03 1.440e-01 2.591e-03 0.000e+00
1.000e-01 4.941e-03 1.429e-01 2.290e-03 0.000e+00
1.063e-01 4.394e-03 1.411e-01 1.873e-03 0.000e+00
1.174e-01 3.628e-03 1.379e-01 1.350e-03 0.000e+00
1.296e-01 2.995e-03 1.347e-01 9.761e-04 0.000e+00
1.431e-01 2.469e-03 1.312e-01 7.058e-04 0.000e+00
1.500e-01 2.251e-03 1.296e-01 6.053e-04 0.000e+00
1.579e-01 2.036e-03 1.277e-01 5.122e-04 0.000e+00
1.743e-01 1.677e-03 1.242e-01 3.718e-04 0.000e+00
1.925e-01 1.379e-03 1.205e-01 2.701e-04 0.000e+00
2.000e-01 1.278e-03 1.190e-01 2.390e-04 0.000e+00
2.125e-01 1.134e-03 1.168e-01 1.971e-04 0.000e+00
2.345e-01 9.331e-04 1.130e-01 1.444e-04 0.000e+00
2.589e-01 7.668e-04 1.093e-01 1.060e-04 0.000e+00
2.858e-01 6.301e-04 1.056e-01 7.823e-05 0.000e+00
3.000e-01 5.722e-04 1.037e-01 6.750e-05 0.000e+00
3.155e-01 5.177e-04 1.018e-01 5.799e-05 0.000e+00
3.483e-01 4.252e-04 9.815e-02 4.320e-05 0.000e+00
3.845e-01 3.492e-04 9.449e-02 3.237e-05 0.000e+00
4.000e-01 3.227e-04 9.304e-02 2.889e-05 0.000e+00
4.245e-01 2.866e-04 9.088e-02 2.440e-05 0.000e+00
4.686e-01 2.354e-04 8.732e-02 1.854e-05 0.000e+00
5.000e-01 2.068e-04 8.501e-02 1.557e-05 0.000e+00
5.173e-01 1.932e-04 8.381e-02 1.424e-05 0.000e+00
5.710e-01 1.586e-04 8.036e-02 1.102e-05 0.000e+00
6.000e-01 1.437e-04 7.865e-02 9.697e-06 0.000e+00
6.304e-01 1.302e-04 7.697e-02 8.530e-06 0.000e+00
6.959e-01 1.069e-04 7.366e-02 6.642e-06 0.000e+00
7.682e-01 8.773e-05 7.042e-02 5.304e-06 0.000e+00
8.000e-01 8.089e-05 6.911e-02 4.894e-06 0.000e+00
8.480e-01 7.199e-05 6.726e-02 4.412e-06 0.000e+00
9.361e-01 5.907e-05 6.418e-02 3.645e-06 0.000e+00
1.000e+00 5.178e-05 6.217e-02 3.042e-06 0.000e+00
1.022e+00 4.958e-05 6.151e-02 2.832e-06 0.000e+00
1.033e+00 4.854e-05 6.119e-02 2.740e-06 3.280e-09
1.141e+00 3.980e-05 5.823e-02 2.202e-06 3.111e-06
1.250e+00 3.316e-05 5.558e-02 1.923e-06 1.681e-05
1.259e+00 3.268e-05 5.538e-02 1.902e-06 1.850e-05
1.390e+00 2.681e-05 5.259e-02 1.603e-06 5.239e-05
1.500e+00 2.302e-05 5.051e-02 1.395e-06 9.306e-05
1.535e+00 2.198e-05 4.990e-02 1.339e-06 1.080e-04
1.694e+00 1.806e-05 4.733e-02 1.136e-06 1.863e-04
1.870e+00 1.482e-05 4.481e-02 9.729e-07 2.883e-04
2.000e+00 1.295e-05 4.312e-02 8.778e-07 3.705e-04
2.044e+00 1.240e-05 4.257e-02 8.491e-07 3.993e-04
2.065e+00 1.215e-05 4.232e-02 8.361e-07 4.132e-04
2.279e+00 9.967e-06 3.994e-02 7.218e-07 5.585e-04
2.516e+00 8.178e-06 3.769e-02 6.258e-07 7.250e-04
2.778e+00 6.711e-06 3.553e-02 5.449e-07 9.122e-04
3.000e+00 5.756e-06 3.392e-02 4.906e-07 1.072e-03
3.066e+00 5.511e-06 3.347e-02 4.764e-07 1.119e-03
3.385e+00 4.522e-06 3.147e-02 4.177e-07 1.345e-03
3.737e+00 3.711e-06 2.956e-02 3.674e-07 1.589e-03
4.000e+00 3.238e-06 2.829e-02 3.368e-07 1.767e-03
4.125e+00 3.045e-06 2.773e-02 3.240e-07 1.850e-03
4.554e+00 2.498e-06 2.600e-02 2.864e-07 2.127e-03
5.000e+00 2.072e-06 2.443e-02 2.554e-07 2.403e-03
5.027e+00 2.050e-06 2.434e-02 2.538e-07 2.419e-03
5.549e+00 1.682e-06 2.278e-02 2.253e-07 2.728e-03
6.000e+00 1.439e-06 2.160e-02 2.054e-07 2.982e-03
6.126e+00 1.380e-06 2.129e-02 2.004e-07 3.052e-03
6.762e+00 1.133e-06 1.988e-02 1.786e-07 3.385e-03
7.000e+00 1.057e-06 1.941e-02 1.716e-07 3.504e-03
7.465e+00 9.296e-07 1.855e-02 1.593e-07 3.730e-03
8.000e+00 8.095e-07 1.766e-02 1.472e-07 3.977e-03
8.241e+00 7.628e-07 1.730e-02 1.424e-07 4.086e-03
9.000e+00 6.397e-07 1.624e-02 1.289e-07 4.411e-03
9.097e+00 6.261e-07 1.611e-02 1.274e-07 4.452e-03
1.000e+01 5.181e-07 1.505e-02 1.146e-07 4.805e-03
1.004e+01 5.140e-07 1.500e-02 1.141e-07 4.820e-03
1.100e+01 4.281e-07 1.403e-02 1.032e-07 5.167e-03
1.109e+01 4.212e-07 1.395e-02 1.023e-07 5.197e-03
1.200e+01 3.597e-07 1.316e-02 9.379e-08 5.499e-03
1.224e+01 3.458e-07 1.297e-02 9.178e-08 5.575e-03
1.300e+01 3.066e-07 1.240e-02 8.596e-08 5.810e-03
1.351e+01 2.839e-07 1.205e-02 8.245e-08 5.961e-03
1.400e+01 2.643e-07 1.173e-02 7.933e-08 6.100e-03
1.491e+01 2.330e-07 1.119e-02 7.414e-08 6.347e-03
1.500e+01 2.302e-07 1.114e-02 7.366e-08 6.371e-03
1.600e+01 2.024e-07 1.061e-02 6.874e-08 6.628e-03
1.646e+01 1.912e-07 1.038e-02 6.669e-08 6.740e-03
1.800e+01 1.599e-07 9.691e-03 6.064e-08 7.097e-03
1.818e+01 1.567e-07 9.618e-03 6.000e-08 7.136e-03
2.000e+01 1.295e-07 8.936e-03 5.423e-08 7.518e-03
