# BORON CARBIDE from NIST Database
2.520e+00 0.000e+00 0.000e+00 0.000e+00 0.000e+00
5.000e+00 7.240e-02 3.500e+00 0.000e+00 0.000e+00
6.000e+00 1.810e-02 3.500e+00 0.000e+00 0.000e+00
0.000e+00 0.000e+00 0.000e+00 0.000e+00 0.000e+00
1.000e-03 8.649e-01 1.536e-02 1.441e+03 0.000e+00
1.020e-03 8.600e-01 1.587e-02 1.361e+03 0.000e+00
1.126e-03 8.352e-01 1.872e-02 1.025e+03 0.000e+00
1.243e-03 8.093e-01 2.202e-02 7.707e+02 0.000e+00
1.372e-03 7.810e-01 2.579e-02 5.790e+02 0.000e+00
1.500e-03 7.525e-01 2.959e-02 4.463e+02 0.000e+00
1.515e-03 7.491e-01 3.004e-02 4.334e+02 0.000e+00
1.672e-03 7.133e-01 3.468e-02 3.241e+02 0.000e+00
1.846e-03 6.740e-01 3.976e-02 2.415e+02 0.000e+00
2.000e-03 6.403e-01 4.415e-02 1.901e+02 0.000e+00
2.038e-03 6.322e-01 4.521e-02 1.797e+02 0.000e+00
2.250e-03 5.889e-01 5.101e-02 1.334e+02 0.000e+00
2.483e-03 5.452e-01 5.705e-02 9.904e+01 0.000e+00
2.741e-03 5.014e-01 6.328e-02 7.332e+01 0.000e+00
3.000e-03 4.622e-01 6.903e-02 5.563e+01 0.000e+00
3.026e-03 4.586e-01 6.958e-02 5.418e+01 0.000e+00
3.341e-03 4.171e-01 7.583e-02 3.995e+01 0.000e+00
3.688e-03 3.780e-01 8.191e-02 2.942e+01 0.000e+00
4.000e-03 3.478e-01 8.672e-02 2.286e+01 0.000e+00
4.071e-03 3.416e-01 8.774e-02 2.164e+01 0.000e+00
4.494e-03 3.081e-01 9.328e-02 1.588e+01 0.000e+00
4.961e-03 2.777e-01 9.851e-02 1.164e+01 0.000e+00
5.000e-03 2.754e-01 9.892e-02 1.136e+01 0.000e+00
5.477e-03 2.502e-01 1.035e-01 8.518e+00 0.000e+00
6.000e-03 2.273e-01 1.079e-01 6.379e+00 0.000e+00
6.046e-03 2.255e-01 1.082e-01 6.226e+00 0.000e+00
6.675e-03 2.033e-01 1.128e-01 4.542e+00 0.000e+00
7.368e-03 1.832e-01 1.172e-01 3.312e+00 0.000e+00
8.000e-03 1.679e-01 1.208e-01 2.542e+00 0.000e+00
8.134e-03 1.649e-01 1.215e-01 2.410e+00 0.000e+00
8.979e-03 1.481e-01 1.257e-01 1.752e+00 0.000e+00
9.912e-03 1.326e-01 1.298e-01 1.272e+00 0.000e+00
1.000e-02 1.313e-01 1.302e-01 1.236e+00 0.000e+00
1.094e-02 1.182e-01 1.338e-01 9.235e-01 0.000e+00
1.208e-02 1.047e-01 1.377e-01 6.687e-01 0.000e+00
1.334e-02 9.225e-02 1.414e-01 4.835e-01 0.000e+00
1.472e-02 8.081e-02 1.447e-01 3.502e-01 0.000e+00
1.500e-02 7.873e-02 1.453e-01 3.292e-01 0.000e+00
1.625e-02 7.028e-02 1.478e-01 2.530e-01 0.000e+00
1.794e-02 6.074e-02 1.505e-01 1.826e-01 0.000e+00
1.980e-02 5.223e-02 1.528e-01 1.318e-01 0.000e+00
2.000e-02 5.142e-02 1.530e-01 1.275e-01 0.000e+00
2.186e-02 4.467e-02 1.546e-01 9.501e-02 0.000e+00
2.413e-02 3.805e-02 1.560e-01 6.847e-02 0.000e+00
2.664e-02 3.229e-02 1.570e-01 4.928e-02 0.000e+00
2.941e-02 2.731e-02 1.575e-01 3.546e-02 0.000e+00
3.000e-02 2.640e-02 1.576e-01 3.319e-02 0.000e+00
3.247e-02 2.303e-02 1.577e-01 2.549e-02 0.000e+00
3.584e-02 1.938e-02 1.575e-01 1.833e-02 0.000e+00
3.957e-02 1.626e-02 1.569e-01 1.317e-02 0.000e+00
4.000e-02 1.595e-02 1.569e-01 1.270e-02 0.000e+00
4.368e-02 1.362e-02 1.560e-01 9.462e-03 0.000e+00
4.822e-02 1.138e-02 1.548e-01 6.795e-03 0.000e+00
5.000e-02 1.064e-02 1.543e-01 6.018e-03 0.000e+00
5.323e-02 9.484e-03 1.533e-01 4.879e-03 0.000e+00
5.876e-02 7.892e-03 1.516e-01 3.503e-03 0.000e+00
6.000e-02 7.590e-03 1.512e-01 3.266e-03 0.000e+00
6.486e-02 6.556e-03 1.496e-01 2.515e-03 0.000e+00
7.161e-02 5.434e-03 1.473e-01 1.805e-03 0.000e+00
7.905e-02 4.498e-03 1.449e-01 1.296e-03 0.000e+00
8.000e-02 4.396e-03 1.446e-01 1.245e-03 0.000e+00
8.726e-02 3.719e-03 1.423e-01 9.318e-04 0.000e+00
9.633e-02 3.071e-03 1.394e-01 6.702e-04 0.000e+00
1.000e-01 2.856e-03 1.383e-01 5.918e-04 0.000e+00
1.063e-01 2.535e-03 1.365e-01 4.830e-04 0.000e+00
1.174e-01 2.088e-03 1.334e-01 3.473e-04 0.000e+00
1.296e-01 1.720e-03 1.301e-01 2.503e-04 0.000e+00
1.431e-01 1.415e-03 1.268e-01 1.805e-04 0.000e+00
1.500e-01 1.290e-03 1.252e-01 1.546e-04 0.000e+00
1.579e-01 1.165e-03 1.234e-01 1.307e-04 0.000e+00
1.743e-01 9.581e-04 1.198e-01 9.463e-05 0.000e+00
1.925e-01 7.867e-04 1.163e-01 6.858e-05 0.000e+00
2.000e-01 7.292e-04 1.149e-01 6.064e-05 0.000e+00
2.125e-01 6.465e-04 1.126e-01 4.992e-05 0.000e+00
2.345e-01 5.316e-04 1.090e-01 3.648e-05 0.000e+00
2.589e-01 4.366e-04 1.054e-01 2.673e-05 0.000e+00
2.858e-01 3.586e-04 1.018e-01 1.967e-05 0.000e+00
3.000e-01 3.256e-04 1.000e-01 1.696e-05 0.000e+00
3.155e-01 2.945e-04 9.820e-02 1.455e-05 0.000e+00
3.483e-01 2.418e-04 9.464e-02 1.083e-05 0.000e+00
3.845e-01 1.985e-04 9.111e-02 8.099e-06 0.000e+00
4.000e-01 1.834e-04 8.971e-02 7.224e-06 0.000e+00
4.245e-01 1.629e-04 8.762e-02 6.094e-06 0.000e+00
4.686e-01 1.337e-04 8.418e-02 4.626e-06 0.000e+00
5.000e-01 1.175e-04 8.195e-02 3.883e-06 0.000e+00
5.173e-01 1.098e-04 8.079e-02 3.550e-06 0.000e+00
5.710e-01 9.011e-05 7.747e-02 2.748e-06 0.000e+00
6.000e-01 8.162e-05 7.582e-02 2.414e-06 0.000e+00
6.304e-01 7.395e-05 7.420e-02 2.117e-06 0.000e+00
6.959e-01 6.068e-05 7.100e-02 1.638e-06 0.000e+00
7.682e-01 4.980e-05 6.786e-02 1.311e-06 0.000e+00
8.000e-01 4.591e-05 6.659e-02 1.217e-06 0.000e+00
8.480e-01 4.086e-05 6.479e-02 1.112e-06 0.000e+00
9.361e-01 3.353e-05 6.182e-02 9.281e-07 0.000e+00
1.000e+00 2.939e-05 5.990e-02 7.567e-07 0.000e+00
1.022e+00 2.814e-05 5.928e-02 6.941e-07 0.000e+00
1.033e+00 2.754e-05 5.897e-02 6.675e-07 2.271e-09
1.141e+00 2.258e-05 5.613e-02 5.299e-07 2.166e-06
1.250e+00 1.881e-05 5.356e-02 4.715e-07 1.176e-05
1.259e+00 1.854e-05 5.336e-02 4.668e-07 1.295e-05
1.390e+00 1.521e-05 5.068e-02 3.951e-07 3.681e-05
1.500e+00 1.306e-05 4.868e-02 3.426e-07 6.550e-05
1.535e+00 1.248e-05 4.808e-02 3.286e-07 7.607e-05
1.694e+00 1.025e-05 4.559e-02 2.787e-07 1.313e-04
1.870e+00 8.415e-06 4.315e-02 2.394e-07 2.033e-04
2.000e+00 7.351e-06 4.154e-02 2.164e-07 2.614e-04
2.044e+00 7.035e-06 4.103e-02 2.094e-07 2.818e-04
2.065e+00 6.892e-06 4.079e-02 2.062e-07 2.917e-04
2.279e+00 5.653e-06 3.852e-02 1.783e-07 3.946e-04
2.516e+00 4.639e-06 3.634e-02 1.548e-07 5.130e-04
2.778e+00 3.808e-06 3.425e-02 1.349e-07 6.465e-04
3.000e+00 3.267e-06 3.268e-02 1.216e-07 7.604e-04
3.066e+00 3.128e-06 3.225e-02 1.181e-07 7.943e-04
3.385e+00 2.566e-06 3.032e-02 1.037e-07 9.575e-04
3.737e+00 2.105e-06 2.848e-02 9.126e-08 1.134e-03
4.000e+00 1.837e-06 2.726e-02 8.374e-08 1.264e-03
4.125e+00 1.728e-06 2.672e-02 8.057e-08 1.323e-03
4.554e+00 1.417e-06 2.505e-02 7.131e-08 1.525e-03
5.000e+00 1.176e-06 2.354e-02 6.367e-08 1.726e-03
5.027e+00 1.163e-06 2.346e-02 6.326e-08 1.738e-03
5.549e+00 9.550e-07 2.195e-02 5.622e-08 1.964e-03
6.000e+00 8.169e-07 2.081e-02 5.127e-08 2.151e-03
6.126e+00 7.836e-07 2.052e-02 5.004e-08 2.201e-03
6.762e+00 6.430e-07 1.916e-02 4.463e-08 2.447e-03
7.000e+00 6.000e-07 1.870e-02 4.289e-08 2.535e-03
7.465e+00 5.276e-07 1.787e-02 3.985e-08 2.701e-03
8.000e+00 4.594e-07 1.702e-02 3.684e-08 2.884e-03
8.241e+00 4.329e-07 1.666e-02 3.563e-08 2.964e-03
9.000e+00 3.630e-07 1.565e-02 3.228e-08 3.204e-03
9.097e+00 3.553e-07 1.553e-02 3.190e-08 3.234e-03
1.000e+01 2.940e-07 1.450e-02 2.873e-08 3.497e-03
1.004e+01 2.917e-07 1.445e-02 2.860e-08 3.509e-03
1.100e+01 2.430e-07 1.352e-02 2.586e-08 3.765e-03
1.109e+01 2.391e-07 1.344e-02 2.563e-08 3.789e-03
1.200e+01 2.042e-07 1.268e-02 2.352e-08 4.013e-03
1.224e+01 1.962e-07 1.249e-02 2.302e-08 4.070e-03
1.300e+01 1.740e-07 1.195e-02 2.157e-08 4.245e-03
1.351e+01 1.611e-07 1.161e-02 2.069e-08 4.357e-03
1.400e+01 1.500e-07 1.130e-02 1.991e-08 4.461e-03
1.491e+01 1.322e-07 1.078e-02 1.861e-08 4.645e-03
1.500e+01 1.307e-07 1.073e-02 1.849e-08 4.663e-03
1.600e+01 1.149e-07 1.022e-02 1.726e-08 4.855e-03
1.646e+01 1.085e-07 1.000e-02 1.675e-08 4.939e-03
1.800e+01 9.072e-08 9.339e-03 1.523e-08 5.206e-03
1.818e+01 8.894e-08 9.268e-03 1.507e-08 5.236e-03
2.000e+01 7.351e-08 8.609e-03 1.363e-08 5.523e-03
