# BROMINE from NIST Database
7.072e-03 0.000e+00 0.000e+00 0.000e+00 0.000e+00
3.500e+01 1.000e+00 3.500e+00 0.000e+00 0.000e+00
0.000e+00 0.000e+00 0.000e+00 0.000e+00 0.000e+00
1.000e-03 5.833e+00 5.173e-03 2.618e+03 0.000e+00
1.020e-03 5.820e+00 5.351e-03 2.498e+03 0.000e+00
1.126e-03 5.754e+00 6.332e-03 1.973e+03 0.000e+00
1.243e-03 5.682e+00 7.473e-03 1.559e+03 0.000e+00
1.372e-03 5.600e+00 8.775e-03 1.232e+03 0.000e+00
1.500e-03 5.512e+00 1.008e-02 9.964e+02 0.000e+00
1.515e-03 5.501e+00 1.024e-02 9.726e+02 0.000e+00
1.550e-03 5.475e+00 1.060e-02 9.202e+02 0.000e+00
1.550e-03 5.475e+00 1.060e-02 4.306e+03 0.000e+00
1.573e-03 5.459e+00 1.084e-02 3.931e+03 0.000e+00
1.596e-03 5.442e+00 1.108e-02 3.587e+03 0.000e+00
1.596e-03 5.442e+00 1.108e-02 5.097e+03 0.000e+00
1.672e-03 5.387e+00 1.187e-02 4.584e+03 0.000e+00
1.782e-03 5.310e+00 1.302e-02 3.964e+03 0.000e+00
1.782e-03 5.310e+00 1.302e-02 4.489e+03 0.000e+00
1.846e-03 5.263e+00 1.368e-02 4.124e+03 0.000e+00
2.000e-03 5.148e+00 1.528e-02 3.402e+03 0.000e+00
2.038e-03 5.119e+00 1.568e-02 3.245e+03 0.000e+00
2.250e-03 4.962e+00 1.785e-02 2.529e+03 0.000e+00
2.483e-03 4.793e+00 2.019e-02 1.974e+03 0.000e+00
2.741e-03 4.613e+00 2.271e-02 1.539e+03 0.000e+00
3.000e-03 4.439e+00 2.517e-02 1.226e+03 0.000e+00
3.026e-03 4.422e+00 2.542e-02 1.199e+03 0.000e+00
3.341e-03 4.222e+00 2.829e-02 9.252e+02 0.000e+00
3.688e-03 4.016e+00 3.132e-02 7.144e+02 0.000e+00
4.000e-03 3.844e+00 3.392e-02 5.776e+02 0.000e+00
4.071e-03 3.806e+00 3.450e-02 5.510e+02 0.000e+00
4.494e-03 3.593e+00 3.780e-02 4.230e+02 0.000e+00
4.961e-03 3.378e+00 4.121e-02 3.246e+02 0.000e+00
5.000e-03 3.361e+00 4.149e-02 3.179e+02 0.000e+00
5.477e-03 3.161e+00 4.475e-02 2.483e+02 0.000e+00
6.000e-03 2.960e+00 4.811e-02 1.938e+02 0.000e+00
6.046e-03 2.943e+00 4.840e-02 1.898e+02 0.000e+00
6.675e-03 2.723e+00 5.219e-02 1.446e+02 0.000e+00
7.368e-03 2.504e+00 5.611e-02 1.102e+02 0.000e+00
8.000e-03 2.323e+00 5.948e-02 8.788e+01 0.000e+00
8.134e-03 2.286e+00 6.017e-02 8.390e+01 0.000e+00
8.979e-03 2.073e+00 6.436e-02 6.371e+01 0.000e+00
9.912e-03 1.864e+00 6.867e-02 4.838e+01 0.000e+00
1.000e-02 1.846e+00 6.906e-02 4.720e+01 0.000e+00
1.094e-02 1.664e+00 7.309e-02 3.666e+01 0.000e+00
1.208e-02 1.475e+00 7.759e-02 2.773e+01 0.000e+00
1.334e-02 1.303e+00 8.208e-02 2.098e+01 0.000e+00
1.347e-02 1.287e+00 8.253e-02 2.039e+01 0.000e+00
1.347e-02 1.287e+00 8.253e-02 1.457e+02 0.000e+00
1.472e-02 1.150e+00 8.645e-02 1.161e+02 0.000e+00
1.500e-02 1.122e+00 8.728e-02 1.106e+02 0.000e+00
1.625e-02 1.011e+00 9.076e-02 8.987e+01 0.000e+00
1.794e-02 8.861e-01 9.498e-02 6.924e+01 0.000e+00
1.980e-02 7.755e-01 9.901e-02 5.321e+01 0.000e+00
2.000e-02 7.650e-01 9.941e-02 5.179e+01 0.000e+00
2.186e-02 6.776e-01 1.028e-01 4.073e+01 0.000e+00
2.413e-02 5.912e-01 1.063e-01 3.110e+01 0.000e+00
2.664e-02 5.142e-01 1.096e-01 2.367e+01 0.000e+00
2.941e-02 4.455e-01 1.125e-01 1.796e+01 0.000e+00
3.000e-02 4.326e-01 1.131e-01 1.699e+01 0.000e+00
3.247e-02 3.841e-01 1.151e-01 1.359e+01 0.000e+00
3.584e-02 3.296e-01 1.175e-01 1.027e+01 0.000e+00
3.957e-02 2.815e-01 1.194e-01 7.740e+00 0.000e+00
4.000e-02 2.766e-01 1.196e-01 7.504e+00 0.000e+00
4.368e-02 2.395e-01 1.210e-01 5.832e+00 0.000e+00
4.822e-02 2.032e-01 1.221e-01 4.387e+00 0.000e+00
5.000e-02 1.912e-01 1.225e-01 3.950e+00 0.000e+00
5.323e-02 1.721e-01 1.229e-01 3.292e+00 0.000e+00
5.876e-02 1.456e-01 1.233e-01 2.465e+00 0.000e+00
6.000e-02 1.405e-01 1.233e-01 2.318e+00 0.000e+00
6.486e-02 1.230e-01 1.233e-01 1.843e+00 0.000e+00
7.161e-02 1.038e-01 1.229e-01 1.376e+00 0.000e+00
7.905e-02 8.749e-02 1.223e-01 1.026e+00 0.000e+00
8.000e-02 8.569e-02 1.222e-01 9.903e-01 0.000e+00
8.726e-02 7.367e-02 1.213e-01 7.645e-01 0.000e+00
9.633e-02 6.193e-02 1.200e-01 5.689e-01 0.000e+00
1.000e-01 5.797e-02 1.195e-01 5.087e-01 0.000e+00
1.063e-01 5.200e-02 1.185e-01 4.236e-01 0.000e+00
1.174e-01 4.351e-02 1.167e-01 3.144e-01 0.000e+00
1.296e-01 3.636e-02 1.147e-01 2.337e-01 0.000e+00
1.431e-01 3.031e-02 1.125e-01 1.736e-01 0.000e+00
1.500e-01 2.779e-02 1.114e-01 1.507e-01 0.000e+00
1.579e-01 2.526e-02 1.101e-01 1.292e-01 0.000e+00
1.743e-01 2.100e-02 1.076e-01 9.617e-02 0.000e+00
1.925e-01 1.742e-02 1.049e-01 7.153e-02 0.000e+00
2.000e-01 1.620e-02 1.038e-01 6.385e-02 0.000e+00
2.125e-01 1.444e-02 1.020e-01 5.336e-02 0.000e+00
2.345e-01 1.197e-02 9.912e-02 3.992e-02 0.000e+00
2.589e-01 9.903e-03 9.612e-02 2.990e-02 0.000e+00
2.858e-01 8.187e-03 9.307e-02 2.247e-02 0.000e+00
3.000e-01 7.456e-03 9.157e-02 1.956e-02 0.000e+00
3.155e-01 6.764e-03 9.001e-02 1.695e-02 0.000e+00
3.483e-01 5.584e-03 8.693e-02 1.283e-02 0.000e+00
3.845e-01 4.607e-03 8.384e-02 9.763e-03 0.000e+00
4.000e-01 4.265e-03 8.260e-02 8.765e-03 0.000e+00
4.245e-01 3.797e-03 8.074e-02 7.465e-03 0.000e+00
4.686e-01 3.129e-03 7.767e-02 5.744e-03 0.000e+00
5.000e-01 2.755e-03 7.567e-02 4.854e-03 0.000e+00
5.173e-01 2.576e-03 7.463e-02 4.450e-03 0.000e+00
5.710e-01 2.121e-03 7.164e-02 3.473e-03 0.000e+00
6.000e-01 1.923e-03 7.016e-02 3.073e-03 0.000e+00
6.304e-01 1.744e-03 6.869e-02 2.724e-03 0.000e+00
6.959e-01 1.435e-03 6.578e-02 2.151e-03 0.000e+00
7.682e-01 1.179e-03 6.292e-02 1.718e-03 0.000e+00
8.000e-01 1.088e-03 6.177e-02 1.574e-03 0.000e+00
8.480e-01 9.695e-04 6.013e-02 1.393e-03 0.000e+00
9.361e-01 7.968e-04 5.740e-02 1.134e-03 0.000e+00
1.000e+00 6.987e-04 5.561e-02 9.798e-04 0.000e+00
1.022e+00 6.691e-04 5.502e-02 9.315e-04 0.000e+00
1.033e+00 6.550e-04 5.473e-02 9.092e-04 2.370e-08
1.141e+00 5.374e-04 5.210e-02 7.427e-04 2.031e-05
1.250e+00 4.481e-04 4.976e-02 6.292e-04 1.009e-04
1.259e+00 4.417e-04 4.958e-02 6.211e-04 1.104e-04
1.390e+00 3.626e-04 4.710e-02 5.190e-04 2.905e-04
1.500e+00 3.115e-04 4.524e-02 4.524e-04 4.942e-04
1.535e+00 2.975e-04 4.469e-02 4.342e-04 5.676e-04
1.694e+00 2.443e-04 4.237e-02 3.658e-04 9.445e-04
1.870e+00 2.006e-04 4.012e-02 3.097e-04 1.426e-03
2.000e+00 1.754e-04 3.863e-02 2.774e-04 1.807e-03
2.044e+00 1.679e-04 3.816e-02 2.679e-04 1.939e-03
2.065e+00 1.645e-04 3.794e-02 2.635e-04 2.002e-03
2.279e+00 1.351e-04 3.584e-02 2.254e-04 2.659e-03
2.516e+00 1.109e-04 3.381e-02 1.936e-04 3.399e-03
2.778e+00 9.096e-05 3.186e-02 1.669e-04 4.214e-03
3.000e+00 7.800e-05 3.040e-02 1.492e-04 4.894e-03
3.066e+00 7.468e-05 3.000e-02 1.445e-04 5.093e-03
3.385e+00 6.128e-05 2.821e-02 1.256e-04 6.035e-03
3.737e+00 5.029e-05 2.650e-02 1.095e-04 7.035e-03
4.000e+00 4.389e-05 2.537e-02 9.986e-05 7.753e-03
4.125e+00 4.128e-05 2.487e-02 9.581e-05 8.086e-03
4.554e+00 3.387e-05 2.331e-02 8.400e-05 9.191e-03
5.000e+00 2.810e-05 2.191e-02 7.437e-05 1.028e-02
5.027e+00 2.780e-05 2.183e-02 7.386e-05 1.034e-02
5.549e+00 2.281e-05 2.042e-02 6.511e-05 1.153e-02
6.000e+00 1.951e-05 1.936e-02 5.903e-05 1.250e-02
6.126e+00 1.872e-05 1.909e-02 5.752e-05 1.276e-02
6.762e+00 1.536e-05 1.783e-02 5.093e-05 1.404e-02
7.000e+00 1.433e-05 1.741e-02 4.882e-05 1.449e-02
7.465e+00 1.260e-05 1.664e-02 4.517e-05 1.535e-02
8.000e+00 1.097e-05 1.584e-02 4.157e-05 1.628e-02
8.241e+00 1.034e-05 1.551e-02 4.013e-05 1.669e-02
9.000e+00 8.675e-06 1.456e-02 3.617e-05 1.791e-02
9.097e+00 8.491e-06 1.445e-02 3.572e-05 1.806e-02
1.000e+01 7.025e-06 1.349e-02 3.199e-05 1.940e-02
1.004e+01 6.969e-06 1.345e-02 3.185e-05 1.946e-02
1.100e+01 5.806e-06 1.259e-02 2.867e-05 2.076e-02
1.109e+01 5.712e-06 1.251e-02 2.840e-05 2.087e-02
1.200e+01 4.879e-06 1.180e-02 2.596e-05 2.200e-02
1.224e+01 4.689e-06 1.163e-02 2.539e-05 2.229e-02
1.300e+01 4.157e-06 1.112e-02 2.372e-05 2.315e-02
1.351e+01 3.849e-06 1.080e-02 2.272e-05 2.370e-02
1.400e+01 3.584e-06 1.052e-02 2.183e-05 2.421e-02
1.491e+01 3.160e-06 1.003e-02 2.036e-05 2.512e-02
1.500e+01 3.122e-06 9.986e-03 2.022e-05 2.520e-02
1.600e+01 2.744e-06 9.511e-03 1.883e-05 2.613e-02
1.646e+01 2.593e-06 9.308e-03 1.825e-05 2.653e-02
1.800e+01 2.168e-06 8.690e-03 1.654e-05 2.782e-02
1.818e+01 2.126e-06 8.624e-03 1.636e-05 2.797e-02
2.000e+01 1.756e-06 8.019e-03 1.476e-05 2.934e-02
