# BRAIN (ICRP) from NIST Database
1.030e+00 0.000e+00 0.000e+00 0.000e+00 0.000e+00
1.000e+00 1.098e-01 3.500e+00 0.000e+00 0.000e+00
6.000e+00 1.044e-02 3.500e+00 0.000e+00 0.000e+00
7.000e+00 9.482e-04 3.500e+00 0.000e+00 0.000e+00
8.000e+00 4.611e-02 3.500e+00 0.000e+00 0.000e+00
1.100e+01 8.003e-05 3.500e+00 0.000e+00 0.000e+00
1.200e+01 6.170e-06 3.500e+00 0.000e+00 0.000e+00
1.500e+01 1.143e-04 3.500e+00 0.000e+00 0.000e+00
1.600e+01 5.519e-05 3.500e+00 0.000e+00 0.000e+00
1.700e+01 6.657e-05 3.500e+00 0.000e+00 0.000e+00
1.900e+01 7.929e-05 3.500e+00 0.000e+00 0.000e+00
0.000e+00 0.000e+00 0.000e+00 0.000e+00 0.000e+00
1.000e-03 1.335e+00 1.372e-02 3.739e+03 0.000e+00
1.020e-03 1.330e+00 1.421e-02 3.547e+03 0.000e+00
1.072e-03 1.319e+00 1.552e-02 3.106e+03 0.000e+00
1.072e-03 1.319e+00 1.552e-02 3.116e+03 0.000e+00
1.126e-03 1.308e+00 1.693e-02 2.734e+03 0.000e+00
1.243e-03 1.284e+00 2.012e-02 2.099e+03 0.000e+00
1.305e-03 1.271e+00 2.188e-02 1.841e+03 0.000e+00
1.305e-03 1.271e+00 2.188e-02 1.842e+03 0.000e+00
1.372e-03 1.257e+00 2.383e-02 1.608e+03 0.000e+00
1.500e-03 1.229e+00 2.765e-02 1.261e+03 0.000e+00
1.515e-03 1.225e+00 2.810e-02 1.227e+03 0.000e+00
1.672e-03 1.188e+00 3.290e-02 9.337e+02 0.000e+00
1.846e-03 1.146e+00 3.828e-02 7.074e+02 0.000e+00
2.000e-03 1.108e+00 4.305e-02 5.640e+02 0.000e+00
2.038e-03 1.098e+00 4.422e-02 5.346e+02 0.000e+00
2.145e-03 1.071e+00 4.753e-02 4.618e+02 0.000e+00
2.145e-03 1.071e+00 4.753e-02 4.697e+02 0.000e+00
2.250e-03 1.046e+00 5.072e-02 4.102e+02 0.000e+00
2.472e-03 9.914e-01 5.737e-02 3.133e+02 0.000e+00
2.472e-03 9.914e-01 5.737e-02 3.166e+02 0.000e+00
2.483e-03 9.888e-01 5.769e-02 3.126e+02 0.000e+00
2.741e-03 9.280e-01 6.512e-02 2.351e+02 0.000e+00
2.822e-03 9.094e-01 6.739e-02 2.160e+02 0.000e+00
2.822e-03 9.094e-01 6.739e-02 2.195e+02 0.000e+00
3.000e-03 8.698e-01 7.221e-02 1.841e+02 0.000e+00
3.026e-03 8.641e-01 7.290e-02 1.795e+02 0.000e+00
3.341e-03 7.979e-01 8.091e-02 1.345e+02 0.000e+00
3.607e-03 7.460e-01 8.720e-02 1.073e+02 0.000e+00
3.607e-03 7.460e-01 8.720e-02 1.106e+02 0.000e+00
3.688e-03 7.311e-01 8.902e-02 1.036e+02 0.000e+00
4.000e-03 6.764e-01 9.568e-02 8.153e+01 0.000e+00
4.071e-03 6.647e-01 9.712e-02 7.739e+01 0.000e+00
4.494e-03 5.999e-01 1.051e-01 5.771e+01 0.000e+00
4.961e-03 5.381e-01 1.128e-01 4.296e+01 0.000e+00
5.000e-03 5.333e-01 1.134e-01 4.196e+01 0.000e+00
5.477e-03 4.800e-01 1.202e-01 3.191e+01 0.000e+00
6.000e-03 4.303e-01 1.267e-01 2.422e+01 0.000e+00
6.046e-03 4.263e-01 1.272e-01 2.367e+01 0.000e+00
6.675e-03 3.772e-01 1.337e-01 1.752e+01 0.000e+00
7.368e-03 3.328e-01 1.397e-01 1.296e+01 0.000e+00
8.000e-03 2.994e-01 1.443e-01 1.006e+01 0.000e+00
8.134e-03 2.930e-01 1.452e-01 9.564e+00 0.000e+00
8.979e-03 2.577e-01 1.502e-01 7.050e+00 0.000e+00
9.912e-03 2.264e-01 1.548e-01 5.189e+00 0.000e+00
1.000e-02 2.238e-01 1.552e-01 5.049e+00 0.000e+00
1.094e-02 1.989e-01 1.590e-01 3.816e+00 0.000e+00
1.208e-02 1.744e-01 1.628e-01 2.798e+00 0.000e+00
1.334e-02 1.526e-01 1.663e-01 2.048e+00 0.000e+00
1.472e-02 1.335e-01 1.695e-01 1.501e+00 0.000e+00
1.500e-02 1.301e-01 1.701e-01 1.414e+00 0.000e+00
1.625e-02 1.164e-01 1.724e-01 1.097e+00 0.000e+00
1.794e-02 1.012e-01 1.751e-01 8.011e-01 0.000e+00
1.980e-02 8.767e-02 1.774e-01 5.847e-01 0.000e+00
2.000e-02 8.638e-02 1.776e-01 5.662e-01 0.000e+00
2.186e-02 7.559e-02 1.793e-01 4.258e-01 0.000e+00
2.413e-02 6.490e-02 1.809e-01 3.100e-01 0.000e+00
2.664e-02 5.547e-02 1.821e-01 2.253e-01 0.000e+00
2.941e-02 4.722e-02 1.829e-01 1.636e-01 0.000e+00
3.000e-02 4.570e-02 1.830e-01 1.534e-01 0.000e+00
3.247e-02 4.005e-02 1.832e-01 1.187e-01 0.000e+00
3.584e-02 3.386e-02 1.832e-01 8.611e-02 0.000e+00
3.957e-02 2.853e-02 1.828e-01 6.238e-02 0.000e+00
4.000e-02 2.800e-02 1.827e-01 6.022e-02 0.000e+00
4.368e-02 2.399e-02 1.820e-01 4.519e-02 0.000e+00
4.822e-02 2.013e-02 1.807e-01 3.271e-02 0.000e+00
5.000e-02 1.887e-02 1.802e-01 2.905e-02 0.000e+00
5.323e-02 1.686e-02 1.792e-01 2.367e-02 0.000e+00
5.876e-02 1.409e-02 1.773e-01 1.712e-02 0.000e+00
6.000e-02 1.357e-02 1.769e-01 1.598e-02 0.000e+00
6.486e-02 1.176e-02 1.751e-01 1.238e-02 0.000e+00
7.161e-02 9.790e-03 1.726e-01 8.945e-03 0.000e+00
7.905e-02 8.139e-03 1.699e-01 6.467e-03 0.000e+00
8.000e-02 7.958e-03 1.695e-01 6.218e-03 0.000e+00
8.726e-02 6.756e-03 1.669e-01 4.676e-03 0.000e+00
9.633e-02 5.599e-03 1.637e-01 3.381e-03 0.000e+00
1.000e-01 5.214e-03 1.624e-01 2.991e-03 0.000e+00
1.063e-01 4.638e-03 1.603e-01 2.449e-03 0.000e+00
1.174e-01 3.831e-03 1.567e-01 1.770e-03 0.000e+00
1.296e-01 3.164e-03 1.529e-01 1.282e-03 0.000e+00
1.431e-01 2.610e-03 1.490e-01 9.288e-04 0.000e+00
1.500e-01 2.380e-03 1.471e-01 7.973e-04 0.000e+00
1.579e-01 2.153e-03 1.451e-01 6.753e-04 0.000e+00
1.743e-01 1.774e-03 1.410e-01 4.912e-04 0.000e+00
1.925e-01 1.459e-03 1.368e-01 3.574e-04 0.000e+00
2.000e-01 1.353e-03 1.351e-01 3.165e-04 0.000e+00
2.125e-01 1.200e-03 1.326e-01 2.612e-04 0.000e+00
2.345e-01 9.880e-04 1.283e-01 1.917e-04 0.000e+00
2.589e-01 8.121e-04 1.241e-01 1.410e-04 0.000e+00
2.858e-01 6.675e-04 1.198e-01 1.041e-04 0.000e+00
3.000e-01 6.062e-04 1.178e-01 8.991e-05 0.000e+00
3.155e-01 5.484e-04 1.156e-01 7.728e-05 0.000e+00
3.483e-01 4.505e-04 1.114e-01 5.764e-05 0.000e+00
3.845e-01 3.700e-04 1.072e-01 4.324e-05 0.000e+00
4.000e-01 3.420e-04 1.056e-01 3.861e-05 0.000e+00
4.245e-01 3.038e-04 1.031e-01 3.263e-05 0.000e+00
4.686e-01 2.494e-04 9.910e-02 2.482e-05 0.000e+00
5.000e-01 2.192e-04 9.648e-02 2.085e-05 0.000e+00
5.173e-01 2.048e-04 9.512e-02 1.906e-05 0.000e+00
5.710e-01 1.681e-04 9.120e-02 1.477e-05 0.000e+00
6.000e-01 1.523e-04 8.926e-02 1.300e-05 0.000e+00
6.304e-01 1.380e-04 8.735e-02 1.144e-05 0.000e+00
6.959e-01 1.133e-04 8.359e-02 8.928e-06 0.000e+00
7.682e-01 9.299e-05 7.992e-02 7.127e-06 0.000e+00
8.000e-01 8.575e-05 7.844e-02 6.567e-06 0.000e+00
8.480e-01 7.631e-05 7.634e-02 5.902e-06 0.000e+00
9.361e-01 6.262e-05 7.283e-02 4.863e-06 0.000e+00
1.000e+00 5.489e-05 7.055e-02 4.083e-06 0.000e+00
1.022e+00 5.257e-05 6.980e-02 3.814e-06 0.000e+00
1.033e+00 5.146e-05 6.944e-02 3.695e-06 3.399e-09
1.141e+00 4.219e-05 6.609e-02 2.979e-06 3.219e-06
1.250e+00 3.515e-05 6.308e-02 2.588e-06 1.738e-05
1.259e+00 3.465e-05 6.285e-02 2.559e-06 1.912e-05
1.390e+00 2.842e-05 5.969e-02 2.155e-06 5.410e-05
1.500e+00 2.440e-05 5.733e-02 1.877e-06 9.605e-05
1.535e+00 2.331e-05 5.663e-02 1.802e-06 1.115e-04
1.694e+00 1.914e-05 5.371e-02 1.527e-06 1.922e-04
1.870e+00 1.571e-05 5.085e-02 1.306e-06 2.973e-04
2.000e+00 1.373e-05 4.893e-02 1.178e-06 3.822e-04
2.044e+00 1.314e-05 4.832e-02 1.139e-06 4.119e-04
2.065e+00 1.288e-05 4.803e-02 1.121e-06 4.261e-04
2.279e+00 1.057e-05 4.534e-02 9.674e-07 5.759e-04
2.516e+00 8.672e-06 4.278e-02 8.381e-07 7.478e-04
2.778e+00 7.116e-06 4.033e-02 7.290e-07 9.412e-04
3.000e+00 6.103e-06 3.849e-02 6.559e-07 1.105e-03
3.066e+00 5.843e-06 3.798e-02 6.369e-07 1.155e-03
3.385e+00 4.794e-06 3.571e-02 5.579e-07 1.389e-03
3.737e+00 3.934e-06 3.354e-02 4.903e-07 1.642e-03
4.000e+00 3.433e-06 3.211e-02 4.493e-07 1.826e-03
4.125e+00 3.228e-06 3.147e-02 4.321e-07 1.912e-03
4.554e+00 2.648e-06 2.950e-02 3.817e-07 2.199e-03
5.000e+00 2.197e-06 2.773e-02 3.402e-07 2.487e-03
5.027e+00 2.173e-06 2.763e-02 3.380e-07 2.503e-03
5.549e+00 1.784e-06 2.585e-02 2.999e-07 2.824e-03
6.000e+00 1.526e-06 2.451e-02 2.733e-07 3.088e-03
6.126e+00 1.463e-06 2.416e-02 2.666e-07 3.160e-03
6.762e+00 1.201e-06 2.257e-02 2.375e-07 3.507e-03
7.000e+00 1.121e-06 2.203e-02 2.281e-07 3.631e-03
7.465e+00 9.856e-07 2.106e-02 2.118e-07 3.866e-03
8.000e+00 8.582e-07 2.005e-02 1.956e-07 4.123e-03
8.241e+00 8.088e-07 1.963e-02 1.891e-07 4.236e-03
9.000e+00 6.782e-07 1.843e-02 1.712e-07 4.575e-03
9.097e+00 6.638e-07 1.829e-02 1.692e-07 4.617e-03
1.000e+01 5.493e-07 1.708e-02 1.522e-07 4.985e-03
1.004e+01 5.449e-07 1.703e-02 1.515e-07 5.001e-03
1.100e+01 4.539e-07 1.593e-02 1.369e-07 5.362e-03
1.109e+01 4.465e-07 1.583e-02 1.357e-07 5.394e-03
1.200e+01 3.814e-07 1.494e-02 1.244e-07 5.709e-03
1.224e+01 3.666e-07 1.472e-02 1.218e-07 5.788e-03
1.300e+01 3.250e-07 1.407e-02 1.140e-07 6.033e-03
1.351e+01 3.009e-07 1.367e-02 1.093e-07 6.189e-03
1.400e+01 2.802e-07 1.331e-02 1.052e-07 6.335e-03
1.491e+01 2.471e-07 1.269e-02 9.829e-08 6.592e-03
1.500e+01 2.441e-07 1.264e-02 9.766e-08 6.618e-03
1.600e+01 2.145e-07 1.204e-02 9.112e-08 6.885e-03
1.646e+01 2.027e-07 1.178e-02 8.839e-08 7.003e-03
1.800e+01 1.695e-07 1.100e-02 8.035e-08 7.374e-03
1.818e+01 1.662e-07 1.091e-02 7.951e-08 7.416e-03
2.000e+01 1.373e-07 1.014e-02 7.185e-08 7.814e-03
