# BUTANE from NIST Database
2.493e-03 0.000e+00 0.000e+00 0.000e+00 0.000e+00
1.000e+00 1.720e-01 3.500e+00 0.000e+00 0.000e+00
6.000e+00 6.883e-02 3.500e+00 0.000e+00 0.000e+00
0.000e+00 0.000e+00 0.000e+00 0.000e+00 0.000e+00
1.000e-03 9.520e-01 1.917e-02 1.828e+03 0.000e+00
1.020e-03 9.474e-01 1.983e-02 1.729e+03 0.000e+00
1.126e-03 9.240e-01 2.352e-02 1.308e+03 0.000e+00
1.243e-03 8.993e-01 2.782e-02 9.894e+02 0.000e+00
1.372e-03 8.720e-01 3.278e-02 7.471e+02 0.000e+00
1.500e-03 8.441e-01 3.782e-02 5.784e+02 0.000e+00
1.515e-03 8.407e-01 3.842e-02 5.621e+02 0.000e+00
1.672e-03 8.051e-01 4.467e-02 4.222e+02 0.000e+00
1.846e-03 7.653e-01 5.157e-02 3.160e+02 0.000e+00
2.000e-03 7.305e-01 5.759e-02 2.495e+02 0.000e+00
2.038e-03 7.220e-01 5.906e-02 2.360e+02 0.000e+00
2.250e-03 6.760e-01 6.710e-02 1.759e+02 0.000e+00
2.483e-03 6.284e-01 7.555e-02 1.311e+02 0.000e+00
2.741e-03 5.797e-01 8.436e-02 9.738e+01 0.000e+00
3.000e-03 5.351e-01 9.256e-02 7.413e+01 0.000e+00
3.026e-03 5.308e-01 9.335e-02 7.222e+01 0.000e+00
3.341e-03 4.826e-01 1.024e-01 5.345e+01 0.000e+00
3.688e-03 4.362e-01 1.112e-01 3.952e+01 0.000e+00
4.000e-03 3.999e-01 1.183e-01 3.079e+01 0.000e+00
4.071e-03 3.923e-01 1.198e-01 2.917e+01 0.000e+00
4.494e-03 3.514e-01 1.278e-01 2.149e+01 0.000e+00
4.961e-03 3.139e-01 1.354e-01 1.581e+01 0.000e+00
5.000e-03 3.110e-01 1.360e-01 1.543e+01 0.000e+00
5.477e-03 2.798e-01 1.424e-01 1.161e+01 0.000e+00
6.000e-03 2.515e-01 1.483e-01 8.718e+00 0.000e+00
6.046e-03 2.493e-01 1.487e-01 8.512e+00 0.000e+00
6.675e-03 2.220e-01 1.546e-01 6.230e+00 0.000e+00
7.368e-03 1.978e-01 1.599e-01 4.556e+00 0.000e+00
8.000e-03 1.796e-01 1.640e-01 3.507e+00 0.000e+00
8.134e-03 1.762e-01 1.648e-01 3.326e+00 0.000e+00
8.979e-03 1.569e-01 1.693e-01 2.425e+00 0.000e+00
9.912e-03 1.397e-01 1.735e-01 1.766e+00 0.000e+00
1.000e-02 1.382e-01 1.739e-01 1.716e+00 0.000e+00
1.094e-02 1.241e-01 1.774e-01 1.285e+00 0.000e+00
1.208e-02 1.098e-01 1.811e-01 9.330e-01 0.000e+00
1.334e-02 9.685e-02 1.844e-01 6.764e-01 0.000e+00
1.472e-02 8.505e-02 1.874e-01 4.911e-01 0.000e+00
1.500e-02 8.291e-02 1.880e-01 4.618e-01 0.000e+00
1.625e-02 7.422e-02 1.902e-01 3.556e-01 0.000e+00
1.794e-02 6.438e-02 1.926e-01 2.572e-01 0.000e+00
1.980e-02 5.555e-02 1.946e-01 1.860e-01 0.000e+00
2.000e-02 5.471e-02 1.947e-01 1.800e-01 0.000e+00
2.186e-02 4.765e-02 1.961e-01 1.343e-01 0.000e+00
2.413e-02 4.069e-02 1.972e-01 9.695e-02 0.000e+00
2.664e-02 3.459e-02 1.979e-01 6.991e-02 0.000e+00
2.941e-02 2.931e-02 1.981e-01 5.038e-02 0.000e+00
3.000e-02 2.834e-02 1.981e-01 4.717e-02 0.000e+00
3.247e-02 2.476e-02 1.980e-01 3.628e-02 0.000e+00
3.584e-02 2.086e-02 1.974e-01 2.613e-02 0.000e+00
3.957e-02 1.753e-02 1.964e-01 1.880e-02 0.000e+00
4.000e-02 1.720e-02 1.963e-01 1.813e-02 0.000e+00
4.368e-02 1.471e-02 1.951e-01 1.352e-02 0.000e+00
4.822e-02 1.231e-02 1.934e-01 9.726e-03 0.000e+00
5.000e-02 1.152e-02 1.927e-01 8.618e-03 0.000e+00
5.323e-02 1.028e-02 1.914e-01 6.993e-03 0.000e+00
5.876e-02 8.564e-03 1.891e-01 5.027e-03 0.000e+00
6.000e-02 8.239e-03 1.885e-01 4.688e-03 0.000e+00
6.486e-02 7.126e-03 1.865e-01 3.614e-03 0.000e+00
7.161e-02 5.917e-03 1.836e-01 2.597e-03 0.000e+00
7.905e-02 4.906e-03 1.805e-01 1.867e-03 0.000e+00
8.000e-02 4.795e-03 1.801e-01 1.794e-03 0.000e+00
8.726e-02 4.061e-03 1.771e-01 1.342e-03 0.000e+00
9.633e-02 3.356e-03 1.736e-01 9.656e-04 0.000e+00
1.000e-01 3.122e-03 1.722e-01 8.527e-04 0.000e+00
1.063e-01 2.773e-03 1.699e-01 6.961e-04 0.000e+00
1.174e-01 2.286e-03 1.659e-01 5.010e-04 0.000e+00
1.296e-01 1.884e-03 1.619e-01 3.615e-04 0.000e+00
1.431e-01 1.551e-03 1.577e-01 2.610e-04 0.000e+00
1.500e-01 1.414e-03 1.557e-01 2.237e-04 0.000e+00
1.579e-01 1.278e-03 1.534e-01 1.892e-04 0.000e+00
1.743e-01 1.051e-03 1.490e-01 1.371e-04 0.000e+00
1.925e-01 8.636e-04 1.446e-01 9.943e-05 0.000e+00
2.000e-01 8.007e-04 1.429e-01 8.792e-05 0.000e+00
2.125e-01 7.100e-04 1.401e-01 7.240e-05 0.000e+00
2.345e-01 5.839e-04 1.356e-01 5.294e-05 0.000e+00
2.589e-01 4.797e-04 1.311e-01 3.880e-05 0.000e+00
2.858e-01 3.940e-04 1.266e-01 2.858e-05 0.000e+00
3.000e-01 3.578e-04 1.244e-01 2.464e-05 0.000e+00
3.155e-01 3.236e-04 1.221e-01 2.115e-05 0.000e+00
3.483e-01 2.657e-04 1.177e-01 1.574e-05 0.000e+00
3.845e-01 2.181e-04 1.133e-01 1.178e-05 0.000e+00
4.000e-01 2.016e-04 1.115e-01 1.051e-05 0.000e+00
4.245e-01 1.790e-04 1.089e-01 8.871e-06 0.000e+00
4.686e-01 1.470e-04 1.047e-01 6.735e-06 0.000e+00
5.000e-01 1.292e-04 1.019e-01 5.654e-06 0.000e+00
5.173e-01 1.207e-04 1.004e-01 5.169e-06 0.000e+00
5.710e-01 9.907e-05 9.629e-02 4.000e-06 0.000e+00
6.000e-01 8.973e-05 9.424e-02 3.516e-06 0.000e+00
6.304e-01 8.129e-05 9.223e-02 3.087e-06 0.000e+00
6.959e-01 6.671e-05 8.826e-02 2.394e-06 0.000e+00
7.682e-01 5.475e-05 8.437e-02 1.914e-06 0.000e+00
8.000e-01 5.048e-05 8.279e-02 1.773e-06 0.000e+00
8.480e-01 4.493e-05 8.055e-02 1.612e-06 0.000e+00
9.361e-01 3.688e-05 7.684e-02 1.340e-06 0.000e+00
1.000e+00 3.232e-05 7.445e-02 1.102e-06 0.000e+00
1.022e+00 3.094e-05 7.369e-02 1.016e-06 0.000e+00
1.033e+00 3.029e-05 7.331e-02 9.795e-07 2.460e-09
1.141e+00 2.483e-05 6.978e-02 7.810e-07 2.343e-06
1.250e+00 2.068e-05 6.658e-02 6.902e-07 1.270e-05
1.259e+00 2.039e-05 6.633e-02 6.831e-07 1.398e-05
1.390e+00 1.673e-05 6.301e-02 5.773e-07 3.970e-05
1.500e+00 1.437e-05 6.053e-02 5.012e-07 7.061e-05
1.535e+00 1.372e-05 5.979e-02 4.809e-07 8.199e-05
1.694e+00 1.127e-05 5.667e-02 4.079e-07 1.415e-04
1.870e+00 9.245e-06 5.363e-02 3.501e-07 2.190e-04
2.000e+00 8.081e-06 5.164e-02 3.163e-07 2.816e-04
2.044e+00 7.736e-06 5.100e-02 3.061e-07 3.036e-04
2.065e+00 7.580e-06 5.071e-02 3.014e-07 3.142e-04
2.279e+00 6.222e-06 4.791e-02 2.605e-07 4.252e-04
2.516e+00 5.105e-06 4.519e-02 2.261e-07 5.529e-04
2.778e+00 4.189e-06 4.258e-02 1.970e-07 6.973e-04
3.000e+00 3.592e-06 4.063e-02 1.775e-07 8.208e-04
3.066e+00 3.439e-06 4.008e-02 1.724e-07 8.576e-04
3.385e+00 2.822e-06 3.769e-02 1.513e-07 1.035e-03
3.737e+00 2.315e-06 3.540e-02 1.332e-07 1.227e-03
4.000e+00 2.021e-06 3.389e-02 1.222e-07 1.368e-03
4.125e+00 1.900e-06 3.322e-02 1.175e-07 1.434e-03
4.554e+00 1.559e-06 3.114e-02 1.040e-07 1.653e-03
5.000e+00 1.293e-06 2.927e-02 9.281e-08 1.874e-03
5.027e+00 1.279e-06 2.916e-02 9.221e-08 1.886e-03
5.549e+00 1.050e-06 2.728e-02 8.192e-08 2.134e-03
6.000e+00 8.981e-07 2.587e-02 7.470e-08 2.339e-03
6.126e+00 8.615e-07 2.550e-02 7.290e-08 2.394e-03
6.762e+00 7.069e-07 2.382e-02 6.501e-08 2.664e-03
7.000e+00 6.596e-07 2.325e-02 6.247e-08 2.760e-03
7.465e+00 5.801e-07 2.222e-02 5.803e-08 2.943e-03
8.000e+00 5.052e-07 2.116e-02 5.364e-08 3.144e-03
8.241e+00 4.761e-07 2.072e-02 5.187e-08 3.232e-03
9.000e+00 3.991e-07 1.945e-02 4.701e-08 3.496e-03
9.097e+00 3.907e-07 1.930e-02 4.645e-08 3.529e-03
1.000e+01 3.233e-07 1.802e-02 4.183e-08 3.819e-03
1.004e+01 3.207e-07 1.797e-02 4.164e-08 3.831e-03
1.100e+01 2.672e-07 1.681e-02 3.764e-08 4.114e-03
1.109e+01 2.629e-07 1.671e-02 3.731e-08 4.140e-03
1.200e+01 2.245e-07 1.576e-02 3.423e-08 4.387e-03
1.224e+01 2.158e-07 1.553e-02 3.350e-08 4.450e-03
1.300e+01 1.913e-07 1.485e-02 3.138e-08 4.642e-03
1.351e+01 1.771e-07 1.443e-02 3.011e-08 4.766e-03
1.400e+01 1.649e-07 1.405e-02 2.897e-08 4.881e-03
1.491e+01 1.454e-07 1.340e-02 2.708e-08 5.083e-03
1.500e+01 1.437e-07 1.334e-02 2.690e-08 5.103e-03
1.600e+01 1.263e-07 1.270e-02 2.511e-08 5.315e-03
1.646e+01 1.193e-07 1.243e-02 2.437e-08 5.409e-03
1.800e+01 9.978e-08 1.161e-02 2.216e-08 5.701e-03
1.818e+01 9.782e-08 1.152e-02 2.192e-08 5.734e-03
2.000e+01 8.081e-08 1.070e-02 1.982e-08 6.050e-03
