# C-552 AIR-EQUIVALENT PLASTIC from NIST Database
1.760e+00 0.000e+00 0.000e+00 0.000e+00 0.000e+00
1.000e+00 2.448e-02 3.500e+00 0.000e+00 0.000e+00
6.000e+00 4.177e-02 3.500e+00 0.000e+00 0.000e+00
8.000e+00 2.829e-04 3.500e+00 0.000e+00 0.000e+00
9.000e+00 2.449e-02 3.500e+00 0.000e+00 0.000e+00
1.400e+01 1.415e-04 3.500e+00 0.000e+00 0.000e+00
0.000e+00 0.000e+00 0.000e+00 0.000e+00 0.000e+00
1.000e-03 1.320e+00 1.066e-02 3.763e+03 0.000e+00
1.020e-03 1.316e+00 1.104e-02 3.572e+03 0.000e+00
1.126e-03 1.293e+00 1.315e-02 2.753e+03 0.000e+00
1.243e-03 1.268e+00 1.563e-02 2.120e+03 0.000e+00
1.372e-03 1.240e+00 1.851e-02 1.629e+03 0.000e+00
1.500e-03 1.212e+00 2.148e-02 1.280e+03 0.000e+00
1.515e-03 1.208e+00 2.184e-02 1.246e+03 0.000e+00
1.672e-03 1.171e+00 2.559e-02 9.500e+02 0.000e+00
1.839e-03 1.130e+00 2.964e-02 7.290e+02 0.000e+00
1.839e-03 1.130e+00 2.964e-02 7.404e+02 0.000e+00
1.846e-03 1.128e+00 2.982e-02 7.325e+02 0.000e+00
2.000e-03 1.090e+00 3.359e-02 5.858e+02 0.000e+00
2.038e-03 1.081e+00 3.452e-02 5.556e+02 0.000e+00
2.250e-03 1.029e+00 3.971e-02 4.202e+02 0.000e+00
2.483e-03 9.729e-01 4.533e-02 3.172e+02 0.000e+00
2.741e-03 9.136e-01 5.140e-02 2.386e+02 0.000e+00
3.000e-03 8.571e-01 5.727e-02 1.836e+02 0.000e+00
3.026e-03 8.516e-01 5.785e-02 1.791e+02 0.000e+00
3.341e-03 7.877e-01 6.459e-02 1.341e+02 0.000e+00
3.688e-03 7.233e-01 7.151e-02 1.003e+02 0.000e+00
4.000e-03 6.707e-01 7.728e-02 7.886e+01 0.000e+00
4.071e-03 6.594e-01 7.853e-02 7.484e+01 0.000e+00
4.494e-03 5.971e-01 8.552e-02 5.573e+01 0.000e+00
4.961e-03 5.374e-01 9.240e-02 4.143e+01 0.000e+00
5.000e-03 5.328e-01 9.294e-02 4.046e+01 0.000e+00
5.477e-03 4.809e-01 9.908e-02 3.073e+01 0.000e+00
6.000e-03 4.324e-01 1.050e-01 2.330e+01 0.000e+00
6.046e-03 4.285e-01 1.055e-01 2.277e+01 0.000e+00
6.675e-03 3.803e-01 1.116e-01 1.683e+01 0.000e+00
7.368e-03 3.366e-01 1.173e-01 1.243e+01 0.000e+00
8.000e-03 3.035e-01 1.218e-01 9.640e+00 0.000e+00
8.134e-03 2.972e-01 1.226e-01 9.157e+00 0.000e+00
8.979e-03 2.619e-01 1.277e-01 6.740e+00 0.000e+00
9.912e-03 2.304e-01 1.324e-01 4.953e+00 0.000e+00
1.000e-02 2.278e-01 1.328e-01 4.818e+00 0.000e+00
1.094e-02 2.025e-01 1.367e-01 3.637e+00 0.000e+00
1.208e-02 1.775e-01 1.408e-01 2.663e+00 0.000e+00
1.334e-02 1.553e-01 1.446e-01 1.947e+00 0.000e+00
1.472e-02 1.356e-01 1.481e-01 1.425e+00 0.000e+00
1.500e-02 1.321e-01 1.487e-01 1.342e+00 0.000e+00
1.625e-02 1.181e-01 1.513e-01 1.040e+00 0.000e+00
1.794e-02 1.025e-01 1.541e-01 7.584e-01 0.000e+00
1.980e-02 8.861e-02 1.567e-01 5.528e-01 0.000e+00
2.000e-02 8.729e-02 1.569e-01 5.352e-01 0.000e+00
2.186e-02 7.628e-02 1.589e-01 4.020e-01 0.000e+00
2.413e-02 6.543e-02 1.607e-01 2.922e-01 0.000e+00
2.664e-02 5.588e-02 1.621e-01 2.121e-01 0.000e+00
2.941e-02 4.755e-02 1.631e-01 1.538e-01 0.000e+00
3.000e-02 4.602e-02 1.632e-01 1.442e-01 0.000e+00
3.247e-02 4.032e-02 1.637e-01 1.115e-01 0.000e+00
3.584e-02 3.408e-02 1.639e-01 8.076e-02 0.000e+00
3.957e-02 2.871e-02 1.637e-01 5.843e-02 0.000e+00
4.000e-02 2.818e-02 1.636e-01 5.640e-02 0.000e+00
4.368e-02 2.413e-02 1.631e-01 4.228e-02 0.000e+00
4.822e-02 2.024e-02 1.622e-01 3.057e-02 0.000e+00
5.000e-02 1.896e-02 1.617e-01 2.714e-02 0.000e+00
5.323e-02 1.694e-02 1.609e-01 2.209e-02 0.000e+00
5.876e-02 1.415e-02 1.593e-01 1.595e-02 0.000e+00
6.000e-02 1.362e-02 1.589e-01 1.489e-02 0.000e+00
6.486e-02 1.180e-02 1.574e-01 1.152e-02 0.000e+00
7.161e-02 9.818e-03 1.553e-01 8.313e-03 0.000e+00
7.905e-02 8.160e-03 1.529e-01 6.002e-03 0.000e+00
8.000e-02 7.978e-03 1.525e-01 5.770e-03 0.000e+00
8.726e-02 6.771e-03 1.502e-01 4.334e-03 0.000e+00
9.633e-02 5.609e-03 1.474e-01 3.130e-03 0.000e+00
1.000e-01 5.222e-03 1.462e-01 2.767e-03 0.000e+00
1.063e-01 4.645e-03 1.443e-01 2.264e-03 0.000e+00
1.174e-01 3.836e-03 1.411e-01 1.635e-03 0.000e+00
1.296e-01 3.168e-03 1.377e-01 1.183e-03 0.000e+00
1.431e-01 2.612e-03 1.343e-01 8.564e-04 0.000e+00
1.500e-01 2.383e-03 1.326e-01 7.348e-04 0.000e+00
1.579e-01 2.155e-03 1.307e-01 6.221e-04 0.000e+00
1.743e-01 1.775e-03 1.270e-01 4.520e-04 0.000e+00
1.925e-01 1.460e-03 1.233e-01 3.286e-04 0.000e+00
2.000e-01 1.354e-03 1.218e-01 2.909e-04 0.000e+00
2.125e-01 1.201e-03 1.195e-01 2.399e-04 0.000e+00
2.345e-01 9.882e-04 1.157e-01 1.759e-04 0.000e+00
2.589e-01 8.123e-04 1.118e-01 1.292e-04 0.000e+00
2.858e-01 6.676e-04 1.080e-01 9.540e-05 0.000e+00
3.000e-01 6.063e-04 1.062e-01 8.235e-05 0.000e+00
3.155e-01 5.485e-04 1.042e-01 7.076e-05 0.000e+00
3.483e-01 4.506e-04 1.004e-01 5.276e-05 0.000e+00
3.845e-01 3.700e-04 9.669e-02 3.955e-05 0.000e+00
4.000e-01 3.420e-04 9.521e-02 3.531e-05 0.000e+00
4.245e-01 3.038e-04 9.299e-02 2.983e-05 0.000e+00
4.686e-01 2.494e-04 8.934e-02 2.267e-05 0.000e+00
5.000e-01 2.191e-04 8.698e-02 1.904e-05 0.000e+00
5.173e-01 2.048e-04 8.575e-02 1.740e-05 0.000e+00
5.710e-01 1.681e-04 8.222e-02 1.348e-05 0.000e+00
6.000e-01 1.523e-04 8.047e-02 1.186e-05 0.000e+00
6.304e-01 1.380e-04 7.876e-02 1.044e-05 0.000e+00
6.959e-01 1.133e-04 7.537e-02 8.140e-06 0.000e+00
7.682e-01 9.295e-05 7.206e-02 6.497e-06 0.000e+00
8.000e-01 8.572e-05 7.072e-02 5.988e-06 0.000e+00
8.480e-01 7.630e-05 6.881e-02 5.384e-06 0.000e+00
9.361e-01 6.263e-05 6.564e-02 4.438e-06 0.000e+00
1.000e+00 5.488e-05 6.359e-02 3.722e-06 0.000e+00
1.022e+00 5.254e-05 6.293e-02 3.475e-06 0.000e+00
1.033e+00 5.142e-05 6.261e-02 3.366e-06 3.338e-09
1.141e+00 4.215e-05 5.959e-02 2.711e-06 3.170e-06
1.250e+00 3.512e-05 5.687e-02 2.358e-06 1.715e-05
1.259e+00 3.462e-05 5.666e-02 2.331e-06 1.888e-05
1.390e+00 2.841e-05 5.382e-02 1.964e-06 5.351e-05
1.500e+00 2.439e-05 5.170e-02 1.711e-06 9.508e-05
1.535e+00 2.329e-05 5.106e-02 1.643e-06 1.104e-04
1.694e+00 1.913e-05 4.839e-02 1.393e-06 1.904e-04
1.870e+00 1.570e-05 4.580e-02 1.192e-06 2.945e-04
2.000e+00 1.373e-05 4.411e-02 1.075e-06 3.788e-04
2.044e+00 1.314e-05 4.357e-02 1.040e-06 4.084e-04
2.065e+00 1.288e-05 4.332e-02 1.024e-06 4.226e-04
2.279e+00 1.057e-05 4.093e-02 8.835e-07 5.718e-04
2.516e+00 8.674e-06 3.861e-02 7.657e-07 7.423e-04
2.778e+00 7.115e-06 3.638e-02 6.663e-07 9.336e-04
3.000e+00 6.101e-06 3.471e-02 5.997e-07 1.096e-03
3.066e+00 5.841e-06 3.424e-02 5.824e-07 1.144e-03
3.385e+00 4.792e-06 3.219e-02 5.104e-07 1.376e-03
3.737e+00 3.932e-06 3.024e-02 4.487e-07 1.626e-03
4.000e+00 3.432e-06 2.895e-02 4.113e-07 1.809e-03
4.125e+00 3.227e-06 2.838e-02 3.956e-07 1.893e-03
4.554e+00 2.648e-06 2.660e-02 3.496e-07 2.176e-03
5.000e+00 2.196e-06 2.500e-02 3.117e-07 2.459e-03
5.027e+00 2.173e-06 2.491e-02 3.097e-07 2.475e-03
5.549e+00 1.783e-06 2.331e-02 2.750e-07 2.792e-03
6.000e+00 1.525e-06 2.210e-02 2.506e-07 3.052e-03
6.126e+00 1.463e-06 2.178e-02 2.445e-07 3.122e-03
6.762e+00 1.201e-06 2.035e-02 2.178e-07 3.464e-03
7.000e+00 1.121e-06 1.986e-02 2.092e-07 3.587e-03
7.465e+00 9.854e-07 1.898e-02 1.943e-07 3.817e-03
8.000e+00 8.580e-07 1.808e-02 1.795e-07 4.070e-03
8.241e+00 8.086e-07 1.770e-02 1.735e-07 4.180e-03
9.000e+00 6.779e-07 1.661e-02 1.571e-07 4.512e-03
9.097e+00 6.635e-07 1.649e-02 1.553e-07 4.554e-03
1.000e+01 5.492e-07 1.539e-02 1.397e-07 4.917e-03
1.004e+01 5.448e-07 1.535e-02 1.391e-07 4.933e-03
1.100e+01 4.538e-07 1.436e-02 1.257e-07 5.288e-03
1.109e+01 4.465e-07 1.427e-02 1.246e-07 5.319e-03
1.200e+01 3.812e-07 1.347e-02 1.142e-07 5.627e-03
1.224e+01 3.665e-07 1.327e-02 1.118e-07 5.705e-03
1.300e+01 3.250e-07 1.268e-02 1.047e-07 5.944e-03
1.351e+01 3.009e-07 1.232e-02 1.004e-07 6.098e-03
1.400e+01 2.802e-07 1.200e-02 9.663e-08 6.240e-03
1.491e+01 2.471e-07 1.145e-02 9.028e-08 6.493e-03
1.500e+01 2.441e-07 1.139e-02 8.970e-08 6.517e-03
1.600e+01 2.145e-07 1.085e-02 8.371e-08 6.780e-03
1.646e+01 2.027e-07 1.062e-02 8.121e-08 6.895e-03
1.800e+01 1.695e-07 9.916e-03 7.382e-08 7.259e-03
1.818e+01 1.661e-07 9.841e-03 7.305e-08 7.300e-03
2.000e+01 1.373e-07 9.144e-03 6.602e-08 7.690e-03
