# CALCIUM from NIST Database
1.550e+00 0.000e+00 0.000e+00 0.000e+00 0.000e+00
2.000e+01 1.000e+00 3.500e+00 0.000e+00 0.000e+00
0.000e+00 0.000e+00 0.000e+00 0.000e+00 0.000e+00
1.000e-03 3.582e+00 1.494e-02 4.862e+03 0.000e+00
1.020e-03 3.567e+00 1.529e-02 4.620e+03 0.000e+00
1.126e-03 3.493e+00 1.716e-02 3.581e+03 0.000e+00
1.243e-03 3.418e+00 1.923e-02 2.776e+03 0.000e+00
1.372e-03 3.337e+00 2.145e-02 2.152e+03 0.000e+00
1.500e-03 3.259e+00 2.356e-02 1.710e+03 0.000e+00
1.515e-03 3.250e+00 2.380e-02 1.665e+03 0.000e+00
1.672e-03 3.155e+00 2.623e-02 1.282e+03 0.000e+00
1.846e-03 3.052e+00 2.879e-02 9.857e+02 0.000e+00
2.000e-03 2.963e+00 3.100e-02 7.968e+02 0.000e+00
2.038e-03 2.942e+00 3.154e-02 7.571e+02 0.000e+00
2.250e-03 2.826e+00 3.455e-02 5.788e+02 0.000e+00
2.483e-03 2.706e+00 3.781e-02 4.429e+02 0.000e+00
2.741e-03 2.581e+00 4.134e-02 3.387e+02 0.000e+00
3.000e-03 2.463e+00 4.481e-02 2.651e+02 0.000e+00
3.026e-03 2.451e+00 4.515e-02 2.588e+02 0.000e+00
3.341e-03 2.317e+00 4.921e-02 1.969e+02 0.000e+00
3.688e-03 2.176e+00 5.349e-02 1.498e+02 0.000e+00
4.000e-03 2.051e+00 5.716e-02 1.197e+02 0.000e+00
4.038e-03 2.036e+00 5.759e-02 1.166e+02 0.000e+00
4.038e-03 2.036e+00 5.759e-02 1.021e+03 0.000e+00
4.071e-03 2.023e+00 5.797e-02 1.001e+03 0.000e+00
4.494e-03 1.874e+00 6.267e-02 7.856e+02 0.000e+00
4.961e-03 1.732e+00 6.755e-02 6.129e+02 0.000e+00
5.000e-03 1.720e+00 6.795e-02 6.007e+02 0.000e+00
5.477e-03 1.591e+00 7.256e-02 4.736e+02 0.000e+00
6.000e-03 1.465e+00 7.722e-02 3.716e+02 0.000e+00
6.046e-03 1.454e+00 7.761e-02 3.641e+02 0.000e+00
6.675e-03 1.327e+00 8.266e-02 2.795e+02 0.000e+00
7.368e-03 1.208e+00 8.765e-02 2.143e+02 0.000e+00
8.000e-03 1.116e+00 9.173e-02 1.714e+02 0.000e+00
8.134e-03 1.098e+00 9.255e-02 1.638e+02 0.000e+00
8.979e-03 9.974e-01 9.731e-02 1.248e+02 0.000e+00
9.912e-03 9.035e-01 1.020e-01 9.473e+01 0.000e+00
1.000e-02 8.954e-01 1.024e-01 9.241e+01 0.000e+00
1.094e-02 8.157e-01 1.066e-01 7.177e+01 0.000e+00
1.208e-02 7.327e-01 1.111e-01 5.419e+01 0.000e+00
1.334e-02 6.543e-01 1.155e-01 4.081e+01 0.000e+00
1.472e-02 5.807e-01 1.198e-01 3.074e+01 0.000e+00
1.500e-02 5.671e-01 1.206e-01 2.911e+01 0.000e+00
1.625e-02 5.111e-01 1.240e-01 2.307e+01 0.000e+00
1.794e-02 4.465e-01 1.281e-01 1.728e+01 0.000e+00
1.980e-02 3.879e-01 1.319e-01 1.292e+01 0.000e+00
2.000e-02 3.823e-01 1.322e-01 1.255e+01 0.000e+00
2.186e-02 3.352e-01 1.353e-01 9.639e+00 0.000e+00
2.413e-02 2.887e-01 1.384e-01 7.180e+00 0.000e+00
2.664e-02 2.479e-01 1.412e-01 5.336e+00 0.000e+00
2.941e-02 2.124e-01 1.435e-01 3.960e+00 0.000e+00
3.000e-02 2.059e-01 1.439e-01 3.729e+00 0.000e+00
3.247e-02 1.817e-01 1.454e-01 2.934e+00 0.000e+00
3.584e-02 1.553e-01 1.469e-01 2.172e+00 0.000e+00
3.957e-02 1.325e-01 1.480e-01 1.605e+00 0.000e+00
4.000e-02 1.302e-01 1.481e-01 1.552e+00 0.000e+00
4.368e-02 1.129e-01 1.487e-01 1.184e+00 0.000e+00
4.822e-02 9.599e-02 1.490e-01 8.726e-01 0.000e+00
5.000e-02 9.040e-02 1.491e-01 7.800e-01 0.000e+00
5.323e-02 8.143e-02 1.491e-01 6.425e-01 0.000e+00
5.876e-02 6.889e-02 1.487e-01 4.726e-01 0.000e+00
6.000e-02 6.648e-02 1.486e-01 4.428e-01 0.000e+00
6.486e-02 5.812e-02 1.480e-01 3.473e-01 0.000e+00
7.161e-02 4.887e-02 1.470e-01 2.548e-01 0.000e+00
7.905e-02 4.099e-02 1.456e-01 1.869e-01 0.000e+00
8.000e-02 4.012e-02 1.454e-01 1.800e-01 0.000e+00
8.726e-02 3.430e-02 1.439e-01 1.371e-01 0.000e+00
9.633e-02 2.863e-02 1.419e-01 1.005e-01 0.000e+00
1.000e-01 2.673e-02 1.411e-01 8.931e-02 0.000e+00
1.063e-01 2.388e-02 1.396e-01 7.371e-02 0.000e+00
1.174e-01 1.986e-02 1.371e-01 5.394e-02 0.000e+00
1.296e-01 1.650e-02 1.343e-01 3.954e-02 0.000e+00
1.431e-01 1.369e-02 1.313e-01 2.898e-02 0.000e+00
1.500e-01 1.252e-02 1.298e-01 2.500e-02 0.000e+00
1.579e-01 1.136e-02 1.282e-01 2.130e-02 0.000e+00
1.743e-01 9.410e-03 1.249e-01 1.565e-02 0.000e+00
1.925e-01 7.779e-03 1.215e-01 1.150e-02 0.000e+00
2.000e-01 7.228e-03 1.201e-01 1.022e-02 0.000e+00
2.125e-01 6.430e-03 1.180e-01 8.483e-03 0.000e+00
2.345e-01 5.314e-03 1.144e-01 6.277e-03 0.000e+00
2.589e-01 4.384e-03 1.108e-01 4.652e-03 0.000e+00
2.858e-01 3.615e-03 1.071e-01 3.462e-03 0.000e+00
3.000e-01 3.288e-03 1.053e-01 2.999e-03 0.000e+00
3.155e-01 2.979e-03 1.034e-01 2.587e-03 0.000e+00
3.483e-01 2.453e-03 9.975e-02 1.942e-03 0.000e+00
3.845e-01 2.019e-03 9.610e-02 1.465e-03 0.000e+00
4.000e-01 1.868e-03 9.465e-02 1.312e-03 0.000e+00
4.245e-01 1.661e-03 9.248e-02 1.112e-03 0.000e+00
4.686e-01 1.366e-03 8.891e-02 8.501e-04 0.000e+00
5.000e-01 1.201e-03 8.660e-02 7.157e-04 0.000e+00
5.173e-01 1.122e-03 8.539e-02 6.549e-04 0.000e+00
5.710e-01 9.225e-04 8.191e-02 5.085e-04 0.000e+00
6.000e-01 8.360e-04 8.019e-02 4.488e-04 0.000e+00
6.304e-01 7.578e-04 7.849e-02 3.967e-04 0.000e+00
6.959e-01 6.225e-04 7.514e-02 3.118e-04 0.000e+00
7.682e-01 5.113e-04 7.185e-02 2.486e-04 0.000e+00
8.000e-01 4.715e-04 7.052e-02 2.279e-04 0.000e+00
8.480e-01 4.197e-04 6.862e-02 2.024e-04 0.000e+00
9.361e-01 3.446e-04 6.548e-02 1.651e-04 0.000e+00
1.000e+00 3.022e-04 6.344e-02 1.417e-04 0.000e+00
1.022e+00 2.894e-04 6.278e-02 1.342e-04 0.000e+00
1.033e+00 2.833e-04 6.245e-02 1.308e-04 1.138e-08
1.141e+00 2.323e-04 5.945e-02 1.065e-04 1.030e-05
1.250e+00 1.935e-04 5.675e-02 9.086e-05 5.363e-05
1.259e+00 1.908e-04 5.654e-02 8.974e-05 5.885e-05
1.390e+00 1.566e-04 5.371e-02 7.523e-05 1.616e-04
1.500e+00 1.345e-04 5.158e-02 6.565e-05 2.822e-04
1.535e+00 1.284e-04 5.095e-02 6.304e-05 3.263e-04
1.694e+00 1.054e-04 4.830e-02 5.326e-05 5.565e-04
1.870e+00 8.654e-05 4.572e-02 4.529e-05 8.568e-04
2.000e+00 7.567e-05 4.403e-02 4.069e-05 1.100e-03
2.044e+00 7.246e-05 4.349e-02 3.932e-05 1.186e-03
2.065e+00 7.099e-05 4.323e-02 3.870e-05 1.227e-03
2.279e+00 5.830e-05 4.084e-02 3.326e-05 1.652e-03
2.516e+00 4.784e-05 3.853e-02 2.869e-05 2.130e-03
2.778e+00 3.924e-05 3.631e-02 2.484e-05 2.656e-03
3.000e+00 3.364e-05 3.465e-02 2.227e-05 3.097e-03
3.066e+00 3.221e-05 3.419e-02 2.160e-05 3.227e-03
3.385e+00 2.643e-05 3.215e-02 1.884e-05 3.851e-03
3.737e+00 2.169e-05 3.020e-02 1.649e-05 4.523e-03
4.000e+00 1.893e-05 2.891e-02 1.507e-05 5.009e-03
4.125e+00 1.780e-05 2.834e-02 1.448e-05 5.233e-03
4.554e+00 1.460e-05 2.656e-02 1.275e-05 5.979e-03
5.000e+00 1.211e-05 2.496e-02 1.133e-05 6.718e-03
5.027e+00 1.198e-05 2.487e-02 1.125e-05 6.761e-03
5.549e+00 9.836e-06 2.328e-02 9.954e-06 7.582e-03
6.000e+00 8.413e-06 2.207e-02 9.047e-06 8.256e-03
6.126e+00 8.070e-06 2.176e-02 8.822e-06 8.436e-03
6.762e+00 6.623e-06 2.032e-02 7.835e-06 9.314e-03
7.000e+00 6.180e-06 1.983e-02 7.519e-06 9.627e-03
7.465e+00 5.434e-06 1.895e-02 6.970e-06 1.022e-02
8.000e+00 4.732e-06 1.805e-02 6.428e-06 1.087e-02
8.241e+00 4.459e-06 1.767e-02 6.210e-06 1.115e-02
9.000e+00 3.738e-06 1.659e-02 5.609e-06 1.199e-02
9.097e+00 3.659e-06 1.646e-02 5.541e-06 1.209e-02
1.000e+01 3.029e-06 1.537e-02 4.974e-06 1.301e-02
1.004e+01 3.005e-06 1.533e-02 4.951e-06 1.305e-02
1.100e+01 2.503e-06 1.434e-02 4.467e-06 1.395e-02
1.109e+01 2.463e-06 1.425e-02 4.427e-06 1.402e-02
1.200e+01 2.104e-06 1.345e-02 4.054e-06 1.480e-02
1.224e+01 2.022e-06 1.325e-02 3.966e-06 1.499e-02
1.300e+01 1.793e-06 1.267e-02 3.710e-06 1.558e-02
1.351e+01 1.659e-06 1.231e-02 3.555e-06 1.597e-02
1.400e+01 1.545e-06 1.198e-02 3.418e-06 1.632e-02
1.491e+01 1.362e-06 1.143e-02 3.191e-06 1.695e-02
1.500e+01 1.346e-06 1.138e-02 3.170e-06 1.700e-02
1.600e+01 1.183e-06 1.084e-02 2.956e-06 1.765e-02
1.646e+01 1.118e-06 1.060e-02 2.866e-06 1.794e-02
1.800e+01 9.348e-07 9.904e-03 2.601e-06 1.885e-02
1.818e+01 9.163e-07 9.828e-03 2.573e-06 1.894e-02
2.000e+01 7.572e-07 9.133e-03 2.323e-06 1.989e-02
