# CALCIUM SULFATE from NIST Database
2.960e+00 0.000e+00 0.000e+00 0.000e+00 0.000e+00
8.000e+00 2.938e-02 3.500e+00 0.000e+00 0.000e+00
1.600e+01 7.343e-03 3.500e+00 0.000e+00 0.000e+00
2.000e+01 7.346e-03 3.500e+00 0.000e+00 0.000e+00
0.000e+00 0.000e+00 0.000e+00 0.000e+00 0.000e+00
1.000e-03 2.454e+00 1.078e-02 4.160e+03 0.000e+00
1.020e-03 2.445e+00 1.111e-02 3.949e+03 0.000e+00
1.126e-03 2.400e+00 1.293e-02 3.046e+03 0.000e+00
1.243e-03 2.353e+00 1.503e-02 2.348e+03 0.000e+00
1.372e-03 2.301e+00 1.743e-02 1.809e+03 0.000e+00
1.500e-03 2.249e+00 1.984e-02 1.427e+03 0.000e+00
1.515e-03 2.242e+00 2.013e-02 1.389e+03 0.000e+00
1.672e-03 2.176e+00 2.311e-02 1.063e+03 0.000e+00
1.846e-03 2.103e+00 2.643e-02 8.109e+02 0.000e+00
2.000e-03 2.038e+00 2.937e-02 6.508e+02 0.000e+00
2.038e-03 2.022e+00 3.010e-02 6.177e+02 0.000e+00
2.250e-03 1.934e+00 3.415e-02 4.690e+02 0.000e+00
2.472e-03 1.847e+00 3.836e-02 3.606e+02 0.000e+00
2.472e-03 1.847e+00 3.836e-02 7.970e+02 0.000e+00
2.483e-03 1.843e+00 3.857e-02 7.885e+02 0.000e+00
2.741e-03 1.746e+00 4.336e-02 6.197e+02 0.000e+00
3.000e-03 1.655e+00 4.803e-02 4.943e+02 0.000e+00
3.026e-03 1.647e+00 4.849e-02 4.835e+02 0.000e+00
3.341e-03 1.543e+00 5.392e-02 3.724e+02 0.000e+00
3.688e-03 1.438e+00 5.956e-02 2.845e+02 0.000e+00
4.000e-03 1.349e+00 6.433e-02 2.275e+02 0.000e+00
4.038e-03 1.338e+00 6.490e-02 2.216e+02 0.000e+00
4.038e-03 1.338e+00 6.490e-02 4.880e+02 0.000e+00
4.071e-03 1.330e+00 6.538e-02 4.780e+02 0.000e+00
4.494e-03 1.224e+00 7.131e-02 3.709e+02 0.000e+00
4.961e-03 1.124e+00 7.729e-02 2.867e+02 0.000e+00
5.000e-03 1.116e+00 7.776e-02 2.808e+02 0.000e+00
5.477e-03 1.026e+00 8.323e-02 2.200e+02 0.000e+00
6.000e-03 9.412e-01 8.860e-02 1.717e+02 0.000e+00
6.046e-03 9.343e-01 8.905e-02 1.681e+02 0.000e+00
6.675e-03 8.479e-01 9.472e-02 1.283e+02 0.000e+00
7.368e-03 7.676e-01 1.002e-01 9.773e+01 0.000e+00
8.000e-03 7.052e-01 1.046e-01 7.778e+01 0.000e+00
8.134e-03 6.930e-01 1.055e-01 7.425e+01 0.000e+00
8.979e-03 6.240e-01 1.105e-01 5.625e+01 0.000e+00
9.912e-03 5.599e-01 1.153e-01 4.249e+01 0.000e+00
1.000e-02 5.544e-01 1.157e-01 4.143e+01 0.000e+00
1.094e-02 5.004e-01 1.199e-01 3.204e+01 0.000e+00
1.208e-02 4.450e-01 1.244e-01 2.408e+01 0.000e+00
1.334e-02 3.936e-01 1.286e-01 1.806e+01 0.000e+00
1.472e-02 3.466e-01 1.327e-01 1.354e+01 0.000e+00
1.500e-02 3.381e-01 1.334e-01 1.281e+01 0.000e+00
1.625e-02 3.033e-01 1.365e-01 1.012e+01 0.000e+00
1.794e-02 2.640e-01 1.401e-01 7.553e+00 0.000e+00
1.980e-02 2.288e-01 1.433e-01 5.629e+00 0.000e+00
2.000e-02 2.255e-01 1.437e-01 5.462e+00 0.000e+00
2.186e-02 1.975e-01 1.463e-01 4.184e+00 0.000e+00
2.413e-02 1.699e-01 1.488e-01 3.106e+00 0.000e+00
2.664e-02 1.458e-01 1.510e-01 2.301e+00 0.000e+00
2.941e-02 1.247e-01 1.527e-01 1.702e+00 0.000e+00
3.000e-02 1.209e-01 1.530e-01 1.602e+00 0.000e+00
3.247e-02 1.065e-01 1.541e-01 1.258e+00 0.000e+00
3.584e-02 9.085e-02 1.550e-01 9.284e-01 0.000e+00
3.957e-02 7.729e-02 1.556e-01 6.839e-01 0.000e+00
4.000e-02 7.593e-02 1.556e-01 6.614e-01 0.000e+00
4.368e-02 6.563e-02 1.557e-01 5.034e-01 0.000e+00
4.822e-02 5.560e-02 1.555e-01 3.700e-01 0.000e+00
5.000e-02 5.229e-02 1.554e-01 3.305e-01 0.000e+00
5.323e-02 4.699e-02 1.550e-01 2.718e-01 0.000e+00
5.876e-02 3.961e-02 1.540e-01 1.994e-01 0.000e+00
6.000e-02 3.819e-02 1.538e-01 1.868e-01 0.000e+00
6.486e-02 3.330e-02 1.528e-01 1.462e-01 0.000e+00
7.161e-02 2.791e-02 1.512e-01 1.071e-01 0.000e+00
7.905e-02 2.335e-02 1.493e-01 7.839e-02 0.000e+00
8.000e-02 2.284e-02 1.491e-01 7.549e-02 0.000e+00
8.726e-02 1.949e-02 1.472e-01 5.738e-02 0.000e+00
9.633e-02 1.624e-02 1.447e-01 4.198e-02 0.000e+00
1.000e-01 1.515e-02 1.438e-01 3.730e-02 0.000e+00
1.063e-01 1.352e-02 1.421e-01 3.075e-02 0.000e+00
1.174e-01 1.122e-02 1.392e-01 2.246e-02 0.000e+00
1.296e-01 9.310e-03 1.361e-01 1.644e-02 0.000e+00
1.431e-01 7.713e-03 1.329e-01 1.203e-02 0.000e+00
1.500e-01 7.050e-03 1.313e-01 1.037e-02 0.000e+00
1.579e-01 6.391e-03 1.295e-01 8.828e-03 0.000e+00
1.743e-01 5.286e-03 1.260e-01 6.479e-03 0.000e+00
1.925e-01 4.364e-03 1.224e-01 4.755e-03 0.000e+00
2.000e-01 4.052e-03 1.210e-01 4.224e-03 0.000e+00
2.125e-01 3.603e-03 1.188e-01 3.502e-03 0.000e+00
2.345e-01 2.974e-03 1.151e-01 2.589e-03 0.000e+00
2.589e-01 2.451e-03 1.113e-01 1.917e-03 0.000e+00
2.858e-01 2.019e-03 1.076e-01 1.425e-03 0.000e+00
3.000e-01 1.836e-03 1.058e-01 1.234e-03 0.000e+00
3.155e-01 1.662e-03 1.039e-01 1.064e-03 0.000e+00
3.483e-01 1.368e-03 1.001e-01 7.977e-04 0.000e+00
3.845e-01 1.125e-03 9.642e-02 6.015e-04 0.000e+00
4.000e-01 1.041e-03 9.495e-02 5.382e-04 0.000e+00
4.245e-01 9.251e-04 9.276e-02 4.561e-04 0.000e+00
4.686e-01 7.604e-04 8.916e-02 3.484e-04 0.000e+00
5.000e-01 6.685e-04 8.681e-02 2.933e-04 0.000e+00
5.173e-01 6.248e-04 8.559e-02 2.683e-04 0.000e+00
5.710e-01 5.133e-04 8.209e-02 2.083e-04 0.000e+00
6.000e-01 4.652e-04 8.036e-02 1.838e-04 0.000e+00
6.304e-01 4.216e-04 7.864e-02 1.624e-04 0.000e+00
6.959e-01 3.463e-04 7.527e-02 1.275e-04 0.000e+00
7.682e-01 2.843e-04 7.197e-02 1.017e-04 0.000e+00
8.000e-01 2.622e-04 7.064e-02 9.327e-05 0.000e+00
8.480e-01 2.334e-04 6.875e-02 8.289e-05 0.000e+00
9.361e-01 1.916e-04 6.560e-02 6.768e-05 0.000e+00
1.000e+00 1.680e-04 6.354e-02 5.798e-05 0.000e+00
1.022e+00 1.609e-04 6.287e-02 5.484e-05 0.000e+00
1.033e+00 1.575e-04 6.254e-02 5.342e-05 7.110e-09
1.141e+00 1.292e-04 5.953e-02 4.349e-05 6.551e-06
1.250e+00 1.076e-04 5.683e-02 3.714e-05 3.459e-05
1.259e+00 1.060e-04 5.662e-02 3.669e-05 3.800e-05
1.390e+00 8.701e-05 5.377e-02 3.077e-05 1.056e-04
1.500e+00 7.473e-05 5.165e-02 2.685e-05 1.856e-04
1.535e+00 7.137e-05 5.102e-02 2.579e-05 2.149e-04
1.694e+00 5.861e-05 4.838e-02 2.179e-05 3.679e-04
1.870e+00 4.810e-05 4.581e-02 1.854e-05 5.672e-04
2.000e+00 4.205e-05 4.409e-02 1.667e-05 7.287e-04
2.044e+00 4.026e-05 4.354e-02 1.611e-05 7.852e-04
2.065e+00 3.945e-05 4.328e-02 1.585e-05 8.125e-04
2.279e+00 3.239e-05 4.086e-02 1.363e-05 1.096e-03
2.516e+00 2.658e-05 3.855e-02 1.176e-05 1.416e-03
2.778e+00 2.180e-05 3.634e-02 1.019e-05 1.772e-03
3.000e+00 1.870e-05 3.469e-02 9.140e-06 2.072e-03
3.066e+00 1.790e-05 3.423e-02 8.867e-06 2.161e-03
3.385e+00 1.469e-05 3.219e-02 7.738e-06 2.584e-03
3.737e+00 1.205e-05 3.023e-02 6.776e-06 3.041e-03
4.000e+00 1.052e-05 2.894e-02 6.196e-06 3.372e-03
4.125e+00 9.891e-06 2.836e-02 5.953e-06 3.525e-03
4.554e+00 8.114e-06 2.658e-02 5.244e-06 4.036e-03
5.000e+00 6.731e-06 2.499e-02 4.662e-06 4.542e-03
5.027e+00 6.659e-06 2.490e-02 4.631e-06 4.572e-03
5.549e+00 5.465e-06 2.330e-02 4.098e-06 5.136e-03
6.000e+00 4.675e-06 2.209e-02 3.726e-06 5.599e-03
6.126e+00 4.484e-06 2.178e-02 3.633e-06 5.724e-03
6.762e+00 3.680e-06 2.034e-02 3.228e-06 6.329e-03
7.000e+00 3.434e-06 1.985e-02 3.098e-06 6.545e-03
7.465e+00 3.020e-06 1.897e-02 2.872e-06 6.953e-03
8.000e+00 2.629e-06 1.807e-02 2.650e-06 7.400e-03
8.241e+00 2.478e-06 1.769e-02 2.560e-06 7.595e-03
9.000e+00 2.077e-06 1.661e-02 2.313e-06 8.179e-03
9.097e+00 2.033e-06 1.648e-02 2.285e-06 8.250e-03
1.000e+01 1.683e-06 1.539e-02 2.052e-06 8.886e-03
1.004e+01 1.670e-06 1.534e-02 2.042e-06 8.912e-03
1.100e+01 1.391e-06 1.435e-02 1.843e-06 9.530e-03
1.109e+01 1.368e-06 1.427e-02 1.827e-06 9.585e-03
1.200e+01 1.169e-06 1.346e-02 1.673e-06 1.012e-02
1.224e+01 1.123e-06 1.326e-02 1.637e-06 1.026e-02
1.300e+01 9.959e-07 1.268e-02 1.531e-06 1.067e-02
1.351e+01 9.219e-07 1.232e-02 1.468e-06 1.094e-02
1.400e+01 8.584e-07 1.200e-02 1.411e-06 1.119e-02
1.491e+01 7.569e-07 1.144e-02 1.318e-06 1.162e-02
1.500e+01 7.479e-07 1.139e-02 1.309e-06 1.166e-02
1.600e+01 6.574e-07 1.085e-02 1.220e-06 1.212e-02
1.646e+01 6.211e-07 1.061e-02 1.183e-06 1.232e-02
1.800e+01 5.194e-07 9.912e-03 1.074e-06 1.295e-02
1.818e+01 5.091e-07 9.837e-03 1.063e-06 1.301e-02
2.000e+01 4.207e-07 9.141e-03 9.597e-07 1.368e-02
