# CALCIUM TUNGSTATE from NIST Database
6.062e+00 0.000e+00 0.000e+00 0.000e+00 0.000e+00
8.000e+00 1.389e-02 3.500e+00 0.000e+00 0.000e+00
2.000e+01 3.473e-03 3.500e+00 0.000e+00 0.000e+00
7.400e+01 3.473e-03 3.500e+00 0.000e+00 0.000e+00
0.000e+00 0.000e+00 0.000e+00 0.000e+00 0.000e+00
1.000e-03 8.140e+00 6.744e-03 4.041e+03 0.000e+00
1.020e-03 8.124e+00 6.941e-03 3.864e+03 0.000e+00
1.126e-03 8.042e+00 8.016e-03 3.092e+03 0.000e+00
1.243e-03 7.956e+00 9.245e-03 2.476e+03 0.000e+00
1.372e-03 7.861e+00 1.063e-02 1.984e+03 0.000e+00
1.500e-03 7.763e+00 1.201e-02 1.624e+03 0.000e+00
1.515e-03 7.752e+00 1.217e-02 1.587e+03 0.000e+00
1.672e-03 7.627e+00 1.385e-02 1.262e+03 0.000e+00
1.809e-03 7.513e+00 1.531e-02 1.050e+03 0.000e+00
1.809e-03 7.513e+00 1.531e-02 1.182e+03 0.000e+00
1.846e-03 7.482e+00 1.570e-02 1.657e+03 0.000e+00
1.872e-03 7.460e+00 1.598e-02 2.141e+03 0.000e+00
1.872e-03 7.460e+00 1.598e-02 2.306e+03 0.000e+00
2.000e-03 7.353e+00 1.736e-02 2.762e+03 0.000e+00
2.038e-03 7.320e+00 1.777e-02 2.634e+03 0.000e+00
2.250e-03 7.141e+00 2.006e-02 2.052e+03 0.000e+00
2.281e-03 7.116e+00 2.039e-02 1.983e+03 0.000e+00
2.281e-03 7.116e+00 2.039e-02 2.271e+03 0.000e+00
2.483e-03 6.957e+00 2.255e-02 1.844e+03 0.000e+00
2.575e-03 6.885e+00 2.352e-02 1.686e+03 0.000e+00
2.575e-03 6.885e+00 2.352e-02 1.784e+03 0.000e+00
2.741e-03 6.752e+00 2.528e-02 1.538e+03 0.000e+00
2.820e-03 6.688e+00 2.610e-02 1.438e+03 0.000e+00
2.820e-03 6.688e+00 2.610e-02 1.496e+03 0.000e+00
3.000e-03 6.543e+00 2.797e-02 1.293e+03 0.000e+00
3.026e-03 6.523e+00 2.824e-02 1.267e+03 0.000e+00
3.341e-03 6.280e+00 3.142e-02 9.954e+02 0.000e+00
3.688e-03 6.025e+00 3.479e-02 7.827e+02 0.000e+00
4.000e-03 5.804e+00 3.770e-02 6.425e+02 0.000e+00
4.038e-03 5.777e+00 3.804e-02 6.274e+02 0.000e+00
4.038e-03 5.777e+00 3.804e-02 7.534e+02 0.000e+00
4.071e-03 5.754e+00 3.834e-02 7.383e+02 0.000e+00
4.494e-03 5.471e+00 4.205e-02 5.776e+02 0.000e+00
4.961e-03 5.178e+00 4.589e-02 4.513e+02 0.000e+00
5.000e-03 5.154e+00 4.620e-02 4.426e+02 0.000e+00
5.477e-03 4.874e+00 4.983e-02 3.508e+02 0.000e+00
6.000e-03 4.590e+00 5.349e-02 2.778e+02 0.000e+00
6.046e-03 4.566e+00 5.380e-02 2.723e+02 0.000e+00
6.675e-03 4.256e+00 5.779e-02 2.108e+02 0.000e+00
7.368e-03 3.947e+00 6.175e-02 1.631e+02 0.000e+00
8.000e-03 3.691e+00 6.501e-02 1.317e+02 0.000e+00
8.134e-03 3.640e+00 6.566e-02 1.261e+02 0.000e+00
8.979e-03 3.339e+00 6.950e-02 9.717e+01 0.000e+00
9.912e-03 3.047e+00 7.329e-02 7.483e+01 0.000e+00
1.000e-02 3.022e+00 7.362e-02 7.310e+01 0.000e+00
1.021e-02 2.963e+00 7.440e-02 6.923e+01 0.000e+00
1.021e-02 2.963e+00 7.440e-02 1.595e+02 0.000e+00
1.094e-02 2.767e+00 7.704e-02 1.325e+02 0.000e+00
1.154e-02 2.618e+00 7.905e-02 1.147e+02 0.000e+00
1.154e-02 2.618e+00 7.905e-02 1.545e+02 0.000e+00
1.208e-02 2.497e+00 8.074e-02 1.382e+02 0.000e+00
1.210e-02 2.493e+00 8.080e-02 1.377e+02 0.000e+00
1.210e-02 2.493e+00 8.080e-02 1.579e+02 0.000e+00
1.334e-02 2.240e+00 8.439e-02 1.231e+02 0.000e+00
1.472e-02 1.999e+00 8.800e-02 9.569e+01 0.000e+00
1.500e-02 1.955e+00 8.869e-02 9.119e+01 0.000e+00
1.625e-02 1.776e+00 9.160e-02 7.374e+01 0.000e+00
1.794e-02 1.574e+00 9.513e-02 5.671e+01 0.000e+00
1.980e-02 1.393e+00 9.857e-02 4.365e+01 0.000e+00
2.000e-02 1.375e+00 9.891e-02 4.250e+01 0.000e+00
2.186e-02 1.229e+00 1.019e-01 3.344e+01 0.000e+00
2.413e-02 1.083e+00 1.050e-01 2.562e+01 0.000e+00
2.664e-02 9.507e-01 1.079e-01 1.962e+01 0.000e+00
2.941e-02 8.315e-01 1.106e-01 1.503e+01 0.000e+00
3.000e-02 8.090e-01 1.111e-01 1.424e+01 0.000e+00
3.247e-02 7.237e-01 1.130e-01 1.147e+01 0.000e+00
3.584e-02 6.272e-01 1.150e-01 8.749e+00 0.000e+00
3.957e-02 5.409e-01 1.167e-01 6.670e+00 0.000e+00
4.000e-02 5.321e-01 1.169e-01 6.476e+00 0.000e+00
4.368e-02 4.647e-01 1.181e-01 5.076e+00 0.000e+00
4.822e-02 3.980e-01 1.192e-01 3.862e+00 0.000e+00
5.000e-02 3.759e-01 1.195e-01 3.493e+00 0.000e+00
5.323e-02 3.404e-01 1.199e-01 2.935e+00 0.000e+00
5.876e-02 2.908e-01 1.203e-01 2.229e+00 0.000e+00
6.000e-02 2.813e-01 1.204e-01 2.103e+00 0.000e+00
6.486e-02 2.481e-01 1.204e-01 1.692e+00 0.000e+00
6.953e-02 2.217e-01 1.203e-01 1.393e+00 0.000e+00
6.953e-02 2.217e-01 1.203e-01 6.937e+00 0.000e+00
7.161e-02 2.113e-01 1.202e-01 6.411e+00 0.000e+00
7.905e-02 1.798e-01 1.197e-01 4.931e+00 0.000e+00
8.000e-02 1.763e-01 1.196e-01 4.778e+00 0.000e+00
8.726e-02 1.526e-01 1.188e-01 3.806e+00 0.000e+00
9.633e-02 1.290e-01 1.177e-01 2.940e+00 0.000e+00
1.000e-01 1.209e-01 1.172e-01 2.665e+00 0.000e+00
1.063e-01 1.088e-01 1.164e-01 2.267e+00 0.000e+00
1.174e-01 9.137e-02 1.147e-01 1.738e+00 0.000e+00
1.296e-01 7.668e-02 1.129e-01 1.331e+00 0.000e+00
1.431e-01 6.423e-02 1.108e-01 1.017e+00 0.000e+00
1.500e-01 5.903e-02 1.097e-01 8.945e-01 0.000e+00
1.579e-01 5.383e-02 1.085e-01 7.780e-01 0.000e+00
1.743e-01 4.506e-02 1.061e-01 5.950e-01 0.000e+00
1.925e-01 3.765e-02 1.035e-01 4.546e-01 0.000e+00
2.000e-01 3.513e-02 1.024e-01 4.100e-01 0.000e+00
2.125e-01 3.146e-02 1.008e-01 3.481e-01 0.000e+00
2.345e-01 2.627e-02 9.797e-02 2.670e-01 0.000e+00
2.589e-01 2.189e-02 9.509e-02 2.049e-01 0.000e+00
2.858e-01 1.823e-02 9.215e-02 1.576e-01 0.000e+00
3.000e-01 1.665e-02 9.069e-02 1.387e-01 0.000e+00
3.155e-01 1.515e-02 8.917e-02 1.216e-01 0.000e+00
3.483e-01 1.258e-02 8.617e-02 9.408e-02 0.000e+00
3.845e-01 1.043e-02 8.317e-02 7.308e-02 0.000e+00
4.000e-01 9.676e-03 8.197e-02 6.614e-02 0.000e+00
4.245e-01 8.639e-03 8.016e-02 5.700e-02 0.000e+00
4.686e-01 7.149e-03 7.718e-02 4.467e-02 0.000e+00
5.000e-01 6.312e-03 7.524e-02 3.817e-02 0.000e+00
5.173e-01 5.911e-03 7.422e-02 3.518e-02 0.000e+00
5.710e-01 4.885e-03 7.128e-02 2.784e-02 0.000e+00
6.000e-01 4.439e-03 6.982e-02 2.481e-02 0.000e+00
6.304e-01 4.033e-03 6.837e-02 2.215e-02 0.000e+00
6.959e-01 3.329e-03 6.550e-02 1.773e-02 0.000e+00
7.682e-01 2.746e-03 6.269e-02 1.427e-02 0.000e+00
8.000e-01 2.537e-03 6.156e-02 1.307e-02 0.000e+00
8.480e-01 2.263e-03 5.996e-02 1.155e-02 0.000e+00
9.361e-01 1.864e-03 5.727e-02 9.397e-03 0.000e+00
1.000e+00 1.638e-03 5.546e-02 8.213e-03 0.000e+00
1.022e+00 1.569e-03 5.486e-02 7.861e-03 0.000e+00
1.033e+00 1.537e-03 5.457e-02 7.694e-03 5.069e-08
1.141e+00 1.264e-03 5.195e-02 6.319e-03 4.381e-05
1.250e+00 1.055e-03 4.964e-02 5.301e-03 2.178e-04
1.259e+00 1.040e-03 4.946e-02 5.229e-03 2.382e-04
1.390e+00 8.555e-04 4.701e-02 4.346e-03 6.181e-04
1.500e+00 7.359e-04 4.515e-02 3.781e-03 1.028e-03
1.535e+00 7.031e-04 4.460e-02 3.626e-03 1.169e-03
1.694e+00 5.786e-04 4.229e-02 3.038e-03 1.852e-03
1.870e+00 4.755e-04 4.005e-02 2.559e-03 2.646e-03
2.000e+00 4.158e-04 3.857e-02 2.288e-03 3.239e-03
2.044e+00 3.981e-04 3.810e-02 2.208e-03 3.440e-03
2.065e+00 3.900e-04 3.788e-02 2.172e-03 3.536e-03
2.279e+00 3.203e-04 3.579e-02 1.851e-03 4.500e-03
2.516e+00 2.631e-04 3.377e-02 1.580e-03 5.535e-03
2.778e+00 2.161e-04 3.182e-02 1.352e-03 6.633e-03
3.000e+00 1.854e-04 3.036e-02 1.201e-03 7.526e-03
3.066e+00 1.776e-04 2.996e-02 1.162e-03 7.784e-03
3.385e+00 1.458e-04 2.817e-02 1.002e-03 8.999e-03
3.737e+00 1.196e-04 2.647e-02 8.685e-04 1.026e-02
4.000e+00 1.044e-04 2.534e-02 7.884e-04 1.116e-02
4.125e+00 9.820e-05 2.484e-02 7.550e-04 1.158e-02
4.554e+00 8.059e-05 2.328e-02 6.579e-04 1.294e-02
5.000e+00 6.688e-05 2.188e-02 5.791e-04 1.426e-02
5.027e+00 6.616e-05 2.180e-02 5.749e-04 1.434e-02
5.549e+00 5.432e-05 2.040e-02 5.038e-04 1.577e-02
6.000e+00 4.647e-05 1.934e-02 4.546e-04 1.694e-02
6.126e+00 4.457e-05 1.907e-02 4.424e-04 1.725e-02
6.762e+00 3.657e-05 1.781e-02 3.895e-04 1.877e-02
7.000e+00 3.413e-05 1.739e-02 3.728e-04 1.931e-02
7.465e+00 3.002e-05 1.662e-02 3.437e-04 2.033e-02
8.000e+00 2.614e-05 1.582e-02 3.153e-04 2.144e-02
8.241e+00 2.464e-05 1.549e-02 3.039e-04 2.193e-02
9.000e+00 2.066e-05 1.455e-02 2.727e-04 2.340e-02
9.097e+00 2.022e-05 1.443e-02 2.692e-04 2.357e-02
1.000e+01 1.673e-05 1.348e-02 2.400e-04 2.517e-02
1.004e+01 1.660e-05 1.344e-02 2.389e-04 2.524e-02
1.100e+01 1.383e-05 1.257e-02 2.142e-04 2.681e-02
1.109e+01 1.361e-05 1.250e-02 2.121e-04 2.696e-02
1.200e+01 1.162e-05 1.179e-02 1.934e-04 2.835e-02
1.224e+01 1.117e-05 1.162e-02 1.889e-04 2.871e-02
1.300e+01 9.903e-06 1.111e-02 1.761e-04 2.977e-02
1.351e+01 9.170e-06 1.079e-02 1.685e-04 3.047e-02
1.400e+01 8.540e-06 1.051e-02 1.617e-04 3.112e-02
1.491e+01 7.528e-06 1.002e-02 1.504e-04 3.223e-02
1.500e+01 7.438e-06 9.976e-03 1.494e-04 3.235e-02
1.600e+01 6.538e-06 9.502e-03 1.388e-04 3.353e-02
1.646e+01 6.178e-06 9.300e-03 1.344e-04 3.403e-02
1.800e+01 5.166e-06 8.683e-03 1.216e-04 3.561e-02
1.818e+01 5.064e-06 8.617e-03 1.202e-04 3.579e-02
2.000e+01 4.183e-06 8.007e-03 1.081e-04 3.749e-02
