# CADMIUM from NIST Database
8.650e+00 0.000e+00 0.000e+00 0.000e+00 0.000e+00
4.800e+01 1.000e+00 3.500e+00 0.000e+00 0.000e+00
0.000e+00 0.000e+00 0.000e+00 0.000e+00 0.000e+00
1.000e-03 7.827e+00 5.379e-03 7.345e+03 0.000e+00
1.020e-03 7.811e+00 5.542e-03 7.022e+03 0.000e+00
1.126e-03 7.727e+00 6.428e-03 5.609e+03 0.000e+00
1.243e-03 7.639e+00 7.439e-03 4.481e+03 0.000e+00
1.372e-03 7.539e+00 8.569e-03 3.580e+03 0.000e+00
1.500e-03 7.436e+00 9.686e-03 2.923e+03 0.000e+00
1.515e-03 7.423e+00 9.815e-03 2.855e+03 0.000e+00
1.672e-03 7.289e+00 1.115e-02 2.253e+03 0.000e+00
1.846e-03 7.135e+00 1.259e-02 1.777e+03 0.000e+00
2.000e-03 6.997e+00 1.385e-02 1.466e+03 0.000e+00
2.038e-03 6.962e+00 1.416e-02 1.399e+03 0.000e+00
2.250e-03 6.772e+00 1.586e-02 1.094e+03 0.000e+00
2.483e-03 6.563e+00 1.769e-02 8.564e+02 0.000e+00
2.741e-03 6.334e+00 1.969e-02 6.698e+02 0.000e+00
3.000e-03 6.107e+00 2.166e-02 5.352e+02 0.000e+00
3.026e-03 6.085e+00 2.186e-02 5.236e+02 0.000e+00
3.341e-03 5.817e+00 2.420e-02 4.069e+02 0.000e+00
3.537e-03 5.657e+00 2.563e-02 3.519e+02 0.000e+00
3.537e-03 5.657e+00 2.563e-02 1.146e+03 0.000e+00
3.688e-03 5.538e+00 2.671e-02 1.034e+03 0.000e+00
3.727e-03 5.507e+00 2.698e-02 1.008e+03 0.000e+00
3.727e-03 5.507e+00 2.698e-02 1.384e+03 0.000e+00
4.000e-03 5.293e+00 2.890e-02 1.164e+03 0.000e+00
4.018e-03 5.279e+00 2.903e-02 1.151e+03 0.000e+00
4.018e-03 5.279e+00 2.903e-02 1.321e+03 0.000e+00
4.071e-03 5.238e+00 2.939e-02 1.278e+03 0.000e+00
4.494e-03 4.931e+00 3.224e-02 9.980e+02 0.000e+00
4.961e-03 4.620e+00 3.530e-02 7.791e+02 0.000e+00
5.000e-03 4.595e+00 3.555e-02 7.639e+02 0.000e+00
5.477e-03 4.304e+00 3.854e-02 6.026e+02 0.000e+00
6.000e-03 4.015e+00 4.170e-02 4.752e+02 0.000e+00
6.046e-03 3.991e+00 4.197e-02 4.657e+02 0.000e+00
6.675e-03 3.684e+00 4.561e-02 3.585e+02 0.000e+00
7.368e-03 3.390e+00 4.944e-02 2.761e+02 0.000e+00
8.000e-03 3.154e+00 5.276e-02 2.222e+02 0.000e+00
8.134e-03 3.108e+00 5.345e-02 2.124e+02 0.000e+00
8.979e-03 2.842e+00 5.757e-02 1.628e+02 0.000e+00
9.912e-03 2.591e+00 6.177e-02 1.247e+02 0.000e+00
1.000e-02 2.569e+00 6.214e-02 1.218e+02 0.000e+00
1.094e-02 2.356e+00 6.596e-02 9.516e+01 0.000e+00
1.208e-02 2.134e+00 7.014e-02 7.249e+01 0.000e+00
1.334e-02 1.923e+00 7.427e-02 5.521e+01 0.000e+00
1.472e-02 1.724e+00 7.827e-02 4.214e+01 0.000e+00
1.500e-02 1.687e+00 7.902e-02 4.001e+01 0.000e+00
1.625e-02 1.534e+00 8.217e-02 3.201e+01 0.000e+00
1.794e-02 1.356e+00 8.594e-02 2.429e+01 0.000e+00
1.980e-02 1.192e+00 8.958e-02 1.845e+01 0.000e+00
2.000e-02 1.176e+00 8.995e-02 1.794e+01 0.000e+00
2.186e-02 1.041e+00 9.311e-02 1.396e+01 0.000e+00
2.413e-02 9.052e-01 9.646e-02 1.056e+01 0.000e+00
2.664e-02 7.852e-01 9.962e-02 7.988e+00 0.000e+00
2.671e-02 7.822e-01 9.970e-02 7.929e+00 0.000e+00
2.671e-02 7.822e-01 9.970e-02 4.976e+01 0.000e+00
2.941e-02 6.804e-01 1.025e-01 3.883e+01 0.000e+00
3.000e-02 6.611e-01 1.031e-01 3.688e+01 0.000e+00
3.247e-02 5.890e-01 1.052e-01 3.001e+01 0.000e+00
3.584e-02 5.091e-01 1.076e-01 2.313e+01 0.000e+00
3.957e-02 4.389e-01 1.097e-01 1.774e+01 0.000e+00
4.000e-02 4.318e-01 1.099e-01 1.723e+01 0.000e+00
4.368e-02 3.774e-01 1.115e-01 1.357e+01 0.000e+00
4.822e-02 3.233e-01 1.131e-01 1.034e+01 0.000e+00
5.000e-02 3.052e-01 1.135e-01 9.359e+00 0.000e+00
5.323e-02 2.759e-01 1.142e-01 7.869e+00 0.000e+00
5.876e-02 2.344e-01 1.151e-01 5.975e+00 0.000e+00
6.000e-02 2.263e-01 1.152e-01 5.636e+00 0.000e+00
6.486e-02 1.985e-01 1.155e-01 4.528e+00 0.000e+00
7.161e-02 1.676e-01 1.156e-01 3.423e+00 0.000e+00
7.905e-02 1.412e-01 1.154e-01 2.584e+00 0.000e+00
8.000e-02 1.383e-01 1.153e-01 2.498e+00 0.000e+00
8.726e-02 1.189e-01 1.148e-01 1.948e+00 0.000e+00
9.633e-02 1.000e-01 1.139e-01 1.467e+00 0.000e+00
1.000e-01 9.364e-02 1.135e-01 1.317e+00 0.000e+00
1.063e-01 8.409e-02 1.127e-01 1.104e+00 0.000e+00
1.174e-01 7.053e-02 1.112e-01 8.285e-01 0.000e+00
1.296e-01 5.914e-02 1.095e-01 6.222e-01 0.000e+00
1.431e-01 4.949e-02 1.076e-01 4.668e-01 0.000e+00
1.500e-01 4.545e-02 1.066e-01 4.073e-01 0.000e+00
1.579e-01 4.140e-02 1.055e-01 3.510e-01 0.000e+00
1.743e-01 3.455e-02 1.032e-01 2.637e-01 0.000e+00
1.925e-01 2.875e-02 1.007e-01 1.980e-01 0.000e+00
2.000e-01 2.678e-02 9.975e-02 1.773e-01 0.000e+00
2.125e-01 2.391e-02 9.816e-02 1.490e-01 0.000e+00
2.345e-01 1.987e-02 9.549e-02 1.124e-01 0.000e+00
2.589e-01 1.647e-02 9.273e-02 8.485e-02 0.000e+00
2.858e-01 1.365e-02 8.990e-02 6.426e-02 0.000e+00
3.000e-01 1.244e-02 8.850e-02 5.614e-02 0.000e+00
3.155e-01 1.130e-02 8.703e-02 4.884e-02 0.000e+00
3.483e-01 9.342e-03 8.413e-02 3.726e-02 0.000e+00
3.845e-01 7.720e-03 8.121e-02 2.854e-02 0.000e+00
4.000e-01 7.152e-03 8.004e-02 2.569e-02 0.000e+00
4.245e-01 6.373e-03 7.827e-02 2.196e-02 0.000e+00
4.686e-01 5.259e-03 7.535e-02 1.700e-02 0.000e+00
5.000e-01 4.634e-03 7.345e-02 1.442e-02 0.000e+00
5.173e-01 4.336e-03 7.246e-02 1.324e-02 0.000e+00
5.710e-01 3.574e-03 6.961e-02 1.038e-02 0.000e+00
6.000e-01 3.244e-03 6.820e-02 9.204e-03 0.000e+00
6.304e-01 2.944e-03 6.679e-02 8.173e-03 0.000e+00
6.959e-01 2.424e-03 6.400e-02 6.478e-03 0.000e+00
7.682e-01 1.995e-03 6.124e-02 5.186e-03 0.000e+00
8.000e-01 1.841e-03 6.011e-02 4.752e-03 0.000e+00
8.480e-01 1.641e-03 5.850e-02 4.208e-03 0.000e+00
9.361e-01 1.349e-03 5.582e-02 3.427e-03 0.000e+00
1.000e+00 1.184e-03 5.411e-02 2.965e-03 0.000e+00
1.022e+00 1.134e-03 5.356e-02 2.822e-03 0.000e+00
1.033e+00 1.110e-03 5.329e-02 2.755e-03 4.057e-08
1.141e+00 9.116e-04 5.075e-02 2.251e-03 3.368e-05
1.250e+00 7.602e-04 4.846e-02 1.903e-03 1.628e-04
1.259e+00 7.494e-04 4.828e-02 1.879e-03 1.776e-04
1.390e+00 6.154e-04 4.587e-02 1.567e-03 4.551e-04
1.500e+00 5.289e-04 4.407e-02 1.364e-03 7.597e-04
1.535e+00 5.051e-04 4.354e-02 1.309e-03 8.676e-04
1.694e+00 4.151e-04 4.128e-02 1.100e-03 1.412e-03
1.870e+00 3.409e-04 3.909e-02 9.292e-04 2.090e-03
2.000e+00 2.981e-04 3.764e-02 8.314e-04 2.622e-03
2.044e+00 2.854e-04 3.718e-02 8.025e-04 2.805e-03
2.065e+00 2.796e-04 3.696e-02 7.893e-04 2.893e-03
2.279e+00 2.296e-04 3.493e-02 6.740e-04 3.794e-03
2.516e+00 1.884e-04 3.295e-02 5.773e-04 4.794e-03
2.778e+00 1.546e-04 3.105e-02 4.963e-04 5.880e-03
3.000e+00 1.326e-04 2.963e-02 4.425e-04 6.776e-03
3.066e+00 1.270e-04 2.924e-02 4.285e-04 7.038e-03
3.385e+00 1.042e-04 2.749e-02 3.713e-04 8.271e-03
3.737e+00 8.555e-05 2.583e-02 3.228e-04 9.570e-03
4.000e+00 7.468e-05 2.472e-02 2.938e-04 1.050e-02
4.125e+00 7.022e-05 2.424e-02 2.816e-04 1.093e-02
4.554e+00 5.761e-05 2.272e-02 2.463e-04 1.235e-02
5.000e+00 4.779e-05 2.135e-02 2.176e-04 1.374e-02
5.027e+00 4.727e-05 2.128e-02 2.161e-04 1.383e-02
5.549e+00 3.880e-05 1.991e-02 1.900e-04 1.533e-02
6.000e+00 3.319e-05 1.887e-02 1.720e-04 1.656e-02
6.126e+00 3.184e-05 1.861e-02 1.675e-04 1.688e-02
6.762e+00 2.613e-05 1.738e-02 1.480e-04 1.849e-02
7.000e+00 2.439e-05 1.697e-02 1.418e-04 1.906e-02
7.465e+00 2.144e-05 1.622e-02 1.310e-04 2.014e-02
8.000e+00 1.867e-05 1.544e-02 1.204e-04 2.133e-02
8.241e+00 1.759e-05 1.512e-02 1.161e-04 2.185e-02
9.000e+00 1.475e-05 1.420e-02 1.045e-04 2.339e-02
9.097e+00 1.444e-05 1.409e-02 1.032e-04 2.357e-02
1.000e+01 1.195e-05 1.315e-02 9.231e-05 2.528e-02
1.004e+01 1.186e-05 1.311e-02 9.187e-05 2.535e-02
1.100e+01 9.879e-06 1.227e-02 8.256e-05 2.701e-02
1.109e+01 9.719e-06 1.220e-02 8.178e-05 2.716e-02
1.200e+01 8.298e-06 1.151e-02 7.468e-05 2.861e-02
1.224e+01 7.976e-06 1.134e-02 7.300e-05 2.898e-02
1.300e+01 7.072e-06 1.084e-02 6.814e-05 3.010e-02
1.351e+01 6.547e-06 1.053e-02 6.525e-05 3.081e-02
1.400e+01 6.097e-06 1.025e-02 6.268e-05 3.147e-02
1.491e+01 5.376e-06 9.778e-03 5.836e-05 3.262e-02
1.500e+01 5.312e-06 9.734e-03 5.797e-05 3.274e-02
1.600e+01 4.668e-06 9.273e-03 5.395e-05 3.391e-02
1.646e+01 4.411e-06 9.076e-03 5.228e-05 3.444e-02
1.800e+01 3.688e-06 8.475e-03 4.735e-05 3.608e-02
1.818e+01 3.616e-06 8.411e-03 4.683e-05 3.626e-02
2.000e+01 2.988e-06 7.816e-03 4.218e-05 3.801e-02
