# CERIUM from NIST Database
6.657e+00 0.000e+00 0.000e+00 0.000e+00 0.000e+00
5.800e+01 1.000e+00 3.500e+00 0.000e+00 0.000e+00
0.000e+00 0.000e+00 0.000e+00 0.000e+00 0.000e+00
1.000e-03 8.987e+00 6.731e-03 9.701e+03 0.000e+00
1.020e-03 8.964e+00 6.908e-03 9.268e+03 0.000e+00
1.126e-03 8.849e+00 7.839e-03 7.380e+03 0.000e+00
1.185e-03 8.789e+00 8.334e-03 6.554e+03 0.000e+00
1.185e-03 8.789e+00 8.334e-03 7.534e+03 0.000e+00
1.243e-03 8.733e+00 8.787e-03 6.797e+03 0.000e+00
1.273e-03 8.703e+00 9.021e-03 6.456e+03 0.000e+00
1.273e-03 8.703e+00 9.021e-03 6.842e+03 0.000e+00
1.372e-03 8.595e+00 9.839e-03 5.831e+03 0.000e+00
1.437e-03 8.523e+00 1.038e-02 5.287e+03 0.000e+00
1.437e-03 8.523e+00 1.038e-02 5.523e+03 0.000e+00
1.500e-03 8.454e+00 1.090e-02 5.024e+03 0.000e+00
1.515e-03 8.438e+00 1.102e-02 4.911e+03 0.000e+00
1.672e-03 8.270e+00 1.229e-02 3.918e+03 0.000e+00
1.846e-03 8.084e+00 1.367e-02 3.123e+03 0.000e+00
2.000e-03 7.921e+00 1.488e-02 2.599e+03 0.000e+00
2.038e-03 7.881e+00 1.518e-02 2.484e+03 0.000e+00
2.250e-03 7.661e+00 1.684e-02 1.957e+03 0.000e+00
2.483e-03 7.423e+00 1.863e-02 1.544e+03 0.000e+00
2.741e-03 7.168e+00 2.059e-02 1.216e+03 0.000e+00
3.000e-03 6.920e+00 2.252e-02 9.787e+02 0.000e+00
3.026e-03 6.895e+00 2.271e-02 9.577e+02 0.000e+00
3.341e-03 6.607e+00 2.499e-02 7.467e+02 0.000e+00
3.688e-03 6.305e+00 2.743e-02 5.825e+02 0.000e+00
4.000e-03 6.047e+00 2.956e-02 4.749e+02 0.000e+00
4.071e-03 5.990e+00 3.003e-02 4.541e+02 0.000e+00
4.494e-03 5.665e+00 3.279e-02 3.528e+02 0.000e+00
4.961e-03 5.338e+00 3.567e-02 2.741e+02 0.000e+00
5.000e-03 5.312e+00 3.591e-02 2.686e+02 0.000e+00
5.477e-03 5.012e+00 3.864e-02 2.122e+02 0.000e+00
5.723e-03 4.865e+00 3.999e-02 1.894e+02 0.000e+00
5.723e-03 4.865e+00 3.999e-02 5.407e+02 0.000e+00
6.000e-03 4.706e+00 4.146e-02 4.861e+02 0.000e+00
6.046e-03 4.681e+00 4.170e-02 4.759e+02 0.000e+00
6.164e-03 4.616e+00 4.231e-02 4.509e+02 0.000e+00
6.164e-03 4.616e+00 4.231e-02 6.142e+02 0.000e+00
6.354e-03 4.515e+00 4.326e-02 5.699e+02 0.000e+00
6.549e-03 4.414e+00 4.423e-02 5.287e+02 0.000e+00
6.549e-03 4.414e+00 4.423e-02 6.103e+02 0.000e+00
6.675e-03 4.351e+00 4.484e-02 5.818e+02 0.000e+00
7.368e-03 4.027e+00 4.801e-02 4.541e+02 0.000e+00
8.000e-03 3.762e+00 5.072e-02 3.694e+02 0.000e+00
8.134e-03 3.709e+00 5.127e-02 3.536e+02 0.000e+00
8.979e-03 3.398e+00 5.464e-02 2.724e+02 0.000e+00
9.912e-03 3.097e+00 5.813e-02 2.099e+02 0.000e+00
1.000e-02 3.071e+00 5.845e-02 2.051e+02 0.000e+00
1.094e-02 2.811e+00 6.175e-02 1.613e+02 0.000e+00
1.208e-02 2.540e+00 6.547e-02 1.237e+02 0.000e+00
1.334e-02 2.288e+00 6.926e-02 9.487e+01 0.000e+00
1.472e-02 2.057e+00 7.303e-02 7.291e+01 0.000e+00
1.500e-02 2.015e+00 7.375e-02 6.933e+01 0.000e+00
1.625e-02 1.845e+00 7.678e-02 5.571e+01 0.000e+00
1.794e-02 1.649e+00 8.045e-02 4.251e+01 0.000e+00
1.980e-02 1.467e+00 8.398e-02 3.247e+01 0.000e+00
2.000e-02 1.449e+00 8.433e-02 3.159e+01 0.000e+00
2.186e-02 1.297e+00 8.735e-02 2.468e+01 0.000e+00
2.413e-02 1.139e+00 9.054e-02 1.876e+01 0.000e+00
2.664e-02 9.951e-01 9.352e-02 1.425e+01 0.000e+00
2.941e-02 8.648e-01 9.627e-02 1.083e+01 0.000e+00
3.000e-02 8.403e-01 9.679e-02 1.025e+01 0.000e+00
3.247e-02 7.481e-01 9.878e-02 8.206e+00 0.000e+00
3.584e-02 6.453e-01 1.010e-01 6.216e+00 0.000e+00
3.957e-02 5.557e-01 1.031e-01 4.705e+00 0.000e+00
4.000e-02 5.467e-01 1.033e-01 4.564e+00 0.000e+00
4.044e-02 5.377e-01 1.035e-01 4.427e+00 0.000e+00
4.044e-02 5.377e-01 1.035e-01 2.571e+01 0.000e+00
4.368e-02 4.784e-01 1.049e-01 2.100e+01 0.000e+00
4.822e-02 4.113e-01 1.064e-01 1.619e+01 0.000e+00
5.000e-02 3.889e-01 1.069e-01 1.471e+01 0.000e+00
5.323e-02 3.528e-01 1.076e-01 1.246e+01 0.000e+00
5.876e-02 3.018e-01 1.085e-01 9.570e+00 0.000e+00
6.000e-02 2.918e-01 1.087e-01 9.047e+00 0.000e+00
6.486e-02 2.572e-01 1.091e-01 7.328e+00 0.000e+00
7.161e-02 2.182e-01 1.094e-01 5.590e+00 0.000e+00
7.905e-02 1.846e-01 1.094e-01 4.257e+00 0.000e+00
8.000e-02 1.809e-01 1.094e-01 4.119e+00 0.000e+00
8.726e-02 1.558e-01 1.091e-01 3.237e+00 0.000e+00
9.633e-02 1.311e-01 1.084e-01 2.458e+00 0.000e+00
1.000e-01 1.228e-01 1.081e-01 2.214e+00 0.000e+00
1.063e-01 1.103e-01 1.075e-01 1.866e+00 0.000e+00
1.174e-01 9.255e-02 1.062e-01 1.412e+00 0.000e+00
1.296e-01 7.765e-02 1.047e-01 1.068e+00 0.000e+00
1.431e-01 6.505e-02 1.030e-01 8.077e-01 0.000e+00
1.500e-01 5.979e-02 1.021e-01 7.070e-01 0.000e+00
1.579e-01 5.451e-02 1.011e-01 6.115e-01 0.000e+00
1.743e-01 4.560e-02 9.896e-02 4.626e-01 0.000e+00
1.925e-01 3.805e-02 9.671e-02 3.496e-01 0.000e+00
2.000e-01 3.548e-02 9.580e-02 3.139e-01 0.000e+00
2.125e-01 3.173e-02 9.433e-02 2.648e-01 0.000e+00
2.345e-01 2.643e-02 9.185e-02 2.010e-01 0.000e+00
2.589e-01 2.197e-02 8.926e-02 1.528e-01 0.000e+00
2.858e-01 1.823e-02 8.660e-02 1.164e-01 0.000e+00
3.000e-01 1.663e-02 8.527e-02 1.020e-01 0.000e+00
3.155e-01 1.512e-02 8.388e-02 8.898e-02 0.000e+00
3.483e-01 1.252e-02 8.112e-02 6.825e-02 0.000e+00
3.845e-01 1.035e-02 7.834e-02 5.256e-02 0.000e+00
4.000e-01 9.597e-03 7.723e-02 4.741e-02 0.000e+00
4.245e-01 8.560e-03 7.557e-02 4.065e-02 0.000e+00
4.686e-01 7.072e-03 7.281e-02 3.160e-02 0.000e+00
5.000e-01 6.236e-03 7.100e-02 2.687e-02 0.000e+00
5.173e-01 5.837e-03 7.005e-02 2.470e-02 0.000e+00
5.710e-01 4.815e-03 6.730e-02 1.943e-02 0.000e+00
6.000e-01 4.371e-03 6.593e-02 1.727e-02 0.000e+00
6.304e-01 3.969e-03 6.458e-02 1.537e-02 0.000e+00
6.959e-01 3.271e-03 6.190e-02 1.224e-02 0.000e+00
7.682e-01 2.695e-03 5.924e-02 9.814e-03 0.000e+00
8.000e-01 2.489e-03 5.815e-02 8.979e-03 0.000e+00
8.480e-01 2.219e-03 5.659e-02 7.915e-03 0.000e+00
9.361e-01 1.826e-03 5.402e-02 6.426e-03 0.000e+00
1.000e+00 1.603e-03 5.239e-02 5.613e-03 0.000e+00
1.022e+00 1.536e-03 5.188e-02 5.372e-03 0.000e+00
1.033e+00 1.504e-03 5.162e-02 5.258e-03 5.396e-08
1.141e+00 1.235e-03 4.918e-02 4.318e-03 4.497e-05
1.250e+00 1.031e-03 4.693e-02 3.622e-03 2.177e-04
1.259e+00 1.016e-03 4.676e-02 3.573e-03 2.376e-04
1.390e+00 8.350e-04 4.443e-02 2.973e-03 6.066e-04
1.500e+00 7.178e-04 4.270e-02 2.590e-03 1.006e-03
1.535e+00 6.856e-04 4.218e-02 2.485e-03 1.145e-03
1.694e+00 5.634e-04 4.000e-02 2.089e-03 1.836e-03
1.870e+00 4.626e-04 3.788e-02 1.762e-03 2.672e-03
2.000e+00 4.047e-04 3.647e-02 1.574e-03 3.315e-03
2.044e+00 3.876e-04 3.603e-02 1.518e-03 3.536e-03
2.065e+00 3.798e-04 3.582e-02 1.493e-03 3.641e-03
2.279e+00 3.120e-04 3.384e-02 1.272e-03 4.715e-03
2.516e+00 2.561e-04 3.193e-02 1.088e-03 5.889e-03
2.778e+00 2.102e-04 3.010e-02 9.341e-04 7.151e-03
3.000e+00 1.803e-04 2.872e-02 8.321e-04 8.185e-03
3.066e+00 1.726e-04 2.834e-02 8.056e-04 8.486e-03
3.385e+00 1.416e-04 2.665e-02 6.969e-04 9.897e-03
3.737e+00 1.163e-04 2.503e-02 6.048e-04 1.137e-02
4.000e+00 1.015e-04 2.397e-02 5.497e-04 1.243e-02
4.125e+00 9.542e-05 2.349e-02 5.267e-04 1.292e-02
4.554e+00 7.828e-05 2.202e-02 4.600e-04 1.453e-02
5.000e+00 6.494e-05 2.070e-02 4.058e-04 1.609e-02
5.027e+00 6.425e-05 2.062e-02 4.029e-04 1.618e-02
5.549e+00 5.275e-05 1.930e-02 3.538e-04 1.789e-02
6.000e+00 4.513e-05 1.830e-02 3.198e-04 1.926e-02
6.126e+00 4.329e-05 1.804e-02 3.114e-04 1.963e-02
6.762e+00 3.553e-05 1.685e-02 2.747e-04 2.143e-02
7.000e+00 3.315e-05 1.645e-02 2.630e-04 2.207e-02
7.465e+00 2.915e-05 1.572e-02 2.428e-04 2.328e-02
8.000e+00 2.538e-05 1.497e-02 2.230e-04 2.460e-02
8.241e+00 2.392e-05 1.466e-02 2.150e-04 2.517e-02
9.000e+00 2.005e-05 1.376e-02 1.933e-04 2.689e-02
9.097e+00 1.963e-05 1.366e-02 1.908e-04 2.710e-02
1.000e+01 1.625e-05 1.275e-02 1.705e-04 2.900e-02
1.004e+01 1.612e-05 1.272e-02 1.697e-04 2.908e-02
1.100e+01 1.343e-05 1.189e-02 1.524e-04 3.094e-02
1.109e+01 1.321e-05 1.182e-02 1.509e-04 3.112e-02
1.200e+01 1.128e-05 1.115e-02 1.377e-04 3.275e-02
1.224e+01 1.084e-05 1.099e-02 1.345e-04 3.317e-02
1.300e+01 9.615e-06 1.051e-02 1.255e-04 3.443e-02
1.351e+01 8.903e-06 1.021e-02 1.201e-04 3.525e-02
1.400e+01 8.291e-06 9.941e-03 1.154e-04 3.599e-02
1.491e+01 7.308e-06 9.481e-03 1.074e-04 3.732e-02
1.500e+01 7.221e-06 9.438e-03 1.067e-04 3.744e-02
1.600e+01 6.348e-06 8.987e-03 9.920e-05 3.878e-02
1.646e+01 5.999e-06 8.795e-03 9.610e-05 3.936e-02
1.800e+01 5.016e-06 8.213e-03 8.699e-05 4.121e-02
1.818e+01 4.917e-06 8.151e-03 8.603e-05 4.141e-02
2.000e+01 4.062e-06 7.573e-03 7.741e-05 4.338e-02
