# CELLULOSE ACETATE BUTYRATE from NIST Database
1.200e+00 0.000e+00 0.000e+00 0.000e+00 0.000e+00
1.000e+00 6.659e-02 3.500e+00 0.000e+00 0.000e+00
6.000e+00 4.541e-02 3.500e+00 0.000e+00 0.000e+00
8.000e+00 2.422e-02 3.500e+00 0.000e+00 0.000e+00
0.000e+00 0.000e+00 0.000e+00 0.000e+00 0.000e+00
1.000e-03 1.194e+00 1.357e-02 2.983e+03 0.000e+00
1.020e-03 1.189e+00 1.405e-02 2.827e+03 0.000e+00
1.126e-03 1.165e+00 1.670e-02 2.160e+03 0.000e+00
1.243e-03 1.140e+00 1.982e-02 1.649e+03 0.000e+00
1.372e-03 1.111e+00 2.343e-02 1.257e+03 0.000e+00
1.500e-03 1.082e+00 2.714e-02 9.812e+02 0.000e+00
1.515e-03 1.079e+00 2.758e-02 9.542e+02 0.000e+00
1.672e-03 1.041e+00 3.223e-02 7.229e+02 0.000e+00
1.846e-03 9.979e-01 3.743e-02 5.454e+02 0.000e+00
2.000e-03 9.597e-01 4.203e-02 4.334e+02 0.000e+00
2.038e-03 9.504e-01 4.316e-02 4.105e+02 0.000e+00
2.250e-03 8.989e-01 4.940e-02 3.083e+02 0.000e+00
2.483e-03 8.445e-01 5.609e-02 2.314e+02 0.000e+00
2.741e-03 7.873e-01 6.321e-02 1.731e+02 0.000e+00
3.000e-03 7.336e-01 6.999e-02 1.326e+02 0.000e+00
3.026e-03 7.284e-01 7.065e-02 1.293e+02 0.000e+00
3.341e-03 6.687e-01 7.830e-02 9.627e+01 0.000e+00
3.688e-03 6.096e-01 8.602e-02 7.161e+01 0.000e+00
4.000e-03 5.621e-01 9.233e-02 5.607e+01 0.000e+00
4.071e-03 5.519e-01 9.369e-02 5.317e+01 0.000e+00
4.494e-03 4.968e-01 1.012e-01 3.941e+01 0.000e+00
4.961e-03 4.449e-01 1.084e-01 2.916e+01 0.000e+00
5.000e-03 4.409e-01 1.089e-01 2.847e+01 0.000e+00
5.477e-03 3.968e-01 1.152e-01 2.153e+01 0.000e+00
6.000e-03 3.561e-01 1.212e-01 1.625e+01 0.000e+00
6.046e-03 3.528e-01 1.216e-01 1.587e+01 0.000e+00
6.675e-03 3.130e-01 1.276e-01 1.168e+01 0.000e+00
7.368e-03 2.772e-01 1.332e-01 8.589e+00 0.000e+00
8.000e-03 2.503e-01 1.375e-01 6.641e+00 0.000e+00
8.134e-03 2.452e-01 1.383e-01 6.304e+00 0.000e+00
8.979e-03 2.168e-01 1.431e-01 4.621e+00 0.000e+00
9.912e-03 1.915e-01 1.476e-01 3.383e+00 0.000e+00
1.000e-02 1.894e-01 1.479e-01 3.289e+00 0.000e+00
1.094e-02 1.691e-01 1.517e-01 2.474e+00 0.000e+00
1.208e-02 1.489e-01 1.556e-01 1.805e+00 0.000e+00
1.334e-02 1.308e-01 1.592e-01 1.314e+00 0.000e+00
1.472e-02 1.146e-01 1.626e-01 9.584e-01 0.000e+00
1.500e-02 1.117e-01 1.632e-01 9.021e-01 0.000e+00
1.625e-02 1.000e-01 1.656e-01 6.971e-01 0.000e+00
1.794e-02 8.693e-02 1.684e-01 5.064e-01 0.000e+00
1.980e-02 7.521e-02 1.708e-01 3.678e-01 0.000e+00
2.000e-02 7.409e-02 1.710e-01 3.560e-01 0.000e+00
2.186e-02 6.473e-02 1.728e-01 2.666e-01 0.000e+00
2.413e-02 5.546e-02 1.744e-01 1.932e-01 0.000e+00
2.664e-02 4.731e-02 1.756e-01 1.398e-01 0.000e+00
2.941e-02 4.020e-02 1.764e-01 1.011e-01 0.000e+00
3.000e-02 3.889e-02 1.765e-01 9.471e-02 0.000e+00
3.247e-02 3.403e-02 1.768e-01 7.303e-02 0.000e+00
3.584e-02 2.873e-02 1.767e-01 5.277e-02 0.000e+00
3.957e-02 2.418e-02 1.762e-01 3.808e-02 0.000e+00
4.000e-02 2.373e-02 1.762e-01 3.674e-02 0.000e+00
4.368e-02 2.031e-02 1.754e-01 2.748e-02 0.000e+00
4.822e-02 1.702e-02 1.742e-01 1.981e-02 0.000e+00
5.000e-02 1.594e-02 1.737e-01 1.757e-02 0.000e+00
5.323e-02 1.423e-02 1.727e-01 1.428e-02 0.000e+00
5.876e-02 1.188e-02 1.708e-01 1.029e-02 0.000e+00
6.000e-02 1.144e-02 1.704e-01 9.605e-03 0.000e+00
6.486e-02 9.903e-03 1.687e-01 7.419e-03 0.000e+00
7.161e-02 8.234e-03 1.662e-01 5.343e-03 0.000e+00
7.905e-02 6.837e-03 1.636e-01 3.850e-03 0.000e+00
8.000e-02 6.685e-03 1.632e-01 3.701e-03 0.000e+00
8.726e-02 5.669e-03 1.606e-01 2.775e-03 0.000e+00
9.633e-02 4.692e-03 1.575e-01 2.000e-03 0.000e+00
1.000e-01 4.367e-03 1.563e-01 1.768e-03 0.000e+00
1.063e-01 3.883e-03 1.542e-01 1.445e-03 0.000e+00
1.174e-01 3.204e-03 1.507e-01 1.041e-03 0.000e+00
1.296e-01 2.644e-03 1.471e-01 7.525e-04 0.000e+00
1.431e-01 2.178e-03 1.433e-01 5.439e-04 0.000e+00
1.500e-01 1.986e-03 1.415e-01 4.664e-04 0.000e+00
1.579e-01 1.796e-03 1.395e-01 3.946e-04 0.000e+00
1.743e-01 1.479e-03 1.356e-01 2.864e-04 0.000e+00
1.925e-01 1.216e-03 1.315e-01 2.079e-04 0.000e+00
2.000e-01 1.127e-03 1.300e-01 1.840e-04 0.000e+00
2.125e-01 9.997e-04 1.275e-01 1.516e-04 0.000e+00
2.345e-01 8.225e-04 1.234e-01 1.110e-04 0.000e+00
2.589e-01 6.758e-04 1.193e-01 8.151e-05 0.000e+00
2.858e-01 5.553e-04 1.152e-01 6.011e-05 0.000e+00
3.000e-01 5.043e-04 1.132e-01 5.186e-05 0.000e+00
3.155e-01 4.562e-04 1.112e-01 4.454e-05 0.000e+00
3.483e-01 3.746e-04 1.071e-01 3.317e-05 0.000e+00
3.845e-01 3.076e-04 1.031e-01 2.485e-05 0.000e+00
4.000e-01 2.843e-04 1.015e-01 2.218e-05 0.000e+00
4.245e-01 2.525e-04 9.917e-02 1.873e-05 0.000e+00
4.686e-01 2.073e-04 9.529e-02 1.423e-05 0.000e+00
5.000e-01 1.822e-04 9.277e-02 1.195e-05 0.000e+00
5.173e-01 1.702e-04 9.145e-02 1.092e-05 0.000e+00
5.710e-01 1.398e-04 8.768e-02 8.455e-06 0.000e+00
6.000e-01 1.266e-04 8.582e-02 7.437e-06 0.000e+00
6.304e-01 1.147e-04 8.398e-02 6.539e-06 0.000e+00
6.959e-01 9.414e-05 8.037e-02 5.087e-06 0.000e+00
7.682e-01 7.726e-05 7.684e-02 4.063e-06 0.000e+00
8.000e-01 7.124e-05 7.540e-02 3.753e-06 0.000e+00
8.480e-01 6.340e-05 7.337e-02 3.390e-06 0.000e+00
9.361e-01 5.203e-05 7.000e-02 2.804e-06 0.000e+00
1.000e+00 4.561e-05 6.781e-02 2.333e-06 0.000e+00
1.022e+00 4.367e-05 6.711e-02 2.167e-06 0.000e+00
1.033e+00 4.275e-05 6.676e-02 2.095e-06 3.053e-09
1.141e+00 3.505e-05 6.354e-02 1.681e-06 2.899e-06
1.250e+00 2.920e-05 6.064e-02 1.471e-06 1.569e-05
1.259e+00 2.878e-05 6.042e-02 1.455e-06 1.726e-05
1.390e+00 2.361e-05 5.738e-02 1.228e-06 4.891e-05
1.500e+00 2.027e-05 5.512e-02 1.068e-06 8.691e-05
1.535e+00 1.936e-05 5.445e-02 1.025e-06 1.009e-04
1.694e+00 1.590e-05 5.162e-02 8.693e-07 1.741e-04
1.870e+00 1.305e-05 4.887e-02 7.449e-07 2.693e-04
2.000e+00 1.141e-05 4.704e-02 6.723e-07 3.462e-04
2.044e+00 1.092e-05 4.645e-02 6.504e-07 3.732e-04
2.065e+00 1.070e-05 4.618e-02 6.404e-07 3.862e-04
2.279e+00 8.780e-06 4.361e-02 5.530e-07 5.222e-04
2.516e+00 7.205e-06 4.114e-02 4.796e-07 6.782e-04
2.778e+00 5.911e-06 3.877e-02 4.177e-07 8.539e-04
3.000e+00 5.070e-06 3.700e-02 3.761e-07 1.004e-03
3.066e+00 4.854e-06 3.651e-02 3.653e-07 1.048e-03
3.385e+00 3.983e-06 3.433e-02 3.203e-07 1.261e-03
3.737e+00 3.268e-06 3.225e-02 2.818e-07 1.493e-03
4.000e+00 2.852e-06 3.087e-02 2.584e-07 1.661e-03
4.125e+00 2.682e-06 3.026e-02 2.486e-07 1.739e-03
4.554e+00 2.200e-06 2.836e-02 2.198e-07 2.001e-03
5.000e+00 1.825e-06 2.666e-02 1.960e-07 2.262e-03
5.027e+00 1.805e-06 2.656e-02 1.947e-07 2.278e-03
5.549e+00 1.482e-06 2.485e-02 1.729e-07 2.571e-03
6.000e+00 1.267e-06 2.356e-02 1.576e-07 2.813e-03
6.126e+00 1.216e-06 2.323e-02 1.538e-07 2.879e-03
6.762e+00 9.978e-07 2.169e-02 1.371e-07 3.196e-03
7.000e+00 9.311e-07 2.118e-02 1.317e-07 3.310e-03
7.465e+00 8.188e-07 2.024e-02 1.224e-07 3.525e-03
8.000e+00 7.130e-07 1.927e-02 1.131e-07 3.761e-03
8.241e+00 6.719e-07 1.887e-02 1.093e-07 3.864e-03
9.000e+00 5.634e-07 1.772e-02 9.902e-08 4.174e-03
9.097e+00 5.514e-07 1.758e-02 9.784e-08 4.212e-03
1.000e+01 4.563e-07 1.641e-02 8.806e-08 4.550e-03
1.004e+01 4.527e-07 1.637e-02 8.767e-08 4.565e-03
1.100e+01 3.771e-07 1.531e-02 7.926e-08 4.896e-03
1.109e+01 3.710e-07 1.522e-02 7.856e-08 4.926e-03
1.200e+01 3.168e-07 1.436e-02 7.206e-08 5.214e-03
1.224e+01 3.046e-07 1.415e-02 7.052e-08 5.287e-03
1.300e+01 2.700e-07 1.352e-02 6.605e-08 5.511e-03
1.351e+01 2.500e-07 1.314e-02 6.335e-08 5.655e-03
1.400e+01 2.328e-07 1.280e-02 6.096e-08 5.789e-03
1.491e+01 2.053e-07 1.220e-02 5.697e-08 6.025e-03
1.500e+01 2.028e-07 1.215e-02 5.660e-08 6.047e-03
1.600e+01 1.782e-07 1.157e-02 5.282e-08 6.294e-03
1.646e+01 1.684e-07 1.132e-02 5.125e-08 6.402e-03
1.800e+01 1.408e-07 1.057e-02 4.660e-08 6.743e-03
1.818e+01 1.380e-07 1.049e-02 4.611e-08 6.781e-03
2.000e+01 1.141e-07 9.749e-03 4.168e-08 7.147e-03
