# CELLULOSE ACETATE, CELLOPHANE from NIST Database
1.420e+00 0.000e+00 0.000e+00 0.000e+00 0.000e+00
1.000e+00 6.167e-02 3.500e+00 0.000e+00 0.000e+00
6.000e+00 3.701e-02 3.500e+00 0.000e+00 0.000e+00
8.000e+00 3.084e-02 3.500e+00 0.000e+00 0.000e+00
0.000e+00 0.000e+00 0.000e+00 0.000e+00 0.000e+00
1.000e-03 1.242e+00 1.294e-02 3.246e+03 0.000e+00
1.020e-03 1.237e+00 1.340e-02 3.077e+03 0.000e+00
1.126e-03 1.214e+00 1.595e-02 2.355e+03 0.000e+00
1.243e-03 1.189e+00 1.895e-02 1.801e+03 0.000e+00
1.372e-03 1.161e+00 2.242e-02 1.375e+03 0.000e+00
1.500e-03 1.131e+00 2.600e-02 1.074e+03 0.000e+00
1.515e-03 1.128e+00 2.642e-02 1.045e+03 0.000e+00
1.672e-03 1.090e+00 3.091e-02 7.929e+02 0.000e+00
1.846e-03 1.047e+00 3.594e-02 5.989e+02 0.000e+00
2.000e-03 1.008e+00 4.041e-02 4.764e+02 0.000e+00
2.038e-03 9.988e-01 4.151e-02 4.513e+02 0.000e+00
2.250e-03 9.467e-01 4.759e-02 3.394e+02 0.000e+00
2.483e-03 8.911e-01 5.413e-02 2.550e+02 0.000e+00
2.741e-03 8.325e-01 6.111e-02 1.910e+02 0.000e+00
3.000e-03 7.771e-01 6.778e-02 1.464e+02 0.000e+00
3.026e-03 7.718e-01 6.843e-02 1.427e+02 0.000e+00
3.341e-03 7.097e-01 7.599e-02 1.064e+02 0.000e+00
3.688e-03 6.479e-01 8.365e-02 7.923e+01 0.000e+00
4.000e-03 5.980e-01 8.994e-02 6.209e+01 0.000e+00
4.071e-03 5.873e-01 9.129e-02 5.889e+01 0.000e+00
4.494e-03 5.290e-01 9.880e-02 4.368e+01 0.000e+00
4.961e-03 4.739e-01 1.061e-01 3.234e+01 0.000e+00
5.000e-03 4.697e-01 1.066e-01 3.158e+01 0.000e+00
5.477e-03 4.226e-01 1.130e-01 2.390e+01 0.000e+00
6.000e-03 3.791e-01 1.190e-01 1.806e+01 0.000e+00
6.046e-03 3.756e-01 1.195e-01 1.764e+01 0.000e+00
6.675e-03 3.328e-01 1.256e-01 1.299e+01 0.000e+00
7.368e-03 2.944e-01 1.312e-01 9.559e+00 0.000e+00
8.000e-03 2.655e-01 1.356e-01 7.395e+00 0.000e+00
8.134e-03 2.600e-01 1.365e-01 7.021e+00 0.000e+00
8.979e-03 2.295e-01 1.413e-01 5.151e+00 0.000e+00
9.912e-03 2.024e-01 1.458e-01 3.773e+00 0.000e+00
1.000e-02 2.001e-01 1.462e-01 3.669e+00 0.000e+00
1.094e-02 1.783e-01 1.500e-01 2.762e+00 0.000e+00
1.208e-02 1.569e-01 1.539e-01 2.016e+00 0.000e+00
1.334e-02 1.377e-01 1.576e-01 1.469e+00 0.000e+00
1.472e-02 1.206e-01 1.609e-01 1.072e+00 0.000e+00
1.500e-02 1.175e-01 1.615e-01 1.009e+00 0.000e+00
1.625e-02 1.052e-01 1.640e-01 7.801e-01 0.000e+00
1.794e-02 9.146e-02 1.668e-01 5.670e-01 0.000e+00
1.980e-02 7.917e-02 1.692e-01 4.121e-01 0.000e+00
2.000e-02 7.799e-02 1.694e-01 3.989e-01 0.000e+00
2.186e-02 6.817e-02 1.713e-01 2.989e-01 0.000e+00
2.413e-02 5.845e-02 1.729e-01 2.167e-01 0.000e+00
2.664e-02 4.989e-02 1.742e-01 1.569e-01 0.000e+00
2.941e-02 4.241e-02 1.750e-01 1.135e-01 0.000e+00
3.000e-02 4.103e-02 1.751e-01 1.063e-01 0.000e+00
3.247e-02 3.592e-02 1.754e-01 8.202e-02 0.000e+00
3.584e-02 3.033e-02 1.754e-01 5.929e-02 0.000e+00
3.957e-02 2.554e-02 1.750e-01 4.280e-02 0.000e+00
4.000e-02 2.506e-02 1.750e-01 4.130e-02 0.000e+00
4.368e-02 2.145e-02 1.743e-01 3.090e-02 0.000e+00
4.822e-02 1.798e-02 1.731e-01 2.229e-02 0.000e+00
5.000e-02 1.685e-02 1.726e-01 1.977e-02 0.000e+00
5.323e-02 1.505e-02 1.716e-01 1.607e-02 0.000e+00
5.876e-02 1.256e-02 1.698e-01 1.159e-02 0.000e+00
6.000e-02 1.209e-02 1.694e-01 1.081e-02 0.000e+00
6.486e-02 1.047e-02 1.677e-01 8.354e-03 0.000e+00
7.161e-02 8.711e-03 1.653e-01 6.018e-03 0.000e+00
7.905e-02 7.235e-03 1.627e-01 4.338e-03 0.000e+00
8.000e-02 7.074e-03 1.623e-01 4.170e-03 0.000e+00
8.726e-02 6.000e-03 1.598e-01 3.128e-03 0.000e+00
9.633e-02 4.969e-03 1.567e-01 2.255e-03 0.000e+00
1.000e-01 4.625e-03 1.555e-01 1.993e-03 0.000e+00
1.063e-01 4.112e-03 1.535e-01 1.629e-03 0.000e+00
1.174e-01 3.394e-03 1.500e-01 1.175e-03 0.000e+00
1.296e-01 2.801e-03 1.464e-01 8.488e-04 0.000e+00
1.431e-01 2.309e-03 1.427e-01 6.137e-04 0.000e+00
1.500e-01 2.105e-03 1.408e-01 5.262e-04 0.000e+00
1.579e-01 1.904e-03 1.388e-01 4.452e-04 0.000e+00
1.743e-01 1.568e-03 1.349e-01 3.232e-04 0.000e+00
1.925e-01 1.289e-03 1.309e-01 2.347e-04 0.000e+00
2.000e-01 1.195e-03 1.294e-01 2.077e-04 0.000e+00
2.125e-01 1.060e-03 1.269e-01 1.712e-04 0.000e+00
2.345e-01 8.721e-04 1.228e-01 1.254e-04 0.000e+00
2.589e-01 7.167e-04 1.188e-01 9.205e-05 0.000e+00
2.858e-01 5.889e-04 1.147e-01 6.790e-05 0.000e+00
3.000e-01 5.348e-04 1.127e-01 5.858e-05 0.000e+00
3.155e-01 4.838e-04 1.107e-01 5.031e-05 0.000e+00
3.483e-01 3.973e-04 1.066e-01 3.748e-05 0.000e+00
3.845e-01 3.263e-04 1.026e-01 2.808e-05 0.000e+00
4.000e-01 3.016e-04 1.011e-01 2.506e-05 0.000e+00
4.245e-01 2.678e-04 9.872e-02 2.116e-05 0.000e+00
4.686e-01 2.199e-04 9.485e-02 1.608e-05 0.000e+00
5.000e-01 1.932e-04 9.234e-02 1.350e-05 0.000e+00
5.173e-01 1.805e-04 9.104e-02 1.234e-05 0.000e+00
5.710e-01 1.482e-04 8.728e-02 9.556e-06 0.000e+00
6.000e-01 1.343e-04 8.543e-02 8.407e-06 0.000e+00
6.304e-01 1.217e-04 8.360e-02 7.393e-06 0.000e+00
6.959e-01 9.986e-05 8.001e-02 5.754e-06 0.000e+00
7.682e-01 8.196e-05 7.649e-02 4.595e-06 0.000e+00
8.000e-01 7.557e-05 7.507e-02 4.242e-06 0.000e+00
8.480e-01 6.726e-05 7.304e-02 3.829e-06 0.000e+00
9.361e-01 5.519e-05 6.969e-02 3.165e-06 0.000e+00
1.000e+00 4.838e-05 6.751e-02 2.637e-06 0.000e+00
1.022e+00 4.632e-05 6.681e-02 2.452e-06 0.000e+00
1.033e+00 4.535e-05 6.646e-02 2.371e-06 3.169e-09
1.141e+00 3.718e-05 6.325e-02 1.904e-06 3.008e-06
1.250e+00 3.097e-05 6.037e-02 1.665e-06 1.627e-05
1.259e+00 3.053e-05 6.015e-02 1.647e-06 1.790e-05
1.390e+00 2.505e-05 5.712e-02 1.389e-06 5.070e-05
1.500e+00 2.151e-05 5.487e-02 1.208e-06 9.008e-05
1.535e+00 2.054e-05 5.420e-02 1.160e-06 1.046e-04
1.694e+00 1.687e-05 5.139e-02 9.835e-07 1.804e-04
1.870e+00 1.384e-05 4.866e-02 8.426e-07 2.791e-04
2.000e+00 1.210e-05 4.683e-02 7.604e-07 3.588e-04
2.044e+00 1.158e-05 4.624e-02 7.356e-07 3.867e-04
2.065e+00 1.135e-05 4.597e-02 7.243e-07 4.001e-04
2.279e+00 9.314e-06 4.340e-02 6.254e-07 5.410e-04
2.516e+00 7.643e-06 4.095e-02 5.423e-07 7.025e-04
2.778e+00 6.271e-06 3.860e-02 4.723e-07 8.843e-04
3.000e+00 5.378e-06 3.684e-02 4.252e-07 1.039e-03
3.066e+00 5.149e-06 3.635e-02 4.130e-07 1.085e-03
3.385e+00 4.225e-06 3.418e-02 3.621e-07 1.306e-03
3.737e+00 3.466e-06 3.210e-02 3.185e-07 1.545e-03
4.000e+00 3.025e-06 3.073e-02 2.921e-07 1.718e-03
4.125e+00 2.845e-06 3.012e-02 2.809e-07 1.799e-03
4.554e+00 2.334e-06 2.823e-02 2.484e-07 2.069e-03
5.000e+00 1.936e-06 2.654e-02 2.215e-07 2.339e-03
5.027e+00 1.915e-06 2.644e-02 2.201e-07 2.355e-03
5.549e+00 1.572e-06 2.474e-02 1.954e-07 2.658e-03
6.000e+00 1.344e-06 2.345e-02 1.781e-07 2.907e-03
6.126e+00 1.290e-06 2.312e-02 1.738e-07 2.974e-03
6.762e+00 1.058e-06 2.160e-02 1.549e-07 3.302e-03
7.000e+00 9.877e-07 2.108e-02 1.489e-07 3.419e-03
7.465e+00 8.685e-07 2.015e-02 1.382e-07 3.640e-03
8.000e+00 7.563e-07 1.919e-02 1.277e-07 3.884e-03
8.241e+00 7.127e-07 1.878e-02 1.235e-07 3.989e-03
9.000e+00 5.976e-07 1.764e-02 1.119e-07 4.310e-03
9.097e+00 5.849e-07 1.750e-02 1.105e-07 4.349e-03
1.000e+01 4.840e-07 1.634e-02 9.948e-08 4.697e-03
1.004e+01 4.802e-07 1.629e-02 9.904e-08 4.712e-03
1.100e+01 4.000e-07 1.524e-02 8.954e-08 5.053e-03
1.109e+01 3.935e-07 1.515e-02 8.875e-08 5.083e-03
1.200e+01 3.361e-07 1.429e-02 8.140e-08 5.380e-03
1.224e+01 3.231e-07 1.408e-02 7.966e-08 5.455e-03
1.300e+01 2.864e-07 1.346e-02 7.461e-08 5.686e-03
1.351e+01 2.652e-07 1.308e-02 7.156e-08 5.834e-03
1.400e+01 2.469e-07 1.274e-02 6.886e-08 5.971e-03
1.491e+01 2.177e-07 1.215e-02 6.435e-08 6.214e-03
1.500e+01 2.151e-07 1.209e-02 6.394e-08 6.237e-03
1.600e+01 1.891e-07 1.152e-02 5.967e-08 6.491e-03
1.646e+01 1.786e-07 1.127e-02 5.789e-08 6.603e-03
1.800e+01 1.494e-07 1.053e-02 5.264e-08 6.953e-03
1.818e+01 1.464e-07 1.044e-02 5.208e-08 6.992e-03
2.000e+01 1.210e-07 9.706e-03 4.707e-08 7.368e-03
