# CELLULOSE NITRATE from NIST Database
1.490e+00 0.000e+00 0.000e+00 0.000e+00 0.000e+00
1.000e+00 2.898e-02 3.500e+00 0.000e+00 0.000e+00
6.000e+00 2.259e-02 3.500e+00 0.000e+00 0.000e+00
7.000e+00 8.659e-03 3.500e+00 0.000e+00 0.000e+00
8.000e+00 3.614e-02 3.500e+00 0.000e+00 0.000e+00
0.000e+00 0.000e+00 0.000e+00 0.000e+00 0.000e+00
1.000e-03 1.328e+00 1.115e-02 3.654e+03 0.000e+00
1.020e-03 1.323e+00 1.156e-02 3.465e+03 0.000e+00
1.126e-03 1.299e+00 1.378e-02 2.655e+03 0.000e+00
1.243e-03 1.274e+00 1.640e-02 2.033e+03 0.000e+00
1.372e-03 1.246e+00 1.946e-02 1.554e+03 0.000e+00
1.500e-03 1.216e+00 2.262e-02 1.216e+03 0.000e+00
1.515e-03 1.213e+00 2.299e-02 1.183e+03 0.000e+00
1.672e-03 1.174e+00 2.698e-02 8.982e+02 0.000e+00
1.846e-03 1.130e+00 3.149e-02 6.792e+02 0.000e+00
2.000e-03 1.090e+00 3.551e-02 5.407e+02 0.000e+00
2.038e-03 1.080e+00 3.651e-02 5.124e+02 0.000e+00
2.250e-03 1.026e+00 4.204e-02 3.856e+02 0.000e+00
2.483e-03 9.681e-01 4.804e-02 2.900e+02 0.000e+00
2.741e-03 9.064e-01 5.450e-02 2.174e+02 0.000e+00
3.000e-03 8.477e-01 6.074e-02 1.668e+02 0.000e+00
3.026e-03 8.419e-01 6.135e-02 1.626e+02 0.000e+00
3.341e-03 7.757e-01 6.849e-02 1.213e+02 0.000e+00
3.688e-03 7.092e-01 7.579e-02 9.038e+01 0.000e+00
4.000e-03 6.551e-01 8.186e-02 7.086e+01 0.000e+00
4.071e-03 6.436e-01 8.317e-02 6.721e+01 0.000e+00
4.494e-03 5.800e-01 9.049e-02 4.989e+01 0.000e+00
4.961e-03 5.197e-01 9.764e-02 3.697e+01 0.000e+00
5.000e-03 5.151e-01 9.820e-02 3.610e+01 0.000e+00
5.477e-03 4.634e-01 1.045e-01 2.733e+01 0.000e+00
6.000e-03 4.154e-01 1.106e-01 2.066e+01 0.000e+00
6.046e-03 4.115e-01 1.111e-01 2.018e+01 0.000e+00
6.675e-03 3.643e-01 1.172e-01 1.487e+01 0.000e+00
7.368e-03 3.218e-01 1.229e-01 1.095e+01 0.000e+00
8.000e-03 2.898e-01 1.274e-01 8.477e+00 0.000e+00
8.134e-03 2.837e-01 1.282e-01 8.049e+00 0.000e+00
8.979e-03 2.500e-01 1.332e-01 5.909e+00 0.000e+00
9.912e-03 2.201e-01 1.377e-01 4.331e+00 0.000e+00
1.000e-02 2.176e-01 1.381e-01 4.212e+00 0.000e+00
1.094e-02 1.937e-01 1.420e-01 3.171e+00 0.000e+00
1.208e-02 1.702e-01 1.460e-01 2.316e+00 0.000e+00
1.334e-02 1.493e-01 1.497e-01 1.688e+00 0.000e+00
1.472e-02 1.308e-01 1.531e-01 1.233e+00 0.000e+00
1.500e-02 1.274e-01 1.537e-01 1.160e+00 0.000e+00
1.625e-02 1.141e-01 1.562e-01 8.974e-01 0.000e+00
1.794e-02 9.923e-02 1.591e-01 6.526e-01 0.000e+00
1.980e-02 8.596e-02 1.617e-01 4.745e-01 0.000e+00
2.000e-02 8.469e-02 1.619e-01 4.593e-01 0.000e+00
2.186e-02 7.408e-02 1.639e-01 3.443e-01 0.000e+00
2.413e-02 6.357e-02 1.657e-01 2.497e-01 0.000e+00
2.664e-02 5.429e-02 1.672e-01 1.808e-01 0.000e+00
2.941e-02 4.618e-02 1.682e-01 1.309e-01 0.000e+00
3.000e-02 4.469e-02 1.683e-01 1.226e-01 0.000e+00
3.247e-02 3.913e-02 1.688e-01 9.461e-02 0.000e+00
3.584e-02 3.306e-02 1.689e-01 6.841e-02 0.000e+00
3.957e-02 2.784e-02 1.687e-01 4.939e-02 0.000e+00
4.000e-02 2.732e-02 1.687e-01 4.767e-02 0.000e+00
4.368e-02 2.340e-02 1.681e-01 3.567e-02 0.000e+00
4.822e-02 1.962e-02 1.671e-01 2.574e-02 0.000e+00
5.000e-02 1.838e-02 1.667e-01 2.283e-02 0.000e+00
5.323e-02 1.642e-02 1.658e-01 1.856e-02 0.000e+00
5.876e-02 1.372e-02 1.641e-01 1.339e-02 0.000e+00
6.000e-02 1.320e-02 1.637e-01 1.249e-02 0.000e+00
6.486e-02 1.144e-02 1.622e-01 9.653e-03 0.000e+00
7.161e-02 9.517e-03 1.599e-01 6.955e-03 0.000e+00
7.905e-02 7.907e-03 1.574e-01 5.015e-03 0.000e+00
8.000e-02 7.731e-03 1.571e-01 4.820e-03 0.000e+00
8.726e-02 6.560e-03 1.547e-01 3.616e-03 0.000e+00
9.633e-02 5.433e-03 1.517e-01 2.608e-03 0.000e+00
1.000e-01 5.058e-03 1.506e-01 2.305e-03 0.000e+00
1.063e-01 4.498e-03 1.486e-01 1.884e-03 0.000e+00
1.174e-01 3.714e-03 1.453e-01 1.359e-03 0.000e+00
1.296e-01 3.066e-03 1.418e-01 9.819e-04 0.000e+00
1.431e-01 2.527e-03 1.382e-01 7.099e-04 0.000e+00
1.500e-01 2.305e-03 1.365e-01 6.088e-04 0.000e+00
1.579e-01 2.084e-03 1.345e-01 5.152e-04 0.000e+00
1.743e-01 1.716e-03 1.307e-01 3.740e-04 0.000e+00
1.925e-01 1.411e-03 1.269e-01 2.717e-04 0.000e+00
2.000e-01 1.309e-03 1.254e-01 2.404e-04 0.000e+00
2.125e-01 1.161e-03 1.230e-01 1.982e-04 0.000e+00
2.345e-01 9.552e-04 1.191e-01 1.452e-04 0.000e+00
2.589e-01 7.849e-04 1.151e-01 1.066e-04 0.000e+00
2.858e-01 6.450e-04 1.112e-01 7.862e-05 0.000e+00
3.000e-01 5.858e-04 1.093e-01 6.783e-05 0.000e+00
3.155e-01 5.299e-04 1.073e-01 5.827e-05 0.000e+00
3.483e-01 4.352e-04 1.034e-01 4.340e-05 0.000e+00
3.845e-01 3.574e-04 9.950e-02 3.252e-05 0.000e+00
4.000e-01 3.303e-04 9.797e-02 2.902e-05 0.000e+00
4.245e-01 2.934e-04 9.569e-02 2.451e-05 0.000e+00
4.686e-01 2.409e-04 9.195e-02 1.863e-05 0.000e+00
5.000e-01 2.117e-04 8.952e-02 1.564e-05 0.000e+00
5.173e-01 1.978e-04 8.825e-02 1.430e-05 0.000e+00
5.710e-01 1.624e-04 8.461e-02 1.107e-05 0.000e+00
6.000e-01 1.471e-04 8.282e-02 9.739e-06 0.000e+00
6.304e-01 1.333e-04 8.105e-02 8.566e-06 0.000e+00
6.959e-01 1.094e-04 7.756e-02 6.669e-06 0.000e+00
7.682e-01 8.979e-05 7.415e-02 5.325e-06 0.000e+00
8.000e-01 8.279e-05 7.278e-02 4.915e-06 0.000e+00
8.480e-01 7.368e-05 7.082e-02 4.433e-06 0.000e+00
9.361e-01 6.046e-05 6.756e-02 3.663e-06 0.000e+00
1.000e+00 5.300e-05 6.545e-02 3.055e-06 0.000e+00
1.022e+00 5.075e-05 6.477e-02 2.843e-06 0.000e+00
1.033e+00 4.968e-05 6.443e-02 2.750e-06 3.379e-09
1.141e+00 4.073e-05 6.132e-02 2.209e-06 3.204e-06
1.250e+00 3.394e-05 5.853e-02 1.930e-06 1.732e-05
1.259e+00 3.345e-05 5.831e-02 1.909e-06 1.906e-05
1.390e+00 2.744e-05 5.538e-02 1.610e-06 5.395e-05
1.500e+00 2.356e-05 5.319e-02 1.400e-06 9.583e-05
1.535e+00 2.250e-05 5.255e-02 1.344e-06 1.112e-04
1.694e+00 1.848e-05 4.983e-02 1.140e-06 1.918e-04
1.870e+00 1.517e-05 4.718e-02 9.767e-07 2.968e-04
2.000e+00 1.326e-05 4.540e-02 8.814e-07 3.815e-04
2.044e+00 1.269e-05 4.483e-02 8.526e-07 4.112e-04
2.065e+00 1.243e-05 4.456e-02 8.395e-07 4.255e-04
2.279e+00 1.020e-05 4.207e-02 7.248e-07 5.752e-04
2.516e+00 8.372e-06 3.969e-02 6.285e-07 7.467e-04
2.778e+00 6.870e-06 3.742e-02 5.472e-07 9.396e-04
3.000e+00 5.892e-06 3.571e-02 4.927e-07 1.103e-03
3.066e+00 5.641e-06 3.524e-02 4.785e-07 1.152e-03
3.385e+00 4.629e-06 3.314e-02 4.196e-07 1.385e-03
3.737e+00 3.798e-06 3.112e-02 3.690e-07 1.637e-03
4.000e+00 3.315e-06 2.979e-02 3.384e-07 1.821e-03
4.125e+00 3.117e-06 2.920e-02 3.255e-07 1.907e-03
4.554e+00 2.557e-06 2.737e-02 2.877e-07 2.191e-03
5.000e+00 2.121e-06 2.573e-02 2.566e-07 2.477e-03
5.027e+00 2.098e-06 2.563e-02 2.550e-07 2.493e-03
5.549e+00 1.722e-06 2.398e-02 2.264e-07 2.812e-03
6.000e+00 1.473e-06 2.274e-02 2.064e-07 3.075e-03
6.126e+00 1.413e-06 2.242e-02 2.014e-07 3.146e-03
6.762e+00 1.160e-06 2.094e-02 1.795e-07 3.490e-03
7.000e+00 1.082e-06 2.044e-02 1.724e-07 3.614e-03
7.465e+00 9.516e-07 1.954e-02 1.601e-07 3.845e-03
8.000e+00 8.286e-07 1.860e-02 1.480e-07 4.101e-03
8.241e+00 7.809e-07 1.821e-02 1.431e-07 4.214e-03
9.000e+00 6.547e-07 1.710e-02 1.296e-07 4.550e-03
9.097e+00 6.409e-07 1.697e-02 1.280e-07 4.591e-03
1.000e+01 5.303e-07 1.584e-02 1.152e-07 4.956e-03
1.004e+01 5.261e-07 1.580e-02 1.147e-07 4.972e-03
1.100e+01 4.382e-07 1.478e-02 1.037e-07 5.330e-03
1.109e+01 4.311e-07 1.469e-02 1.028e-07 5.362e-03
1.200e+01 3.682e-07 1.386e-02 9.427e-08 5.673e-03
1.224e+01 3.539e-07 1.366e-02 9.225e-08 5.752e-03
1.300e+01 3.138e-07 1.305e-02 8.640e-08 5.994e-03
1.351e+01 2.905e-07 1.268e-02 8.287e-08 6.150e-03
1.400e+01 2.705e-07 1.235e-02 7.974e-08 6.293e-03
1.491e+01 2.385e-07 1.178e-02 7.452e-08 6.549e-03
1.500e+01 2.357e-07 1.173e-02 7.404e-08 6.573e-03
1.600e+01 2.071e-07 1.117e-02 6.910e-08 6.839e-03
1.646e+01 1.957e-07 1.093e-02 6.704e-08 6.956e-03
1.800e+01 1.637e-07 1.020e-02 6.095e-08 7.323e-03
1.818e+01 1.604e-07 1.013e-02 6.031e-08 7.363e-03
2.000e+01 1.326e-07 9.410e-03 5.451e-08 7.758e-03
