# CERIC SULFATE DOSIMETER SOLUTION from NIST Database
1.030e+00 0.000e+00 0.000e+00 0.000e+00 0.000e+00
1.000e+00 1.067e-01 3.500e+00 0.000e+00 0.000e+00
7.000e+00 5.712e-05 3.500e+00 0.000e+00 0.000e+00
8.000e+00 5.469e-02 3.500e+00 0.000e+00 0.000e+00
1.600e+01 4.561e-04 3.500e+00 0.000e+00 0.000e+00
5.800e+01 1.428e-05 3.500e+00 0.000e+00 0.000e+00
0.000e+00 0.000e+00 0.000e+00 0.000e+00 0.000e+00
1.000e-03 1.413e+00 1.304e-02 4.073e+03 0.000e+00
1.020e-03 1.409e+00 1.350e-02 3.865e+03 0.000e+00
1.126e-03 1.387e+00 1.610e-02 2.973e+03 0.000e+00
1.185e-03 1.375e+00 1.763e-02 2.593e+03 0.000e+00
1.185e-03 1.375e+00 1.763e-02 2.595e+03 0.000e+00
1.243e-03 1.363e+00 1.916e-02 2.286e+03 0.000e+00
1.273e-03 1.357e+00 1.997e-02 2.146e+03 0.000e+00
1.273e-03 1.357e+00 1.997e-02 2.146e+03 0.000e+00
1.372e-03 1.336e+00 2.273e-02 1.754e+03 0.000e+00
1.437e-03 1.322e+00 2.457e-02 1.549e+03 0.000e+00
1.437e-03 1.322e+00 2.457e-02 1.549e+03 0.000e+00
1.500e-03 1.307e+00 2.640e-02 1.377e+03 0.000e+00
1.515e-03 1.304e+00 2.684e-02 1.340e+03 0.000e+00
1.672e-03 1.266e+00 3.147e-02 1.021e+03 0.000e+00
1.846e-03 1.223e+00 3.668e-02 7.747e+02 0.000e+00
2.000e-03 1.184e+00 4.131e-02 6.182e+02 0.000e+00
2.038e-03 1.174e+00 4.245e-02 5.862e+02 0.000e+00
2.250e-03 1.120e+00 4.878e-02 4.425e+02 0.000e+00
2.472e-03 1.064e+00 5.528e-02 3.380e+02 0.000e+00
2.472e-03 1.064e+00 5.528e-02 3.651e+02 0.000e+00
2.483e-03 1.062e+00 5.560e-02 3.605e+02 0.000e+00
2.741e-03 9.986e-01 6.289e-02 2.726e+02 0.000e+00
3.000e-03 9.378e-01 6.987e-02 2.107e+02 0.000e+00
3.026e-03 9.318e-01 7.055e-02 2.055e+02 0.000e+00
3.341e-03 8.623e-01 7.847e-02 1.543e+02 0.000e+00
3.688e-03 7.916e-01 8.652e-02 1.156e+02 0.000e+00
4.000e-03 7.334e-01 9.317e-02 9.101e+01 0.000e+00
4.071e-03 7.209e-01 9.461e-02 8.640e+01 0.000e+00
4.494e-03 6.517e-01 1.026e-01 6.449e+01 0.000e+00
4.961e-03 5.853e-01 1.104e-01 4.805e+01 0.000e+00
5.000e-03 5.802e-01 1.110e-01 4.694e+01 0.000e+00
5.477e-03 5.227e-01 1.179e-01 3.572e+01 0.000e+00
5.723e-03 4.963e-01 1.211e-01 3.129e+01 0.000e+00
5.723e-03 4.963e-01 1.211e-01 3.199e+01 0.000e+00
6.000e-03 4.690e-01 1.245e-01 2.777e+01 0.000e+00
6.046e-03 4.647e-01 1.250e-01 2.714e+01 0.000e+00
6.164e-03 4.539e-01 1.263e-01 2.560e+01 0.000e+00
6.164e-03 4.539e-01 1.263e-01 2.593e+01 0.000e+00
6.354e-03 4.373e-01 1.284e-01 2.367e+01 0.000e+00
6.549e-03 4.212e-01 1.304e-01 2.161e+01 0.000e+00
6.549e-03 4.212e-01 1.304e-01 2.177e+01 0.000e+00
6.675e-03 4.113e-01 1.316e-01 2.056e+01 0.000e+00
7.368e-03 3.630e-01 1.378e-01 1.525e+01 0.000e+00
8.000e-03 3.266e-01 1.425e-01 1.189e+01 0.000e+00
8.134e-03 3.196e-01 1.434e-01 1.130e+01 0.000e+00
8.979e-03 2.810e-01 1.485e-01 8.356e+00 0.000e+00
9.912e-03 2.468e-01 1.532e-01 6.171e+00 0.000e+00
1.000e-02 2.439e-01 1.535e-01 6.005e+00 0.000e+00
1.094e-02 2.166e-01 1.574e-01 4.552e+00 0.000e+00
1.208e-02 1.899e-01 1.613e-01 3.349e+00 0.000e+00
1.334e-02 1.662e-01 1.648e-01 2.461e+00 0.000e+00
1.472e-02 1.454e-01 1.680e-01 1.811e+00 0.000e+00
1.500e-02 1.417e-01 1.685e-01 1.707e+00 0.000e+00
1.625e-02 1.269e-01 1.709e-01 1.329e+00 0.000e+00
1.794e-02 1.104e-01 1.735e-01 9.737e-01 0.000e+00
1.980e-02 9.573e-02 1.759e-01 7.137e-01 0.000e+00
2.000e-02 9.433e-02 1.761e-01 6.914e-01 0.000e+00
2.186e-02 8.263e-02 1.779e-01 5.218e-01 0.000e+00
2.413e-02 7.104e-02 1.795e-01 3.814e-01 0.000e+00
2.664e-02 6.080e-02 1.807e-01 2.785e-01 0.000e+00
2.941e-02 5.182e-02 1.816e-01 2.032e-01 0.000e+00
3.000e-02 5.016e-02 1.817e-01 1.907e-01 0.000e+00
3.247e-02 4.399e-02 1.821e-01 1.481e-01 0.000e+00
3.584e-02 3.723e-02 1.821e-01 1.080e-01 0.000e+00
3.957e-02 3.141e-02 1.817e-01 7.863e-02 0.000e+00
4.000e-02 3.082e-02 1.817e-01 7.595e-02 0.000e+00
4.044e-02 3.024e-02 1.816e-01 7.332e-02 0.000e+00
4.044e-02 3.024e-02 1.816e-01 1.159e-01 0.000e+00
4.368e-02 2.644e-02 1.810e-01 9.216e-02 0.000e+00
4.822e-02 2.221e-02 1.798e-01 6.868e-02 0.000e+00
5.000e-02 2.083e-02 1.793e-01 6.166e-02 0.000e+00
5.323e-02 1.862e-02 1.784e-01 5.118e-02 0.000e+00
5.876e-02 1.559e-02 1.765e-01 3.813e-02 0.000e+00
6.000e-02 1.501e-02 1.761e-01 3.583e-02 0.000e+00
6.486e-02 1.302e-02 1.744e-01 2.839e-02 0.000e+00
7.161e-02 1.085e-02 1.719e-01 2.111e-02 0.000e+00
7.905e-02 9.028e-03 1.692e-01 1.569e-02 0.000e+00
8.000e-02 8.829e-03 1.689e-01 1.514e-02 0.000e+00
8.726e-02 7.501e-03 1.663e-01 1.166e-02 0.000e+00
9.633e-02 6.223e-03 1.631e-01 8.667e-03 0.000e+00
1.000e-01 5.796e-03 1.618e-01 7.747e-03 0.000e+00
1.063e-01 5.159e-03 1.597e-01 6.448e-03 0.000e+00
1.174e-01 4.266e-03 1.562e-01 4.786e-03 0.000e+00
1.296e-01 3.526e-03 1.524e-01 3.558e-03 0.000e+00
1.431e-01 2.910e-03 1.486e-01 2.645e-03 0.000e+00
1.500e-01 2.656e-03 1.467e-01 2.298e-03 0.000e+00
1.579e-01 2.403e-03 1.446e-01 1.972e-03 0.000e+00
1.743e-01 1.982e-03 1.405e-01 1.470e-03 0.000e+00
1.925e-01 1.631e-03 1.364e-01 1.095e-03 0.000e+00
2.000e-01 1.513e-03 1.348e-01 9.787e-04 0.000e+00
2.125e-01 1.343e-03 1.322e-01 8.191e-04 0.000e+00
2.345e-01 1.106e-03 1.280e-01 6.146e-04 0.000e+00
2.589e-01 9.097e-04 1.237e-01 4.618e-04 0.000e+00
2.858e-01 7.481e-04 1.195e-01 3.482e-04 0.000e+00
3.000e-01 6.795e-04 1.174e-01 3.036e-04 0.000e+00
3.155e-01 6.150e-04 1.153e-01 2.636e-04 0.000e+00
3.483e-01 5.053e-04 1.111e-01 2.004e-04 0.000e+00
3.845e-01 4.152e-04 1.069e-01 1.530e-04 0.000e+00
4.000e-01 3.838e-04 1.053e-01 1.376e-04 0.000e+00
4.245e-01 3.410e-04 1.029e-01 1.174e-04 0.000e+00
4.686e-01 2.801e-04 9.883e-02 9.070e-05 0.000e+00
5.000e-01 2.462e-04 9.622e-02 7.683e-05 0.000e+00
5.173e-01 2.300e-04 9.486e-02 7.052e-05 0.000e+00
5.710e-01 1.889e-04 9.095e-02 5.521e-05 0.000e+00
6.000e-01 1.712e-04 8.902e-02 4.893e-05 0.000e+00
6.304e-01 1.551e-04 8.711e-02 4.342e-05 0.000e+00
6.959e-01 1.274e-04 8.337e-02 3.438e-05 0.000e+00
7.682e-01 1.046e-04 7.971e-02 2.752e-05 0.000e+00
8.000e-01 9.642e-05 7.823e-02 2.523e-05 0.000e+00
8.480e-01 8.582e-05 7.614e-02 2.237e-05 0.000e+00
9.361e-01 7.043e-05 7.265e-02 1.824e-05 0.000e+00
1.000e+00 6.174e-05 7.037e-02 1.575e-05 0.000e+00
1.022e+00 5.913e-05 6.962e-02 1.497e-05 0.000e+00
1.033e+00 5.788e-05 6.925e-02 1.461e-05 3.653e-09
1.141e+00 4.747e-05 6.591e-02 1.194e-05 3.445e-06
1.250e+00 3.955e-05 6.292e-02 1.011e-05 1.854e-05
1.259e+00 3.898e-05 6.268e-02 9.982e-06 2.040e-05
1.390e+00 3.198e-05 5.953e-02 8.334e-06 5.755e-05
1.500e+00 2.746e-05 5.718e-02 7.260e-06 1.020e-04
1.535e+00 2.622e-05 5.648e-02 6.968e-06 1.183e-04
1.694e+00 2.154e-05 5.357e-02 5.870e-06 2.038e-04
1.870e+00 1.768e-05 5.073e-02 4.972e-06 3.148e-04
2.000e+00 1.545e-05 4.881e-02 4.453e-06 4.044e-04
2.044e+00 1.479e-05 4.819e-02 4.299e-06 4.357e-04
2.065e+00 1.449e-05 4.790e-02 4.228e-06 4.508e-04
2.279e+00 1.189e-05 4.521e-02 3.615e-06 6.087e-04
2.516e+00 9.760e-06 4.266e-02 3.104e-06 7.898e-04
2.778e+00 8.008e-06 4.022e-02 2.676e-06 9.934e-04
3.000e+00 6.869e-06 3.839e-02 2.391e-06 1.166e-03
3.066e+00 6.576e-06 3.788e-02 2.317e-06 1.218e-03
3.385e+00 5.396e-06 3.562e-02 2.012e-06 1.464e-03
3.737e+00 4.428e-06 3.346e-02 1.753e-06 1.729e-03
4.000e+00 3.864e-06 3.202e-02 1.598e-06 1.923e-03
4.125e+00 3.634e-06 3.139e-02 1.532e-06 2.013e-03
4.554e+00 2.981e-06 2.942e-02 1.343e-06 2.313e-03
5.000e+00 2.473e-06 2.766e-02 1.189e-06 2.613e-03
5.027e+00 2.446e-06 2.756e-02 1.181e-06 2.632e-03
5.549e+00 2.008e-06 2.578e-02 1.040e-06 2.967e-03
6.000e+00 1.717e-06 2.444e-02 9.425e-07 3.244e-03
6.126e+00 1.647e-06 2.410e-02 9.183e-07 3.318e-03
6.762e+00 1.352e-06 2.251e-02 8.127e-07 3.681e-03
7.000e+00 1.262e-06 2.197e-02 7.790e-07 3.811e-03
7.465e+00 1.109e-06 2.100e-02 7.204e-07 4.056e-03
8.000e+00 9.660e-07 1.999e-02 6.629e-07 4.325e-03
8.241e+00 9.103e-07 1.958e-02 6.398e-07 4.443e-03
9.000e+00 7.633e-07 1.838e-02 5.764e-07 4.798e-03
9.097e+00 7.471e-07 1.824e-02 5.692e-07 4.841e-03
1.000e+01 6.183e-07 1.703e-02 5.096e-07 5.225e-03
1.004e+01 6.133e-07 1.698e-02 5.073e-07 5.241e-03
1.100e+01 5.109e-07 1.588e-02 4.566e-07 5.619e-03
1.109e+01 5.026e-07 1.579e-02 4.523e-07 5.652e-03
1.200e+01 4.293e-07 1.490e-02 4.133e-07 5.981e-03
1.224e+01 4.126e-07 1.468e-02 4.041e-07 6.064e-03
1.300e+01 3.658e-07 1.403e-02 3.775e-07 6.319e-03
1.351e+01 3.387e-07 1.363e-02 3.615e-07 6.483e-03
1.400e+01 3.154e-07 1.327e-02 3.474e-07 6.634e-03
1.491e+01 2.781e-07 1.266e-02 3.238e-07 6.903e-03
1.500e+01 2.748e-07 1.260e-02 3.216e-07 6.929e-03
1.600e+01 2.415e-07 1.200e-02 2.994e-07 7.208e-03
1.646e+01 2.282e-07 1.175e-02 2.902e-07 7.331e-03
1.800e+01 1.908e-07 1.097e-02 2.631e-07 7.719e-03
1.818e+01 1.870e-07 1.089e-02 2.602e-07 7.762e-03
2.000e+01 1.545e-07 1.012e-02 2.345e-07 8.176e-03
