# CESIUM FLUORIDE from NIST Database
4.115e+00 0.000e+00 0.000e+00 0.000e+00 0.000e+00
9.000e+00 6.583e-03 3.500e+00 0.000e+00 0.000e+00
5.500e+01 6.583e-03 3.500e+00 0.000e+00 0.000e+00
0.000e+00 0.000e+00 0.000e+00 0.000e+00 0.000e+00
1.000e-03 1.147e+00 1.185e-02 2.640e+03 0.000e+00
1.020e-03 1.142e+00 1.227e-02 2.500e+03 0.000e+00
1.126e-03 1.116e+00 1.458e-02 1.906e+03 0.000e+00
1.243e-03 1.089e+00 1.728e-02 1.451e+03 0.000e+00
1.372e-03 1.060e+00 2.042e-02 1.103e+03 0.000e+00
1.500e-03 1.029e+00 2.363e-02 8.592e+02 0.000e+00
1.515e-03 1.025e+00 2.401e-02 8.354e+02 0.000e+00
1.672e-03 9.862e-01 2.804e-02 6.314e+02 0.000e+00
1.846e-03 9.421e-01 3.256e-02 4.753e+02 0.000e+00
2.000e-03 9.033e-01 3.656e-02 3.769e+02 0.000e+00
2.038e-03 8.938e-01 3.754e-02 3.569e+02 0.000e+00
2.250e-03 8.420e-01 4.300e-02 2.675e+02 0.000e+00
2.483e-03 7.879e-01 4.887e-02 2.003e+02 0.000e+00
2.741e-03 7.318e-01 5.516e-02 1.496e+02 0.000e+00
3.000e-03 6.798e-01 6.119e-02 1.144e+02 0.000e+00
3.026e-03 6.748e-01 6.178e-02 1.115e+02 0.000e+00
3.341e-03 6.177e-01 6.863e-02 8.292e+01 0.000e+00
3.688e-03 5.620e-01 7.559e-02 6.158e+01 0.000e+00
4.000e-03 5.177e-01 8.129e-02 4.816e+01 0.000e+00
4.071e-03 5.084e-01 8.252e-02 4.566e+01 0.000e+00
4.494e-03 4.576e-01 8.931e-02 3.379e+01 0.000e+00
4.961e-03 4.103e-01 9.586e-02 2.496e+01 0.000e+00
5.000e-03 4.067e-01 9.637e-02 2.437e+01 0.000e+00
5.477e-03 3.667e-01 1.021e-01 1.841e+01 0.000e+00
6.000e-03 3.300e-01 1.075e-01 1.388e+01 0.000e+00
6.046e-03 3.271e-01 1.080e-01 1.355e+01 0.000e+00
6.675e-03 2.914e-01 1.135e-01 9.962e+00 0.000e+00
7.368e-03 2.593e-01 1.187e-01 7.315e+00 0.000e+00
8.000e-03 2.352e-01 1.228e-01 5.649e+00 0.000e+00
8.134e-03 2.306e-01 1.236e-01 5.361e+00 0.000e+00
8.979e-03 2.050e-01 1.283e-01 3.924e+00 0.000e+00
9.912e-03 1.820e-01 1.327e-01 2.869e+00 0.000e+00
1.000e-02 1.800e-01 1.331e-01 2.789e+00 0.000e+00
1.094e-02 1.613e-01 1.370e-01 2.096e+00 0.000e+00
1.208e-02 1.425e-01 1.410e-01 1.527e+00 0.000e+00
1.334e-02 1.254e-01 1.448e-01 1.111e+00 0.000e+00
1.472e-02 1.101e-01 1.484e-01 8.096e-01 0.000e+00
1.500e-02 1.073e-01 1.490e-01 7.618e-01 0.000e+00
1.625e-02 9.608e-02 1.517e-01 5.883e-01 0.000e+00
1.794e-02 8.341e-02 1.547e-01 4.269e-01 0.000e+00
1.980e-02 7.208e-02 1.573e-01 3.098e-01 0.000e+00
2.000e-02 7.099e-02 1.575e-01 2.998e-01 0.000e+00
2.186e-02 6.194e-02 1.595e-01 2.244e-01 0.000e+00
2.413e-02 5.299e-02 1.613e-01 1.625e-01 0.000e+00
2.664e-02 4.514e-02 1.626e-01 1.175e-01 0.000e+00
2.941e-02 3.831e-02 1.635e-01 8.493e-02 0.000e+00
3.000e-02 3.706e-02 1.636e-01 7.956e-02 0.000e+00
3.247e-02 3.241e-02 1.640e-01 6.132e-02 0.000e+00
3.584e-02 2.735e-02 1.640e-01 4.428e-02 0.000e+00
3.957e-02 2.301e-02 1.637e-01 3.194e-02 0.000e+00
4.000e-02 2.258e-02 1.636e-01 3.082e-02 0.000e+00
4.368e-02 1.932e-02 1.630e-01 2.304e-02 0.000e+00
4.822e-02 1.618e-02 1.620e-01 1.661e-02 0.000e+00
5.000e-02 1.515e-02 1.615e-01 1.473e-02 0.000e+00
5.323e-02 1.352e-02 1.606e-01 1.197e-02 0.000e+00
5.876e-02 1.128e-02 1.589e-01 8.619e-03 0.000e+00
6.000e-02 1.085e-02 1.585e-01 8.041e-03 0.000e+00
6.486e-02 9.393e-03 1.569e-01 6.209e-03 0.000e+00
7.161e-02 7.806e-03 1.547e-01 4.470e-03 0.000e+00
7.905e-02 6.478e-03 1.523e-01 3.219e-03 0.000e+00
8.000e-02 6.333e-03 1.519e-01 3.094e-03 0.000e+00
8.726e-02 5.367e-03 1.496e-01 2.319e-03 0.000e+00
9.633e-02 4.440e-03 1.467e-01 1.671e-03 0.000e+00
1.000e-01 4.131e-03 1.455e-01 1.477e-03 0.000e+00
1.063e-01 3.671e-03 1.436e-01 1.207e-03 0.000e+00
1.174e-01 3.028e-03 1.404e-01 8.698e-04 0.000e+00
1.296e-01 2.497e-03 1.370e-01 6.285e-04 0.000e+00
1.431e-01 2.057e-03 1.335e-01 4.543e-04 0.000e+00
1.500e-01 1.876e-03 1.318e-01 3.895e-04 0.000e+00
1.579e-01 1.696e-03 1.299e-01 3.295e-04 0.000e+00
1.743e-01 1.395e-03 1.263e-01 2.391e-04 0.000e+00
1.925e-01 1.147e-03 1.225e-01 1.736e-04 0.000e+00
2.000e-01 1.063e-03 1.211e-01 1.536e-04 0.000e+00
2.125e-01 9.430e-04 1.187e-01 1.266e-04 0.000e+00
2.345e-01 7.758e-04 1.150e-01 9.265e-05 0.000e+00
2.589e-01 6.374e-04 1.112e-01 6.799e-05 0.000e+00
2.858e-01 5.237e-04 1.073e-01 5.013e-05 0.000e+00
3.000e-01 4.755e-04 1.055e-01 4.324e-05 0.000e+00
3.155e-01 4.302e-04 1.036e-01 3.714e-05 0.000e+00
3.483e-01 3.532e-04 9.979e-02 2.766e-05 0.000e+00
3.845e-01 2.900e-04 9.606e-02 2.072e-05 0.000e+00
4.000e-01 2.681e-04 9.459e-02 1.849e-05 0.000e+00
4.245e-01 2.381e-04 9.239e-02 1.561e-05 0.000e+00
4.686e-01 1.955e-04 8.877e-02 1.186e-05 0.000e+00
5.000e-01 1.717e-04 8.642e-02 9.956e-06 0.000e+00
5.173e-01 1.605e-04 8.519e-02 9.102e-06 0.000e+00
5.710e-01 1.317e-04 8.168e-02 7.045e-06 0.000e+00
6.000e-01 1.193e-04 7.995e-02 6.197e-06 0.000e+00
6.304e-01 1.081e-04 7.824e-02 5.447e-06 0.000e+00
6.959e-01 8.872e-05 7.487e-02 4.235e-06 0.000e+00
7.682e-01 7.281e-05 7.158e-02 3.383e-06 0.000e+00
8.000e-01 6.714e-05 7.024e-02 3.126e-06 0.000e+00
8.480e-01 5.976e-05 6.833e-02 2.828e-06 0.000e+00
9.361e-01 4.905e-05 6.518e-02 2.341e-06 0.000e+00
1.000e+00 4.298e-05 6.316e-02 1.943e-06 0.000e+00
1.022e+00 4.115e-05 6.252e-02 1.803e-06 0.000e+00
1.033e+00 4.028e-05 6.220e-02 1.742e-06 2.944e-09
1.141e+00 3.302e-05 5.920e-02 1.395e-06 2.800e-06
1.250e+00 2.751e-05 5.649e-02 1.224e-06 1.517e-05
1.259e+00 2.712e-05 5.628e-02 1.210e-06 1.669e-05
1.390e+00 2.225e-05 5.346e-02 1.022e-06 4.736e-05
1.500e+00 1.911e-05 5.136e-02 8.883e-07 8.420e-05
1.535e+00 1.825e-05 5.073e-02 8.526e-07 9.776e-05
1.694e+00 1.498e-05 4.808e-02 7.231e-07 1.687e-04
1.870e+00 1.230e-05 4.550e-02 6.198e-07 2.610e-04
2.000e+00 1.075e-05 4.381e-02 5.595e-07 3.357e-04
2.044e+00 1.029e-05 4.327e-02 5.413e-07 3.619e-04
2.065e+00 1.008e-05 4.302e-02 5.330e-07 3.745e-04
2.279e+00 8.277e-06 4.065e-02 4.603e-07 5.067e-04
2.516e+00 6.792e-06 3.835e-02 3.993e-07 6.581e-04
2.778e+00 5.572e-06 3.613e-02 3.477e-07 8.282e-04
3.000e+00 4.778e-06 3.447e-02 3.131e-07 9.731e-04
3.066e+00 4.575e-06 3.401e-02 3.041e-07 1.016e-03
3.385e+00 3.753e-06 3.198e-02 2.667e-07 1.222e-03
3.737e+00 3.079e-06 3.004e-02 2.346e-07 1.446e-03
4.000e+00 2.688e-06 2.875e-02 2.151e-07 1.609e-03
4.125e+00 2.527e-06 2.819e-02 2.070e-07 1.685e-03
4.554e+00 2.073e-06 2.642e-02 1.830e-07 1.938e-03
5.000e+00 1.720e-06 2.483e-02 1.633e-07 2.192e-03
5.027e+00 1.702e-06 2.474e-02 1.622e-07 2.207e-03
5.549e+00 1.397e-06 2.315e-02 1.441e-07 2.491e-03
6.000e+00 1.195e-06 2.195e-02 1.313e-07 2.724e-03
6.126e+00 1.146e-06 2.164e-02 1.282e-07 2.787e-03
6.762e+00 9.403e-07 2.021e-02 1.142e-07 3.095e-03
7.000e+00 8.775e-07 1.973e-02 1.098e-07 3.204e-03
7.465e+00 7.717e-07 1.885e-02 1.019e-07 3.412e-03
8.000e+00 6.720e-07 1.795e-02 9.421e-08 3.641e-03
8.241e+00 6.333e-07 1.758e-02 9.109e-08 3.740e-03
9.000e+00 5.309e-07 1.650e-02 8.252e-08 4.040e-03
9.097e+00 5.196e-07 1.638e-02 8.153e-08 4.077e-03
1.000e+01 4.301e-07 1.529e-02 7.339e-08 4.405e-03
1.004e+01 4.266e-07 1.524e-02 7.307e-08 4.418e-03
1.100e+01 3.554e-07 1.426e-02 6.605e-08 4.739e-03
1.109e+01 3.497e-07 1.418e-02 6.546e-08 4.768e-03
1.200e+01 2.986e-07 1.337e-02 6.005e-08 5.046e-03
1.224e+01 2.870e-07 1.318e-02 5.877e-08 5.116e-03
1.300e+01 2.545e-07 1.260e-02 5.504e-08 5.333e-03
1.351e+01 2.356e-07 1.224e-02 5.280e-08 5.472e-03
1.400e+01 2.194e-07 1.192e-02 5.081e-08 5.600e-03
1.491e+01 1.935e-07 1.137e-02 4.748e-08 5.828e-03
1.500e+01 1.912e-07 1.132e-02 4.717e-08 5.850e-03
1.600e+01 1.680e-07 1.078e-02 4.403e-08 6.089e-03
1.646e+01 1.587e-07 1.054e-02 4.272e-08 6.193e-03
1.800e+01 1.327e-07 9.849e-03 3.884e-08 6.522e-03
1.818e+01 1.301e-07 9.774e-03 3.843e-08 6.558e-03
2.000e+01 1.075e-07 9.081e-03 3.474e-08 6.912e-03
