# CESIUM IODIDE from NIST Database
4.510e+00 0.000e+00 0.000e+00 0.000e+00 0.000e+00
5.300e+01 3.849e-03 3.500e+00 0.000e+00 0.000e+00
5.500e+01 3.849e-03 3.500e+00 0.000e+00 0.000e+00
0.000e+00 0.000e+00 0.000e+00 0.000e+00 0.000e+00
1.000e-03 4.664e+00 8.750e-03 5.569e+03 0.000e+00
1.020e-03 4.653e+00 9.055e-03 5.328e+03 0.000e+00
1.072e-03 4.624e+00 9.866e-03 4.768e+03 0.000e+00
1.072e-03 4.624e+00 9.866e-03 4.932e+03 0.000e+00
1.126e-03 4.595e+00 1.073e-02 4.402e+03 0.000e+00
1.243e-03 4.530e+00 1.268e-02 3.502e+03 0.000e+00
1.372e-03 4.455e+00 1.492e-02 2.787e+03 0.000e+00
1.500e-03 4.378e+00 1.721e-02 2.268e+03 0.000e+00
1.515e-03 4.368e+00 1.748e-02 2.214e+03 0.000e+00
1.672e-03 4.270e+00 2.033e-02 1.741e+03 0.000e+00
1.846e-03 4.160e+00 2.351e-02 1.368e+03 0.000e+00
2.000e-03 4.062e+00 2.631e-02 1.126e+03 0.000e+00
2.038e-03 4.038e+00 2.700e-02 1.074e+03 0.000e+00
2.250e-03 3.906e+00 3.081e-02 8.366e+02 0.000e+00
2.483e-03 3.765e+00 3.491e-02 6.525e+02 0.000e+00
2.741e-03 3.614e+00 3.928e-02 5.086e+02 0.000e+00
3.000e-03 3.470e+00 4.347e-02 4.051e+02 0.000e+00
3.026e-03 3.456e+00 4.388e-02 3.962e+02 0.000e+00
3.341e-03 3.292e+00 4.866e-02 3.066e+02 0.000e+00
3.688e-03 3.124e+00 5.352e-02 2.375e+02 0.000e+00
4.000e-03 2.984e+00 5.754e-02 1.925e+02 0.000e+00
4.071e-03 2.954e+00 5.840e-02 1.838e+02 0.000e+00
4.494e-03 2.783e+00 6.322e-02 1.418e+02 0.000e+00
4.557e-03 2.758e+00 6.389e-02 1.367e+02 0.000e+00
4.557e-03 2.758e+00 6.389e-02 3.790e+02 0.000e+00
4.702e-03 2.704e+00 6.540e-02 3.548e+02 0.000e+00
4.852e-03 2.650e+00 6.689e-02 3.322e+02 0.000e+00
4.852e-03 2.650e+00 6.689e-02 4.444e+02 0.000e+00
4.961e-03 2.611e+00 6.795e-02 4.254e+02 0.000e+00
5.000e-03 2.597e+00 6.831e-02 4.189e+02 0.000e+00
5.188e-03 2.531e+00 7.004e-02 3.805e+02 0.000e+00
5.188e-03 2.531e+00 7.004e-02 4.378e+02 0.000e+00
5.477e-03 2.436e+00 7.254e-02 3.825e+02 0.000e+00
6.000e-03 2.277e+00 7.665e-02 3.049e+02 0.000e+00
6.046e-03 2.264e+00 7.698e-02 2.988e+02 0.000e+00
6.675e-03 2.093e+00 8.131e-02 2.304e+02 0.000e+00
7.368e-03 1.926e+00 8.552e-02 1.777e+02 0.000e+00
8.000e-03 1.790e+00 8.898e-02 1.431e+02 0.000e+00
8.134e-03 1.764e+00 8.968e-02 1.370e+02 0.000e+00
8.979e-03 1.609e+00 9.380e-02 1.053e+02 0.000e+00
9.912e-03 1.462e+00 9.790e-02 8.096e+01 0.000e+00
1.000e-02 1.450e+00 9.826e-02 7.908e+01 0.000e+00
1.094e-02 1.326e+00 1.019e-01 6.195e+01 0.000e+00
1.208e-02 1.199e+00 1.059e-01 4.731e+01 0.000e+00
1.334e-02 1.080e+00 1.098e-01 3.613e+01 0.000e+00
1.472e-02 9.705e-01 1.136e-01 2.765e+01 0.000e+00
1.500e-02 9.503e-01 1.143e-01 2.627e+01 0.000e+00
1.625e-02 8.679e-01 1.171e-01 2.105e+01 0.000e+00
1.794e-02 7.721e-01 1.205e-01 1.601e+01 0.000e+00
1.980e-02 6.828e-01 1.235e-01 1.219e+01 0.000e+00
2.000e-02 6.740e-01 1.238e-01 1.185e+01 0.000e+00
2.186e-02 5.993e-01 1.263e-01 9.234e+00 0.000e+00
2.413e-02 5.228e-01 1.288e-01 6.998e+00 0.000e+00
2.664e-02 4.538e-01 1.309e-01 5.301e+00 0.000e+00
2.941e-02 3.927e-01 1.327e-01 4.016e+00 0.000e+00
3.000e-02 3.814e-01 1.330e-01 3.798e+00 0.000e+00
3.247e-02 3.392e-01 1.342e-01 3.036e+00 0.000e+00
3.317e-02 3.286e-01 1.345e-01 2.858e+00 0.000e+00
3.317e-02 3.286e-01 1.345e-01 1.716e+01 0.000e+00
3.584e-02 2.926e-01 1.353e-01 1.402e+01 0.000e+00
3.957e-02 2.519e-01 1.361e-01 1.082e+01 0.000e+00
4.000e-02 2.478e-01 1.362e-01 1.052e+01 0.000e+00
4.368e-02 2.167e-01 1.366e-01 8.334e+00 0.000e+00
4.822e-02 1.859e-01 1.368e-01 6.399e+00 0.000e+00
5.000e-02 1.756e-01 1.368e-01 5.802e+00 0.000e+00
5.323e-02 1.590e-01 1.366e-01 4.895e+00 0.000e+00
5.876e-02 1.355e-01 1.361e-01 3.732e+00 0.000e+00
6.000e-02 1.309e-01 1.360e-01 3.524e+00 0.000e+00
6.486e-02 1.150e-01 1.354e-01 2.842e+00 0.000e+00
7.161e-02 9.721e-02 1.343e-01 2.159e+00 0.000e+00
7.905e-02 8.200e-02 1.330e-01 1.638e+00 0.000e+00
8.000e-02 8.032e-02 1.328e-01 1.584e+00 0.000e+00
8.726e-02 6.904e-02 1.314e-01 1.240e+00 0.000e+00
9.633e-02 5.803e-02 1.295e-01 9.375e-01 0.000e+00
1.000e-01 5.433e-02 1.287e-01 8.431e-01 0.000e+00
1.063e-01 4.878e-02 1.274e-01 7.086e-01 0.000e+00
1.174e-01 4.090e-02 1.251e-01 5.338e-01 0.000e+00
1.296e-01 3.429e-02 1.225e-01 4.024e-01 0.000e+00
1.431e-01 2.870e-02 1.198e-01 3.031e-01 0.000e+00
1.500e-01 2.636e-02 1.185e-01 2.648e-01 0.000e+00
1.579e-01 2.402e-02 1.170e-01 2.287e-01 0.000e+00
1.743e-01 2.006e-02 1.141e-01 1.724e-01 0.000e+00
1.925e-01 1.671e-02 1.110e-01 1.298e-01 0.000e+00
2.000e-01 1.557e-02 1.098e-01 1.165e-01 0.000e+00
2.125e-01 1.391e-02 1.078e-01 9.805e-02 0.000e+00
2.345e-01 1.156e-02 1.046e-01 7.422e-02 0.000e+00
2.589e-01 9.596e-03 1.014e-01 5.623e-02 0.000e+00
2.858e-01 7.955e-03 9.808e-02 4.273e-02 0.000e+00
3.000e-01 7.253e-03 9.646e-02 3.738e-02 0.000e+00
3.155e-01 6.588e-03 9.478e-02 3.256e-02 0.000e+00
3.483e-01 5.450e-03 9.147e-02 2.490e-02 0.000e+00
3.845e-01 4.506e-03 8.817e-02 1.912e-02 0.000e+00
4.000e-01 4.175e-03 8.686e-02 1.723e-02 0.000e+00
4.245e-01 3.721e-03 8.490e-02 1.475e-02 0.000e+00
4.686e-01 3.071e-03 8.166e-02 1.144e-02 0.000e+00
5.000e-01 2.707e-03 7.955e-02 9.713e-03 0.000e+00
5.173e-01 2.534e-03 7.845e-02 8.926e-03 0.000e+00
5.710e-01 2.089e-03 7.528e-02 7.012e-03 0.000e+00
6.000e-01 1.897e-03 7.371e-02 6.223e-03 0.000e+00
6.304e-01 1.722e-03 7.215e-02 5.531e-03 0.000e+00
6.959e-01 1.418e-03 6.909e-02 4.389e-03 0.000e+00
7.682e-01 1.167e-03 6.608e-02 3.517e-03 0.000e+00
8.000e-01 1.078e-03 6.486e-02 3.223e-03 0.000e+00
8.480e-01 9.603e-04 6.313e-02 2.854e-03 0.000e+00
9.361e-01 7.898e-04 6.025e-02 2.325e-03 0.000e+00
1.000e+00 6.933e-04 5.837e-02 2.013e-03 0.000e+00
1.022e+00 6.642e-04 5.776e-02 1.916e-03 0.000e+00
1.033e+00 6.503e-04 5.746e-02 1.871e-03 2.447e-08
1.141e+00 5.340e-04 5.470e-02 1.530e-03 2.044e-05
1.250e+00 4.454e-04 5.222e-02 1.292e-03 9.936e-05
1.259e+00 4.390e-04 5.203e-02 1.275e-03 1.085e-04
1.390e+00 3.606e-04 4.944e-02 1.063e-03 2.791e-04
1.500e+00 3.099e-04 4.749e-02 9.249e-04 4.664e-04
1.535e+00 2.960e-04 4.691e-02 8.874e-04 5.327e-04
1.694e+00 2.432e-04 4.447e-02 7.460e-04 8.655e-04
1.870e+00 1.998e-04 4.210e-02 6.300e-04 1.277e-03
2.000e+00 1.747e-04 4.054e-02 5.630e-04 1.598e-03
2.044e+00 1.673e-04 4.004e-02 5.430e-04 1.709e-03
2.065e+00 1.639e-04 3.981e-02 5.340e-04 1.762e-03
2.279e+00 1.347e-04 3.761e-02 4.552e-04 2.304e-03
2.516e+00 1.105e-04 3.548e-02 3.897e-04 2.905e-03
2.778e+00 9.068e-05 3.344e-02 3.350e-04 3.557e-03
3.000e+00 7.778e-05 3.190e-02 2.987e-04 4.096e-03
3.066e+00 7.447e-05 3.148e-02 2.892e-04 4.254e-03
3.385e+00 6.112e-05 2.960e-02 2.504e-04 4.999e-03
3.737e+00 5.016e-05 2.780e-02 2.174e-04 5.786e-03
4.000e+00 4.379e-05 2.661e-02 1.977e-04 6.351e-03
4.125e+00 4.118e-05 2.609e-02 1.895e-04 6.612e-03
4.554e+00 3.378e-05 2.446e-02 1.656e-04 7.474e-03
5.000e+00 2.802e-05 2.299e-02 1.462e-04 8.317e-03
5.027e+00 2.772e-05 2.290e-02 1.452e-04 8.366e-03
5.549e+00 2.276e-05 2.143e-02 1.276e-04 9.284e-03
6.000e+00 1.947e-05 2.032e-02 1.154e-04 1.003e-02
6.126e+00 1.867e-05 2.003e-02 1.123e-04 1.024e-02
6.762e+00 1.533e-05 1.871e-02 9.919e-05 1.122e-02
7.000e+00 1.430e-05 1.826e-02 9.500e-05 1.156e-02
7.465e+00 1.258e-05 1.746e-02 8.774e-05 1.222e-02
8.000e+00 1.095e-05 1.662e-02 8.060e-05 1.294e-02
8.241e+00 1.032e-05 1.627e-02 7.775e-05 1.326e-02
9.000e+00 8.653e-06 1.528e-02 6.991e-05 1.420e-02
9.097e+00 8.469e-06 1.516e-02 6.902e-05 1.431e-02
1.000e+01 7.009e-06 1.416e-02 6.168e-05 1.535e-02
1.004e+01 6.954e-06 1.411e-02 6.139e-05 1.539e-02
1.100e+01 5.793e-06 1.320e-02 5.517e-05 1.641e-02
1.109e+01 5.699e-06 1.312e-02 5.465e-05 1.650e-02
1.200e+01 4.868e-06 1.238e-02 4.988e-05 1.739e-02
1.224e+01 4.679e-06 1.220e-02 4.875e-05 1.761e-02
1.300e+01 4.147e-06 1.166e-02 4.550e-05 1.830e-02
1.351e+01 3.841e-06 1.133e-02 4.354e-05 1.874e-02
1.400e+01 3.577e-06 1.104e-02 4.181e-05 1.914e-02
1.491e+01 3.153e-06 1.053e-02 3.894e-05 1.986e-02
1.500e+01 3.115e-06 1.048e-02 3.868e-05 1.992e-02
1.600e+01 2.738e-06 9.977e-03 3.599e-05 2.066e-02
1.646e+01 2.587e-06 9.764e-03 3.487e-05 2.098e-02
1.800e+01 2.164e-06 9.118e-03 3.156e-05 2.198e-02
1.818e+01 2.121e-06 9.048e-03 3.121e-05 2.210e-02
2.000e+01 1.752e-06 8.408e-03 2.811e-05 2.318e-02
