# CALIFORNIUM from NIST Database
1.000e+01 0.000e+00 0.000e+00 0.000e+00 0.000e+00
9.800e+01 1.000e+00 3.500e+00 0.000e+00 0.000e+00
0.000e+00 0.000e+00 0.000e+00 0.000e+00 0.000e+00
1.000e-03 1.470e+01 4.080e-03 7.879e+03 0.000e+00
1.020e-03 1.467e+01 4.186e-03 7.619e+03 0.000e+00
1.126e-03 1.455e+01 4.754e-03 6.441e+03 0.000e+00
1.243e-03 1.442e+01 5.392e-03 5.446e+03 0.000e+00
1.279e-03 1.438e+01 5.588e-03 5.188e+03 0.000e+00
1.279e-03 1.438e+01 5.588e-03 5.521e+03 0.000e+00
1.372e-03 1.426e+01 6.097e-03 4.816e+03 0.000e+00
1.500e-03 1.409e+01 6.800e-03 4.049e+03 0.000e+00
1.515e-03 1.407e+01 6.882e-03 3.968e+03 0.000e+00
1.616e-03 1.394e+01 7.440e-03 3.483e+03 0.000e+00
1.616e-03 1.394e+01 7.440e-03 3.523e+03 0.000e+00
1.672e-03 1.387e+01 7.749e-03 3.284e+03 0.000e+00
1.799e-03 1.371e+01 8.448e-03 2.823e+03 0.000e+00
1.799e-03 1.371e+01 8.448e-03 2.873e+03 0.000e+00
1.846e-03 1.365e+01 8.706e-03 2.721e+03 0.000e+00
2.000e-03 1.343e+01 9.553e-03 2.298e+03 0.000e+00
2.038e-03 1.338e+01 9.762e-03 2.205e+03 0.000e+00
2.250e-03 1.309e+01 1.092e-02 1.773e+03 0.000e+00
2.483e-03 1.278e+01 1.218e-02 1.428e+03 0.000e+00
2.741e-03 1.244e+01 1.356e-02 1.149e+03 0.000e+00
3.000e-03 1.210e+01 1.492e-02 9.421e+02 0.000e+00
3.026e-03 1.206e+01 1.506e-02 9.236e+02 0.000e+00
3.341e-03 1.165e+01 1.667e-02 7.355e+02 0.000e+00
3.688e-03 1.121e+01 1.839e-02 5.860e+02 0.000e+00
4.000e-03 1.083e+01 1.991e-02 4.862e+02 0.000e+00
4.071e-03 1.075e+01 2.024e-02 4.666e+02 0.000e+00
4.253e-03 1.053e+01 2.110e-02 4.212e+02 0.000e+00
4.253e-03 1.053e+01 2.110e-02 9.443e+02 0.000e+00
4.494e-03 1.025e+01 2.222e-02 8.454e+02 0.000e+00
4.497e-03 1.025e+01 2.223e-02 8.443e+02 0.000e+00
4.497e-03 1.025e+01 2.223e-02 1.174e+03 0.000e+00
4.961e-03 9.740e+00 2.429e-02 9.345e+02 0.000e+00
5.000e-03 9.700e+00 2.446e-02 9.177e+02 0.000e+00
5.109e-03 9.587e+00 2.494e-02 8.692e+02 0.000e+00
5.109e-03 9.587e+00 2.494e-02 1.014e+03 0.000e+00
5.477e-03 9.216e+00 2.651e-02 8.512e+02 0.000e+00
6.000e-03 8.721e+00 2.864e-02 6.766e+02 0.000e+00
6.046e-03 8.679e+00 2.882e-02 6.633e+02 0.000e+00
6.359e-03 8.404e+00 3.005e-02 5.816e+02 0.000e+00
6.359e-03 8.404e+00 3.005e-02 6.167e+02 0.000e+00
6.675e-03 8.138e+00 3.127e-02 5.466e+02 0.000e+00
6.754e-03 8.073e+00 3.156e-02 5.308e+02 0.000e+00
6.754e-03 8.073e+00 3.156e-02 5.529e+02 0.000e+00
7.368e-03 7.600e+00 3.382e-02 4.462e+02 0.000e+00
8.000e-03 7.157e+00 3.605e-02 3.643e+02 0.000e+00
8.134e-03 7.068e+00 3.651e-02 3.495e+02 0.000e+00
8.979e-03 6.545e+00 3.934e-02 2.731e+02 0.000e+00
9.912e-03 6.034e+00 4.230e-02 2.133e+02 0.000e+00
1.000e-02 5.989e+00 4.257e-02 2.087e+02 0.000e+00
1.094e-02 5.542e+00 4.537e-02 1.662e+02 0.000e+00
1.208e-02 5.066e+00 4.857e-02 1.293e+02 0.000e+00
1.334e-02 4.608e+00 5.188e-02 1.006e+02 0.000e+00
1.472e-02 4.173e+00 5.527e-02 7.837e+01 0.000e+00
1.500e-02 4.092e+00 5.593e-02 7.471e+01 0.000e+00
1.625e-02 3.756e+00 5.877e-02 6.083e+01 0.000e+00
1.794e-02 3.366e+00 6.219e-02 4.717e+01 0.000e+00
1.980e-02 3.009e+00 6.523e-02 3.661e+01 0.000e+00
1.993e-02 2.986e+00 6.541e-02 3.600e+01 0.000e+00
1.993e-02 2.986e+00 6.541e-02 8.301e+01 0.000e+00
2.000e-02 2.974e+00 6.550e-02 8.272e+01 0.000e+00
2.186e-02 2.670e+00 6.815e-02 6.521e+01 0.000e+00
2.413e-02 2.348e+00 7.134e-02 5.007e+01 0.000e+00
2.525e-02 2.212e+00 7.277e-02 4.435e+01 0.000e+00
2.525e-02 2.212e+00 7.277e-02 6.373e+01 0.000e+00
2.568e-02 2.164e+00 7.328e-02 6.102e+01 0.000e+00
2.611e-02 2.117e+00 7.378e-02 5.843e+01 0.000e+00
2.611e-02 2.117e+00 7.378e-02 6.735e+01 0.000e+00
2.664e-02 2.062e+00 7.437e-02 6.401e+01 0.000e+00
2.941e-02 1.808e+00 7.724e-02 4.984e+01 0.000e+00
3.000e-02 1.760e+00 7.781e-02 4.739e+01 0.000e+00
3.247e-02 1.579e+00 7.999e-02 3.874e+01 0.000e+00
3.584e-02 1.377e+00 8.259e-02 3.013e+01 0.000e+00
3.957e-02 1.198e+00 8.501e-02 2.341e+01 0.000e+00
4.000e-02 1.180e+00 8.527e-02 2.278e+01 0.000e+00
4.368e-02 1.042e+00 8.724e-02 1.812e+01 0.000e+00
4.822e-02 9.037e-01 8.925e-02 1.402e+01 0.000e+00
5.000e-02 8.567e-01 8.992e-02 1.276e+01 0.000e+00
5.323e-02 7.799e-01 9.100e-02 1.082e+01 0.000e+00
5.876e-02 6.695e-01 9.248e-02 8.348e+00 0.000e+00
6.000e-02 6.478e-01 9.275e-02 7.903e+00 0.000e+00
6.486e-02 5.723e-01 9.364e-02 6.430e+00 0.000e+00
7.161e-02 4.878e-01 9.450e-02 4.947e+00 0.000e+00
7.905e-02 4.153e-01 9.505e-02 3.807e+00 0.000e+00
8.000e-02 4.073e-01 9.510e-02 3.689e+00 0.000e+00
8.726e-02 3.535e-01 9.533e-02 2.927e+00 0.000e+00
9.633e-02 3.007e-01 9.529e-02 2.249e+00 0.000e+00
1.000e-01 2.828e-01 9.520e-02 2.036e+00 0.000e+00
1.063e-01 2.556e-01 9.493e-02 1.730e+00 0.000e+00
1.174e-01 2.166e-01 9.426e-02 1.327e+00 0.000e+00
1.296e-01 1.833e-01 9.335e-02 1.019e+00 0.000e+00
1.360e-01 1.689e-01 9.285e-02 8.970e-01 0.000e+00
1.360e-01 1.689e-01 9.285e-02 3.547e+00 0.000e+00
1.431e-01 1.546e-01 9.227e-02 3.133e+00 0.000e+00
1.500e-01 1.425e-01 9.169e-02 2.792e+00 0.000e+00
1.579e-01 1.303e-01 9.102e-02 2.458e+00 0.000e+00
1.743e-01 1.094e-01 8.956e-02 1.916e+00 0.000e+00
1.925e-01 9.162e-02 8.790e-02 1.488e+00 0.000e+00
2.000e-01 8.555e-02 8.721e-02 1.350e+00 0.000e+00
2.125e-01 7.674e-02 8.606e-02 1.158e+00 0.000e+00
2.345e-01 6.429e-02 8.405e-02 9.044e-01 0.000e+00
2.589e-01 5.378e-02 8.191e-02 7.069e-01 0.000e+00
2.858e-01 4.497e-02 7.966e-02 5.538e-01 0.000e+00
3.000e-01 4.118e-02 7.853e-02 4.917e-01 0.000e+00
3.155e-01 3.758e-02 7.734e-02 4.347e-01 0.000e+00
3.483e-01 3.137e-02 7.496e-02 3.420e-01 0.000e+00
3.845e-01 2.616e-02 7.254e-02 2.700e-01 0.000e+00
4.000e-01 2.432e-02 7.157e-02 2.458e-01 0.000e+00
4.245e-01 2.179e-02 7.010e-02 2.138e-01 0.000e+00
4.686e-01 1.813e-02 6.764e-02 1.701e-01 0.000e+00
5.000e-01 1.606e-02 6.603e-02 1.467e-01 0.000e+00
5.173e-01 1.507e-02 6.518e-02 1.359e-01 0.000e+00
5.710e-01 1.251e-02 6.273e-02 1.089e-01 0.000e+00
6.000e-01 1.139e-02 6.150e-02 9.767e-02 0.000e+00
6.304e-01 1.037e-02 6.027e-02 8.767e-02 0.000e+00
6.959e-01 8.589e-03 5.782e-02 7.088e-02 0.000e+00
7.682e-01 7.110e-03 5.540e-02 5.753e-02 0.000e+00
8.000e-01 6.579e-03 5.442e-02 5.286e-02 0.000e+00
8.480e-01 5.884e-03 5.302e-02 4.687e-02 0.000e+00
9.361e-01 4.865e-03 5.068e-02 3.834e-02 0.000e+00
1.000e+00 4.281e-03 4.915e-02 3.360e-02 0.000e+00
1.022e+00 4.104e-03 4.864e-02 3.219e-02 0.000e+00
1.033e+00 4.019e-03 4.839e-02 3.152e-02 9.593e-08
1.141e+00 3.313e-03 4.613e-02 2.595e-02 9.170e-05
1.250e+00 2.775e-03 4.408e-02 2.178e-02 4.924e-04
1.259e+00 2.737e-03 4.392e-02 2.148e-02 5.411e-04
1.390e+00 2.257e-03 4.175e-02 1.782e-02 1.477e-03
1.500e+00 1.944e-03 4.013e-02 1.548e-02 2.490e-03
1.535e+00 1.859e-03 3.965e-02 1.484e-02 2.831e-03
1.694e+00 1.532e-03 3.763e-02 1.245e-02 4.392e-03
1.870e+00 1.261e-03 3.566e-02 1.048e-02 6.034e-03
2.000e+00 1.105e-03 3.432e-02 9.345e-03 7.188e-03
2.044e+00 1.059e-03 3.389e-02 9.006e-03 7.574e-03
2.065e+00 1.038e-03 3.369e-02 8.853e-03 7.757e-03
2.279e+00 8.544e-04 3.182e-02 7.514e-03 9.531e-03
2.516e+00 7.026e-04 3.004e-02 6.402e-03 1.133e-02
2.778e+00 5.774e-04 2.833e-02 5.474e-03 1.315e-02
3.000e+00 4.958e-04 2.706e-02 4.859e-03 1.456e-02
3.066e+00 4.748e-04 2.670e-02 4.700e-03 1.497e-02
3.385e+00 3.901e-04 2.511e-02 4.047e-03 1.685e-02
3.737e+00 3.205e-04 2.359e-02 3.495e-03 1.877e-02
4.000e+00 2.799e-04 2.258e-02 3.166e-03 2.013e-02
4.125e+00 2.633e-04 2.213e-02 3.029e-03 2.075e-02
4.554e+00 2.162e-04 2.075e-02 2.632e-03 2.281e-02
5.000e+00 1.795e-04 1.950e-02 2.311e-03 2.478e-02
5.027e+00 1.775e-04 1.943e-02 2.294e-03 2.490e-02
5.549e+00 1.458e-04 1.819e-02 2.004e-03 2.699e-02
6.000e+00 1.248e-04 1.725e-02 1.805e-03 2.869e-02
6.126e+00 1.197e-04 1.700e-02 1.756e-03 2.915e-02
6.762e+00 9.828e-05 1.588e-02 1.542e-03 3.143e-02
7.000e+00 9.172e-05 1.550e-02 1.475e-03 3.225e-02
7.465e+00 8.067e-05 1.482e-02 1.358e-03 3.379e-02
8.000e+00 7.025e-05 1.411e-02 1.243e-03 3.548e-02
8.241e+00 6.621e-05 1.382e-02 1.197e-03 3.622e-02
9.000e+00 5.553e-05 1.297e-02 1.073e-03 3.844e-02
9.097e+00 5.435e-05 1.287e-02 1.058e-03 3.872e-02
1.000e+01 4.500e-05 1.202e-02 9.421e-04 4.119e-02
1.004e+01 4.464e-05 1.198e-02 9.375e-04 4.129e-02
1.100e+01 3.720e-05 1.121e-02 8.392e-04 4.374e-02
1.109e+01 3.660e-05 1.114e-02 8.310e-04 4.396e-02
1.200e+01 3.125e-05 1.052e-02 7.562e-04 4.612e-02
1.224e+01 3.004e-05 1.036e-02 7.387e-04 4.667e-02
1.300e+01 2.662e-05 9.906e-03 6.879e-04 4.835e-02
1.351e+01 2.466e-05 9.624e-03 6.574e-04 4.945e-02
1.400e+01 2.297e-05 9.371e-03 6.306e-04 5.045e-02
1.491e+01 2.025e-05 8.939e-03 5.862e-04 5.223e-02
1.500e+01 2.001e-05 8.898e-03 5.821e-04 5.240e-02
1.600e+01 1.759e-05 8.474e-03 5.404e-04 5.424e-02
1.646e+01 1.662e-05 8.293e-03 5.230e-04 5.505e-02
1.800e+01 1.390e-05 7.745e-03 4.723e-04 5.757e-02
1.818e+01 1.362e-05 7.686e-03 4.670e-04 5.785e-02
2.000e+01 1.126e-05 7.143e-03 4.195e-04 6.054e-02
