# CHLOROBENZENE from NIST Database
1.106e+00 0.000e+00 0.000e+00 0.000e+00 0.000e+00
1.000e+00 4.442e-02 3.500e+00 0.000e+00 0.000e+00
6.000e+00 5.331e-02 3.500e+00 0.000e+00 0.000e+00
1.700e+01 8.885e-03 3.500e+00 0.000e+00 0.000e+00
0.000e+00 0.000e+00 0.000e+00 0.000e+00 0.000e+00
1.000e-03 1.662e+00 1.303e-02 2.306e+03 0.000e+00
1.020e-03 1.655e+00 1.349e-02 2.184e+03 0.000e+00
1.126e-03 1.622e+00 1.600e-02 1.665e+03 0.000e+00
1.243e-03 1.587e+00 1.894e-02 1.269e+03 0.000e+00
1.372e-03 1.548e+00 2.233e-02 9.664e+02 0.000e+00
1.500e-03 1.508e+00 2.579e-02 7.548e+02 0.000e+00
1.515e-03 1.503e+00 2.620e-02 7.340e+02 0.000e+00
1.672e-03 1.451e+00 3.051e-02 5.561e+02 0.000e+00
1.846e-03 1.393e+00 3.529e-02 4.203e+02 0.000e+00
2.000e-03 1.341e+00 3.950e-02 3.348e+02 0.000e+00
2.038e-03 1.328e+00 4.053e-02 3.172e+02 0.000e+00
2.250e-03 1.259e+00 4.619e-02 2.388e+02 0.000e+00
2.483e-03 1.186e+00 5.222e-02 1.799e+02 0.000e+00
2.741e-03 1.111e+00 5.860e-02 1.352e+02 0.000e+00
2.822e-03 1.089e+00 6.053e-02 1.243e+02 0.000e+00
2.822e-03 1.089e+00 6.053e-02 5.838e+02 0.000e+00
3.000e-03 1.042e+00 6.463e-02 5.206e+02 0.000e+00
3.026e-03 1.035e+00 6.522e-02 5.115e+02 0.000e+00
3.341e-03 9.584e-01 7.199e-02 4.046e+02 0.000e+00
3.688e-03 8.830e-01 7.878e-02 3.083e+02 0.000e+00
4.000e-03 8.231e-01 8.430e-02 2.450e+02 0.000e+00
4.071e-03 8.104e-01 8.548e-02 2.333e+02 0.000e+00
4.494e-03 7.416e-01 9.199e-02 1.785e+02 0.000e+00
4.961e-03 6.772e-01 9.822e-02 1.372e+02 0.000e+00
5.000e-03 6.723e-01 9.870e-02 1.344e+02 0.000e+00
5.477e-03 6.173e-01 1.041e-01 1.048e+02 0.000e+00
6.000e-03 5.663e-01 1.093e-01 8.144e+01 0.000e+00
6.046e-03 5.622e-01 1.097e-01 7.973e+01 0.000e+00
6.675e-03 5.114e-01 1.150e-01 6.046e+01 0.000e+00
7.368e-03 4.645e-01 1.200e-01 4.579e+01 0.000e+00
8.000e-03 4.280e-01 1.239e-01 3.626e+01 0.000e+00
8.134e-03 4.209e-01 1.247e-01 3.458e+01 0.000e+00
8.979e-03 3.801e-01 1.293e-01 2.606e+01 0.000e+00
9.912e-03 3.417e-01 1.337e-01 1.959e+01 0.000e+00
1.000e-02 3.384e-01 1.341e-01 1.910e+01 0.000e+00
1.094e-02 3.054e-01 1.380e-01 1.471e+01 0.000e+00
1.208e-02 2.711e-01 1.421e-01 1.100e+01 0.000e+00
1.334e-02 2.391e-01 1.461e-01 8.213e+00 0.000e+00
1.472e-02 2.098e-01 1.498e-01 6.133e+00 0.000e+00
1.500e-02 2.045e-01 1.505e-01 5.799e+00 0.000e+00
1.625e-02 1.829e-01 1.533e-01 4.566e+00 0.000e+00
1.794e-02 1.586e-01 1.564e-01 3.392e+00 0.000e+00
1.980e-02 1.369e-01 1.592e-01 2.519e+00 0.000e+00
2.000e-02 1.349e-01 1.595e-01 2.443e+00 0.000e+00
2.186e-02 1.178e-01 1.616e-01 1.865e+00 0.000e+00
2.413e-02 1.011e-01 1.635e-01 1.380e+00 0.000e+00
2.664e-02 8.649e-02 1.650e-01 1.019e+00 0.000e+00
2.941e-02 7.386e-02 1.660e-01 7.511e-01 0.000e+00
3.000e-02 7.154e-02 1.662e-01 7.064e-01 0.000e+00
3.247e-02 6.296e-02 1.667e-01 5.529e-01 0.000e+00
3.584e-02 5.359e-02 1.669e-01 4.067e-01 0.000e+00
3.957e-02 4.550e-02 1.668e-01 2.986e-01 0.000e+00
4.000e-02 4.468e-02 1.668e-01 2.887e-01 0.000e+00
4.368e-02 3.854e-02 1.663e-01 2.191e-01 0.000e+00
4.822e-02 3.257e-02 1.655e-01 1.606e-01 0.000e+00
5.000e-02 3.060e-02 1.651e-01 1.433e-01 0.000e+00
5.323e-02 2.744e-02 1.643e-01 1.176e-01 0.000e+00
5.876e-02 2.306e-02 1.628e-01 8.607e-02 0.000e+00
6.000e-02 2.222e-02 1.625e-01 8.057e-02 0.000e+00
6.486e-02 1.934e-02 1.610e-01 6.295e-02 0.000e+00
7.161e-02 1.616e-02 1.590e-01 4.598e-02 0.000e+00
7.905e-02 1.349e-02 1.566e-01 3.359e-02 0.000e+00
8.000e-02 1.319e-02 1.563e-01 3.234e-02 0.000e+00
8.726e-02 1.123e-02 1.540e-01 2.452e-02 0.000e+00
9.633e-02 9.340e-03 1.512e-01 1.790e-02 0.000e+00
1.000e-01 8.707e-03 1.501e-01 1.589e-02 0.000e+00
1.063e-01 7.761e-03 1.482e-01 1.308e-02 0.000e+00
1.174e-01 6.432e-03 1.449e-01 9.533e-03 0.000e+00
1.296e-01 5.329e-03 1.416e-01 6.963e-03 0.000e+00
1.431e-01 4.408e-03 1.380e-01 5.085e-03 0.000e+00
1.500e-01 4.027e-03 1.363e-01 4.381e-03 0.000e+00
1.579e-01 3.648e-03 1.344e-01 3.725e-03 0.000e+00
1.743e-01 3.014e-03 1.307e-01 2.729e-03 0.000e+00
1.925e-01 2.486e-03 1.269e-01 1.999e-03 0.000e+00
2.000e-01 2.308e-03 1.254e-01 1.775e-03 0.000e+00
2.125e-01 2.051e-03 1.230e-01 1.470e-03 0.000e+00
2.345e-01 1.691e-03 1.191e-01 1.085e-03 0.000e+00
2.589e-01 1.393e-03 1.152e-01 8.019e-04 0.000e+00
2.858e-01 1.147e-03 1.113e-01 5.953e-04 0.000e+00
3.000e-01 1.042e-03 1.094e-01 5.152e-04 0.000e+00
3.155e-01 9.435e-04 1.074e-01 4.438e-04 0.000e+00
3.483e-01 7.759e-04 1.035e-01 3.325e-04 0.000e+00
3.845e-01 6.379e-04 9.964e-02 2.504e-04 0.000e+00
4.000e-01 5.898e-04 9.811e-02 2.240e-04 0.000e+00
4.245e-01 5.242e-04 9.583e-02 1.897e-04 0.000e+00
4.686e-01 4.307e-04 9.209e-02 1.447e-04 0.000e+00
5.000e-01 3.786e-04 8.966e-02 1.218e-04 0.000e+00
5.173e-01 3.538e-04 8.840e-02 1.114e-04 0.000e+00
5.710e-01 2.907e-04 8.476e-02 8.643e-05 0.000e+00
6.000e-01 2.634e-04 8.297e-02 7.624e-05 0.000e+00
6.304e-01 2.387e-04 8.119e-02 6.731e-05 0.000e+00
6.959e-01 1.960e-04 7.771e-02 5.281e-05 0.000e+00
7.682e-01 1.609e-04 7.429e-02 4.210e-05 0.000e+00
8.000e-01 1.484e-04 7.290e-02 3.863e-05 0.000e+00
8.480e-01 1.321e-04 7.093e-02 3.437e-05 0.000e+00
9.361e-01 1.084e-04 6.767e-02 2.810e-05 0.000e+00
1.000e+00 9.503e-05 6.557e-02 2.403e-05 0.000e+00
1.022e+00 9.098e-05 6.489e-02 2.270e-05 0.000e+00
1.033e+00 8.906e-05 6.455e-02 2.209e-05 4.572e-09
1.141e+00 7.301e-05 6.144e-02 1.797e-05 4.269e-06
1.250e+00 6.086e-05 5.864e-02 1.538e-05 2.278e-05
1.259e+00 5.999e-05 5.842e-02 1.519e-05 2.505e-05
1.390e+00 4.923e-05 5.550e-02 1.275e-05 7.017e-05
1.500e+00 4.227e-05 5.331e-02 1.112e-05 1.239e-04
1.535e+00 4.037e-05 5.265e-02 1.068e-05 1.436e-04
1.694e+00 3.315e-05 4.990e-02 9.036e-06 2.464e-04
1.870e+00 2.721e-05 4.723e-02 7.695e-06 3.802e-04
2.000e+00 2.378e-05 4.548e-02 6.917e-06 4.884e-04
2.044e+00 2.277e-05 4.493e-02 6.684e-06 5.264e-04
2.065e+00 2.231e-05 4.467e-02 6.578e-06 5.446e-04
2.279e+00 1.832e-05 4.221e-02 5.656e-06 7.355e-04
2.516e+00 1.503e-05 3.981e-02 4.885e-06 9.527e-04
2.778e+00 1.233e-05 3.751e-02 4.237e-06 1.195e-03
3.000e+00 1.057e-05 3.578e-02 3.805e-06 1.401e-03
3.066e+00 1.012e-05 3.531e-02 3.692e-06 1.461e-03
3.385e+00 8.305e-06 3.320e-02 3.225e-06 1.752e-03
3.737e+00 6.814e-06 3.118e-02 2.826e-06 2.067e-03
4.000e+00 5.948e-06 2.985e-02 2.585e-06 2.295e-03
4.125e+00 5.593e-06 2.926e-02 2.484e-06 2.401e-03
4.554e+00 4.589e-06 2.743e-02 2.189e-06 2.755e-03
5.000e+00 3.807e-06 2.578e-02 1.947e-06 3.108e-03
5.027e+00 3.766e-06 2.569e-02 1.934e-06 3.128e-03
5.549e+00 3.091e-06 2.403e-02 1.712e-06 3.522e-03
6.000e+00 2.644e-06 2.279e-02 1.558e-06 3.844e-03
6.126e+00 2.536e-06 2.246e-02 1.519e-06 3.932e-03
6.762e+00 2.082e-06 2.098e-02 1.351e-06 4.356e-03
7.000e+00 1.942e-06 2.048e-02 1.297e-06 4.507e-03
7.465e+00 1.708e-06 1.958e-02 1.202e-06 4.794e-03
8.000e+00 1.487e-06 1.864e-02 1.109e-06 5.108e-03
8.241e+00 1.401e-06 1.825e-02 1.072e-06 5.244e-03
9.000e+00 1.175e-06 1.713e-02 9.690e-07 5.654e-03
9.097e+00 1.150e-06 1.700e-02 9.572e-07 5.705e-03
1.000e+01 9.515e-07 1.587e-02 8.601e-07 6.154e-03
1.004e+01 9.439e-07 1.583e-02 8.562e-07 6.174e-03
1.100e+01 7.865e-07 1.481e-02 7.728e-07 6.610e-03
1.109e+01 7.738e-07 1.472e-02 7.658e-07 6.649e-03
1.200e+01 6.609e-07 1.389e-02 7.012e-07 7.029e-03
1.224e+01 6.353e-07 1.368e-02 6.860e-07 7.125e-03
1.300e+01 5.632e-07 1.308e-02 6.423e-07 7.419e-03
1.351e+01 5.215e-07 1.271e-02 6.158e-07 7.607e-03
1.400e+01 4.856e-07 1.238e-02 5.922e-07 7.782e-03
1.491e+01 4.282e-07 1.180e-02 5.528e-07 8.092e-03
1.500e+01 4.230e-07 1.175e-02 5.492e-07 8.121e-03
1.600e+01 3.718e-07 1.119e-02 5.120e-07 8.445e-03
1.646e+01 3.513e-07 1.095e-02 4.966e-07 8.585e-03
1.800e+01 2.937e-07 1.023e-02 4.510e-07 9.030e-03
1.818e+01 2.880e-07 1.015e-02 4.462e-07 9.080e-03
2.000e+01 2.379e-07 9.429e-03 4.030e-07 9.558e-03
