# CHLOROFORM from NIST Database
1.483e+00 0.000e+00 0.000e+00 0.000e+00 0.000e+00
1.000e+00 8.376e-03 3.500e+00 0.000e+00 0.000e+00
6.000e+00 8.377e-03 3.500e+00 0.000e+00 0.000e+00
1.700e+01 2.513e-02 3.500e+00 0.000e+00 0.000e+00
0.000e+00 0.000e+00 0.000e+00 0.000e+00 0.000e+00
1.000e-03 2.814e+00 9.319e-03 2.742e+03 0.000e+00
1.020e-03 2.805e+00 9.644e-03 2.602e+03 0.000e+00
1.126e-03 2.757e+00 1.144e-02 2.004e+03 0.000e+00
1.243e-03 2.706e+00 1.354e-02 1.543e+03 0.000e+00
1.372e-03 2.649e+00 1.596e-02 1.188e+03 0.000e+00
1.500e-03 2.590e+00 1.842e-02 9.385e+02 0.000e+00
1.515e-03 2.583e+00 1.871e-02 9.136e+02 0.000e+00
1.672e-03 2.506e+00 2.178e-02 6.997e+02 0.000e+00
1.846e-03 2.419e+00 2.518e-02 5.352e+02 0.000e+00
2.000e-03 2.341e+00 2.817e-02 4.308e+02 0.000e+00
2.038e-03 2.321e+00 2.890e-02 4.091e+02 0.000e+00
2.250e-03 2.215e+00 3.294e-02 3.116e+02 0.000e+00
2.483e-03 2.103e+00 3.726e-02 2.376e+02 0.000e+00
2.741e-03 1.987e+00 4.185e-02 1.810e+02 0.000e+00
2.822e-03 1.952e+00 4.325e-02 1.670e+02 0.000e+00
2.822e-03 1.952e+00 4.325e-02 1.467e+03 0.000e+00
3.000e-03 1.879e+00 4.622e-02 1.319e+03 0.000e+00
3.026e-03 1.869e+00 4.665e-02 1.297e+03 0.000e+00
3.341e-03 1.747e+00 5.163e-02 1.034e+03 0.000e+00
3.688e-03 1.626e+00 5.672e-02 7.905e+02 0.000e+00
4.000e-03 1.528e+00 6.094e-02 6.292e+02 0.000e+00
4.071e-03 1.507e+00 6.185e-02 5.995e+02 0.000e+00
4.494e-03 1.393e+00 6.696e-02 4.606e+02 0.000e+00
4.961e-03 1.285e+00 7.201e-02 3.554e+02 0.000e+00
5.000e-03 1.277e+00 7.240e-02 3.481e+02 0.000e+00
5.477e-03 1.184e+00 7.696e-02 2.726e+02 0.000e+00
6.000e-03 1.096e+00 8.143e-02 2.123e+02 0.000e+00
6.046e-03 1.089e+00 8.180e-02 2.079e+02 0.000e+00
6.675e-03 9.991e-01 8.656e-02 1.581e+02 0.000e+00
7.368e-03 9.148e-01 9.126e-02 1.201e+02 0.000e+00
8.000e-03 8.477e-01 9.515e-02 9.530e+01 0.000e+00
8.134e-03 8.345e-01 9.593e-02 9.094e+01 0.000e+00
8.979e-03 7.577e-01 1.006e-01 6.870e+01 0.000e+00
9.912e-03 6.836e-01 1.053e-01 5.177e+01 0.000e+00
1.000e-02 6.771e-01 1.057e-01 5.047e+01 0.000e+00
1.094e-02 6.122e-01 1.100e-01 3.894e+01 0.000e+00
1.208e-02 5.438e-01 1.146e-01 2.919e+01 0.000e+00
1.334e-02 4.795e-01 1.192e-01 2.183e+01 0.000e+00
1.472e-02 4.204e-01 1.235e-01 1.633e+01 0.000e+00
1.500e-02 4.096e-01 1.244e-01 1.545e+01 0.000e+00
1.625e-02 3.661e-01 1.277e-01 1.218e+01 0.000e+00
1.794e-02 3.173e-01 1.316e-01 9.064e+00 0.000e+00
1.980e-02 2.740e-01 1.351e-01 6.740e+00 0.000e+00
2.000e-02 2.699e-01 1.354e-01 6.539e+00 0.000e+00
2.186e-02 2.359e-01 1.382e-01 4.998e+00 0.000e+00
2.413e-02 2.028e-01 1.408e-01 3.702e+00 0.000e+00
2.664e-02 1.740e-01 1.431e-01 2.737e+00 0.000e+00
2.941e-02 1.490e-01 1.450e-01 2.020e+00 0.000e+00
3.000e-02 1.445e-01 1.453e-01 1.901e+00 0.000e+00
3.247e-02 1.275e-01 1.465e-01 1.489e+00 0.000e+00
3.584e-02 1.089e-01 1.476e-01 1.096e+00 0.000e+00
3.957e-02 9.283e-02 1.483e-01 8.057e-01 0.000e+00
4.000e-02 9.121e-02 1.484e-01 7.790e-01 0.000e+00
4.368e-02 7.894e-02 1.487e-01 5.919e-01 0.000e+00
4.822e-02 6.694e-02 1.488e-01 4.343e-01 0.000e+00
5.000e-02 6.297e-02 1.487e-01 3.876e-01 0.000e+00
5.323e-02 5.660e-02 1.485e-01 3.183e-01 0.000e+00
5.876e-02 4.771e-02 1.479e-01 2.331e-01 0.000e+00
6.000e-02 4.600e-02 1.477e-01 2.182e-01 0.000e+00
6.486e-02 4.011e-02 1.469e-01 1.706e-01 0.000e+00
7.161e-02 3.361e-02 1.456e-01 1.247e-01 0.000e+00
7.905e-02 2.811e-02 1.440e-01 9.114e-02 0.000e+00
8.000e-02 2.750e-02 1.438e-01 8.775e-02 0.000e+00
8.726e-02 2.346e-02 1.421e-01 6.659e-02 0.000e+00
9.633e-02 1.955e-02 1.399e-01 4.863e-02 0.000e+00
1.000e-01 1.823e-02 1.390e-01 4.317e-02 0.000e+00
1.063e-01 1.627e-02 1.374e-01 3.555e-02 0.000e+00
1.174e-01 1.351e-02 1.347e-01 2.593e-02 0.000e+00
1.296e-01 1.121e-02 1.318e-01 1.895e-02 0.000e+00
1.431e-01 9.293e-03 1.288e-01 1.384e-02 0.000e+00
1.500e-01 8.496e-03 1.273e-01 1.193e-02 0.000e+00
1.579e-01 7.703e-03 1.256e-01 1.015e-02 0.000e+00
1.743e-01 6.373e-03 1.223e-01 7.436e-03 0.000e+00
1.925e-01 5.263e-03 1.188e-01 5.450e-03 0.000e+00
2.000e-01 4.888e-03 1.175e-01 4.838e-03 0.000e+00
2.125e-01 4.346e-03 1.153e-01 4.009e-03 0.000e+00
2.345e-01 3.588e-03 1.118e-01 2.959e-03 0.000e+00
2.589e-01 2.957e-03 1.082e-01 2.188e-03 0.000e+00
2.858e-01 2.436e-03 1.045e-01 1.625e-03 0.000e+00
3.000e-01 2.215e-03 1.028e-01 1.406e-03 0.000e+00
3.155e-01 2.006e-03 1.009e-01 1.212e-03 0.000e+00
3.483e-01 1.650e-03 9.730e-02 9.079e-04 0.000e+00
3.845e-01 1.357e-03 9.372e-02 6.840e-04 0.000e+00
4.000e-01 1.255e-03 9.230e-02 6.118e-04 0.000e+00
4.245e-01 1.116e-03 9.017e-02 5.182e-04 0.000e+00
4.686e-01 9.172e-04 8.667e-02 3.955e-04 0.000e+00
5.000e-01 8.063e-04 8.440e-02 3.327e-04 0.000e+00
5.173e-01 7.536e-04 8.322e-02 3.044e-04 0.000e+00
5.710e-01 6.192e-04 7.982e-02 2.362e-04 0.000e+00
6.000e-01 5.611e-04 7.814e-02 2.084e-04 0.000e+00
6.304e-01 5.085e-04 7.648e-02 1.840e-04 0.000e+00
6.959e-01 4.176e-04 7.320e-02 1.444e-04 0.000e+00
7.682e-01 3.430e-04 6.999e-02 1.151e-04 0.000e+00
8.000e-01 3.163e-04 6.870e-02 1.056e-04 0.000e+00
8.480e-01 2.816e-04 6.686e-02 9.389e-05 0.000e+00
9.361e-01 2.312e-04 6.379e-02 7.672e-05 0.000e+00
1.000e+00 2.026e-04 6.179e-02 6.568e-05 0.000e+00
1.022e+00 1.940e-04 6.114e-02 6.210e-05 0.000e+00
1.033e+00 1.899e-04 6.082e-02 6.047e-05 8.057e-09
1.141e+00 1.557e-04 5.789e-02 4.921e-05 7.433e-06
1.250e+00 1.298e-04 5.527e-02 4.207e-05 3.928e-05
1.259e+00 1.279e-04 5.507e-02 4.155e-05 4.315e-05
1.390e+00 1.050e-04 5.231e-02 3.486e-05 1.199e-04
1.500e+00 9.015e-05 5.024e-02 3.042e-05 2.106e-04
1.535e+00 8.608e-05 4.962e-02 2.922e-05 2.438e-04
1.694e+00 7.069e-05 4.702e-02 2.471e-05 4.169e-04
1.870e+00 5.801e-05 4.451e-02 2.104e-05 6.419e-04
2.000e+00 5.072e-05 4.287e-02 1.891e-05 8.240e-04
2.044e+00 4.856e-05 4.236e-02 1.827e-05 8.879e-04
2.065e+00 4.758e-05 4.212e-02 1.798e-05 9.186e-04
2.279e+00 3.906e-05 3.981e-02 1.546e-05 1.238e-03
2.516e+00 3.205e-05 3.755e-02 1.335e-05 1.601e-03
2.778e+00 2.629e-05 3.537e-02 1.158e-05 2.004e-03
3.000e+00 2.254e-05 3.373e-02 1.039e-05 2.342e-03
3.066e+00 2.158e-05 3.328e-02 1.009e-05 2.442e-03
3.385e+00 1.771e-05 3.129e-02 8.809e-06 2.919e-03
3.737e+00 1.453e-05 2.940e-02 7.718e-06 3.432e-03
4.000e+00 1.269e-05 2.814e-02 7.060e-06 3.803e-03
4.125e+00 1.193e-05 2.759e-02 6.784e-06 3.976e-03
4.554e+00 9.788e-06 2.586e-02 5.977e-06 4.550e-03
5.000e+00 8.119e-06 2.430e-02 5.316e-06 5.119e-03
5.027e+00 8.032e-06 2.422e-02 5.280e-06 5.152e-03
5.549e+00 6.592e-06 2.265e-02 4.674e-06 5.784e-03
6.000e+00 5.638e-06 2.148e-02 4.251e-06 6.302e-03
6.126e+00 5.409e-06 2.118e-02 4.146e-06 6.443e-03
6.762e+00 4.440e-06 1.978e-02 3.686e-06 7.121e-03
7.000e+00 4.143e-06 1.931e-02 3.538e-06 7.363e-03
7.465e+00 3.642e-06 1.846e-02 3.281e-06 7.819e-03
8.000e+00 3.171e-06 1.757e-02 3.027e-06 8.320e-03
8.241e+00 2.988e-06 1.721e-02 2.925e-06 8.536e-03
9.000e+00 2.506e-06 1.615e-02 2.644e-06 9.190e-03
9.097e+00 2.453e-06 1.603e-02 2.611e-06 9.270e-03
1.000e+01 2.029e-06 1.497e-02 2.346e-06 9.981e-03
1.004e+01 2.013e-06 1.492e-02 2.336e-06 1.001e-02
1.100e+01 1.677e-06 1.396e-02 2.108e-06 1.071e-02
1.109e+01 1.650e-06 1.388e-02 2.089e-06 1.076e-02
1.200e+01 1.410e-06 1.309e-02 1.913e-06 1.137e-02
1.224e+01 1.355e-06 1.290e-02 1.871e-06 1.152e-02
1.300e+01 1.201e-06 1.233e-02 1.752e-06 1.197e-02
1.351e+01 1.112e-06 1.198e-02 1.680e-06 1.227e-02
1.400e+01 1.036e-06 1.167e-02 1.615e-06 1.255e-02
1.491e+01 9.131e-07 1.113e-02 1.508e-06 1.303e-02
1.500e+01 9.022e-07 1.108e-02 1.498e-06 1.309e-02
1.600e+01 7.930e-07 1.055e-02 1.396e-06 1.359e-02
1.646e+01 7.492e-07 1.032e-02 1.354e-06 1.380e-02
1.800e+01 6.265e-07 9.642e-03 1.230e-06 1.450e-02
1.818e+01 6.141e-07 9.568e-03 1.217e-06 1.459e-02
2.000e+01 5.075e-07 8.891e-03 1.099e-06 1.533e-02
