# CHLORINE from NIST Database
2.995e-03 0.000e+00 0.000e+00 0.000e+00 0.000e+00
1.700e+01 1.000e+00 3.500e+00 0.000e+00 0.000e+00
0.000e+00 0.000e+00 0.000e+00 0.000e+00 0.000e+00
1.000e-03 3.034e+00 8.556e-03 2.828e+03 0.000e+00
1.020e-03 3.024e+00 8.854e-03 2.685e+03 0.000e+00
1.126e-03 2.973e+00 1.050e-02 2.070e+03 0.000e+00
1.243e-03 2.919e+00 1.243e-02 1.597e+03 0.000e+00
1.372e-03 2.859e+00 1.465e-02 1.232e+03 0.000e+00
1.500e-03 2.796e+00 1.691e-02 9.743e+02 0.000e+00
1.515e-03 2.788e+00 1.718e-02 9.486e+02 0.000e+00
1.672e-03 2.707e+00 1.999e-02 7.276e+02 0.000e+00
1.846e-03 2.614e+00 2.311e-02 5.575e+02 0.000e+00
2.000e-03 2.531e+00 2.585e-02 4.495e+02 0.000e+00
2.038e-03 2.510e+00 2.653e-02 4.269e+02 0.000e+00
2.250e-03 2.397e+00 3.024e-02 3.257e+02 0.000e+00
2.483e-03 2.278e+00 3.421e-02 2.488e+02 0.000e+00
2.741e-03 2.154e+00 3.844e-02 1.899e+02 0.000e+00
2.822e-03 2.117e+00 3.973e-02 1.753e+02 0.000e+00
2.822e-03 2.117e+00 3.973e-02 1.634e+03 0.000e+00
3.000e-03 2.038e+00 4.248e-02 1.471e+03 0.000e+00
3.026e-03 2.027e+00 4.288e-02 1.446e+03 0.000e+00
3.341e-03 1.897e+00 4.750e-02 1.153e+03 0.000e+00
3.688e-03 1.767e+00 5.225e-02 8.818e+02 0.000e+00
4.000e-03 1.662e+00 5.621e-02 7.020e+02 0.000e+00
4.071e-03 1.639e+00 5.707e-02 6.689e+02 0.000e+00
4.494e-03 1.517e+00 6.191e-02 5.140e+02 0.000e+00
4.961e-03 1.401e+00 6.672e-02 3.968e+02 0.000e+00
5.000e-03 1.392e+00 6.710e-02 3.886e+02 0.000e+00
5.477e-03 1.292e+00 7.148e-02 3.043e+02 0.000e+00
6.000e-03 1.196e+00 7.581e-02 2.371e+02 0.000e+00
6.046e-03 1.189e+00 7.617e-02 2.322e+02 0.000e+00
6.675e-03 1.092e+00 8.084e-02 1.766e+02 0.000e+00
7.368e-03 1.000e+00 8.547e-02 1.342e+02 0.000e+00
8.000e-03 9.275e-01 8.935e-02 1.065e+02 0.000e+00
8.134e-03 9.131e-01 9.013e-02 1.016e+02 0.000e+00
8.979e-03 8.294e-01 9.483e-02 7.677e+01 0.000e+00
9.912e-03 7.486e-01 9.957e-02 5.786e+01 0.000e+00
1.000e-02 7.415e-01 1.000e-01 5.641e+01 0.000e+00
1.094e-02 6.705e-01 1.043e-01 4.353e+01 0.000e+00
1.208e-02 5.956e-01 1.091e-01 3.264e+01 0.000e+00
1.334e-02 5.251e-01 1.138e-01 2.441e+01 0.000e+00
1.472e-02 4.604e-01 1.182e-01 1.827e+01 0.000e+00
1.500e-02 4.486e-01 1.191e-01 1.728e+01 0.000e+00
1.625e-02 4.009e-01 1.225e-01 1.362e+01 0.000e+00
1.794e-02 3.474e-01 1.265e-01 1.014e+01 0.000e+00
1.980e-02 3.001e-01 1.302e-01 7.539e+00 0.000e+00
2.000e-02 2.956e-01 1.305e-01 7.314e+00 0.000e+00
2.186e-02 2.584e-01 1.334e-01 5.591e+00 0.000e+00
2.413e-02 2.222e-01 1.362e-01 4.142e+00 0.000e+00
2.664e-02 1.906e-01 1.387e-01 3.062e+00 0.000e+00
2.941e-02 1.633e-01 1.407e-01 2.261e+00 0.000e+00
3.000e-02 1.583e-01 1.411e-01 2.127e+00 0.000e+00
3.247e-02 1.398e-01 1.423e-01 1.666e+00 0.000e+00
3.584e-02 1.194e-01 1.436e-01 1.227e+00 0.000e+00
3.957e-02 1.018e-01 1.446e-01 9.018e-01 0.000e+00
4.000e-02 1.000e-01 1.446e-01 8.719e-01 0.000e+00
4.368e-02 8.662e-02 1.451e-01 6.625e-01 0.000e+00
4.822e-02 7.347e-02 1.454e-01 4.861e-01 0.000e+00
5.000e-02 6.912e-02 1.454e-01 4.338e-01 0.000e+00
5.323e-02 6.214e-02 1.453e-01 3.563e-01 0.000e+00
5.876e-02 5.239e-02 1.448e-01 2.609e-01 0.000e+00
6.000e-02 5.052e-02 1.447e-01 2.443e-01 0.000e+00
6.486e-02 4.405e-02 1.440e-01 1.910e-01 0.000e+00
7.161e-02 3.692e-02 1.428e-01 1.396e-01 0.000e+00
7.905e-02 3.088e-02 1.413e-01 1.020e-01 0.000e+00
8.000e-02 3.022e-02 1.411e-01 9.825e-02 0.000e+00
8.726e-02 2.578e-02 1.396e-01 7.456e-02 0.000e+00
9.633e-02 2.148e-02 1.375e-01 5.445e-02 0.000e+00
1.000e-01 2.004e-02 1.366e-01 4.834e-02 0.000e+00
1.063e-01 1.789e-02 1.351e-01 3.981e-02 0.000e+00
1.174e-01 1.486e-02 1.326e-01 2.903e-02 0.000e+00
1.296e-01 1.233e-02 1.298e-01 2.122e-02 0.000e+00
1.431e-01 1.022e-02 1.268e-01 1.550e-02 0.000e+00
1.500e-01 9.344e-03 1.253e-01 1.336e-02 0.000e+00
1.579e-01 8.472e-03 1.237e-01 1.136e-02 0.000e+00
1.743e-01 7.011e-03 1.205e-01 8.328e-03 0.000e+00
1.925e-01 5.790e-03 1.171e-01 6.104e-03 0.000e+00
2.000e-01 5.378e-03 1.158e-01 5.419e-03 0.000e+00
2.125e-01 4.782e-03 1.137e-01 4.489e-03 0.000e+00
2.345e-01 3.948e-03 1.102e-01 3.314e-03 0.000e+00
2.589e-01 3.254e-03 1.066e-01 2.451e-03 0.000e+00
2.858e-01 2.681e-03 1.031e-01 1.820e-03 0.000e+00
3.000e-01 2.438e-03 1.013e-01 1.575e-03 0.000e+00
3.155e-01 2.208e-03 9.953e-02 1.357e-03 0.000e+00
3.483e-01 1.816e-03 9.597e-02 1.017e-03 0.000e+00
3.845e-01 1.494e-03 9.245e-02 7.661e-04 0.000e+00
4.000e-01 1.382e-03 9.105e-02 6.852e-04 0.000e+00
4.245e-01 1.228e-03 8.895e-02 5.804e-04 0.000e+00
4.686e-01 1.010e-03 8.550e-02 4.430e-04 0.000e+00
5.000e-01 8.875e-04 8.327e-02 3.727e-04 0.000e+00
5.173e-01 8.295e-04 8.210e-02 3.409e-04 0.000e+00
5.710e-01 6.816e-04 7.876e-02 2.646e-04 0.000e+00
6.000e-01 6.176e-04 7.710e-02 2.334e-04 0.000e+00
6.304e-01 5.598e-04 7.546e-02 2.061e-04 0.000e+00
6.959e-01 4.597e-04 7.223e-02 1.618e-04 0.000e+00
7.682e-01 3.775e-04 6.907e-02 1.290e-04 0.000e+00
8.000e-01 3.482e-04 6.779e-02 1.183e-04 0.000e+00
8.480e-01 3.100e-04 6.598e-02 1.052e-04 0.000e+00
9.361e-01 2.545e-04 6.296e-02 8.593e-05 0.000e+00
1.000e+00 2.230e-04 6.098e-02 7.357e-05 0.000e+00
1.022e+00 2.135e-04 6.034e-02 6.956e-05 0.000e+00
1.033e+00 2.090e-04 6.002e-02 6.774e-05 8.720e-09
1.141e+00 1.714e-04 5.713e-02 5.513e-05 8.035e-06
1.250e+00 1.429e-04 5.454e-02 4.712e-05 4.242e-05
1.259e+00 1.408e-04 5.434e-02 4.654e-05 4.659e-05
1.390e+00 1.156e-04 5.163e-02 3.905e-05 1.293e-04
1.500e+00 9.923e-05 4.958e-02 3.407e-05 2.271e-04
1.535e+00 9.476e-05 4.897e-02 3.273e-05 2.629e-04
1.694e+00 7.782e-05 4.640e-02 2.768e-05 4.493e-04
1.870e+00 6.386e-05 4.393e-02 2.357e-05 6.917e-04
2.000e+00 5.583e-05 4.231e-02 2.118e-05 8.879e-04
2.044e+00 5.346e-05 4.180e-02 2.047e-05 9.567e-04
2.065e+00 5.238e-05 4.157e-02 2.014e-05 9.898e-04
2.279e+00 4.300e-05 3.929e-02 1.732e-05 1.334e-03
2.516e+00 3.528e-05 3.706e-02 1.495e-05 1.724e-03
2.778e+00 2.894e-05 3.490e-02 1.297e-05 2.157e-03
3.000e+00 2.482e-05 3.329e-02 1.164e-05 2.521e-03
3.066e+00 2.376e-05 3.285e-02 1.130e-05 2.628e-03
3.385e+00 1.950e-05 3.088e-02 9.867e-06 3.142e-03
3.737e+00 1.600e-05 2.901e-02 8.645e-06 3.692e-03
4.000e+00 1.396e-05 2.777e-02 7.907e-06 4.091e-03
4.125e+00 1.313e-05 2.723e-02 7.598e-06 4.276e-03
4.554e+00 1.077e-05 2.552e-02 6.695e-06 4.891e-03
5.000e+00 8.938e-06 2.398e-02 5.954e-06 5.502e-03
5.027e+00 8.842e-06 2.390e-02 5.914e-06 5.537e-03
5.549e+00 7.257e-06 2.236e-02 5.235e-06 6.215e-03
6.000e+00 6.207e-06 2.120e-02 4.761e-06 6.771e-03
6.126e+00 5.954e-06 2.090e-02 4.644e-06 6.920e-03
6.762e+00 4.888e-06 1.952e-02 4.128e-06 7.647e-03
7.000e+00 4.561e-06 1.906e-02 3.963e-06 7.906e-03
7.465e+00 4.010e-06 1.822e-02 3.675e-06 8.395e-03
8.000e+00 3.491e-06 1.734e-02 3.390e-06 8.930e-03
8.241e+00 3.290e-06 1.698e-02 3.276e-06 9.163e-03
9.000e+00 2.759e-06 1.594e-02 2.961e-06 9.862e-03
9.097e+00 2.700e-06 1.582e-02 2.925e-06 9.948e-03
1.000e+01 2.234e-06 1.477e-02 2.628e-06 1.071e-02
1.004e+01 2.216e-06 1.473e-02 2.616e-06 1.074e-02
1.100e+01 1.846e-06 1.378e-02 2.361e-06 1.148e-02
1.109e+01 1.817e-06 1.370e-02 2.340e-06 1.154e-02
1.200e+01 1.552e-06 1.292e-02 2.142e-06 1.219e-02
1.224e+01 1.491e-06 1.273e-02 2.096e-06 1.235e-02
1.300e+01 1.322e-06 1.217e-02 1.962e-06 1.284e-02
1.351e+01 1.224e-06 1.183e-02 1.881e-06 1.316e-02
1.400e+01 1.140e-06 1.152e-02 1.809e-06 1.345e-02
1.491e+01 1.005e-06 1.098e-02 1.688e-06 1.398e-02
1.500e+01 9.932e-07 1.093e-02 1.677e-06 1.403e-02
1.600e+01 8.729e-07 1.041e-02 1.564e-06 1.456e-02
1.646e+01 8.248e-07 1.019e-02 1.517e-06 1.480e-02
1.800e+01 6.896e-07 9.516e-03 1.377e-06 1.554e-02
1.818e+01 6.761e-07 9.443e-03 1.363e-06 1.563e-02
2.000e+01 5.587e-07 8.775e-03 1.231e-06 1.643e-02
