# CURIUM from NIST Database
1.351e+01 0.000e+00 0.000e+00 0.000e+00 0.000e+00
9.600e+01 1.000e+00 3.500e+00 0.000e+00 0.000e+00
0.000e+00 0.000e+00 0.000e+00 0.000e+00 0.000e+00
1.000e-03 1.430e+01 4.251e-03 7.524e+03 0.000e+00
1.020e-03 1.428e+01 4.366e-03 7.270e+03 0.000e+00
1.126e-03 1.415e+01 4.978e-03 6.122e+03 0.000e+00
1.154e-03 1.412e+01 5.138e-03 5.867e+03 0.000e+00
1.154e-03 1.412e+01 5.138e-03 6.228e+03 0.000e+00
1.243e-03 1.401e+01 5.638e-03 5.408e+03 0.000e+00
1.372e-03 1.386e+01 6.353e-03 4.483e+03 0.000e+00
1.440e-03 1.377e+01 6.735e-03 4.090e+03 0.000e+00
1.440e-03 1.377e+01 6.735e-03 4.173e+03 0.000e+00
1.500e-03 1.369e+01 7.076e-03 3.817e+03 0.000e+00
1.515e-03 1.367e+01 7.161e-03 3.740e+03 0.000e+00
1.643e-03 1.350e+01 7.883e-03 3.171e+03 0.000e+00
1.643e-03 1.350e+01 7.883e-03 3.230e+03 0.000e+00
1.672e-03 1.346e+01 8.046e-03 3.114e+03 0.000e+00
1.846e-03 1.324e+01 9.022e-03 2.531e+03 0.000e+00
2.000e-03 1.303e+01 9.884e-03 2.141e+03 0.000e+00
2.038e-03 1.298e+01 1.010e-02 2.054e+03 0.000e+00
2.250e-03 1.270e+01 1.127e-02 1.652e+03 0.000e+00
2.483e-03 1.239e+01 1.255e-02 1.330e+03 0.000e+00
2.741e-03 1.205e+01 1.395e-02 1.070e+03 0.000e+00
3.000e-03 1.171e+01 1.532e-02 8.772e+02 0.000e+00
3.026e-03 1.168e+01 1.546e-02 8.600e+02 0.000e+00
3.341e-03 1.128e+01 1.708e-02 6.850e+02 0.000e+00
3.688e-03 1.085e+01 1.882e-02 5.459e+02 0.000e+00
3.971e-03 1.051e+01 2.020e-02 4.607e+02 0.000e+00
3.971e-03 1.051e+01 2.020e-02 1.038e+03 0.000e+00
4.000e-03 1.048e+01 2.034e-02 1.027e+03 0.000e+00
4.071e-03 1.040e+01 2.068e-02 9.922e+02 0.000e+00
4.227e-03 1.022e+01 2.141e-02 9.218e+02 0.000e+00
4.227e-03 1.022e+01 2.141e-02 1.287e+03 0.000e+00
4.494e-03 9.921e+00 2.265e-02 1.114e+03 0.000e+00
4.797e-03 9.596e+00 2.401e-02 9.552e+02 0.000e+00
4.797e-03 9.596e+00 2.401e-02 1.112e+03 0.000e+00
4.961e-03 9.426e+00 2.474e-02 1.026e+03 0.000e+00
5.000e-03 9.386e+00 2.491e-02 1.007e+03 0.000e+00
5.477e-03 8.919e+00 2.695e-02 7.974e+02 0.000e+00
5.895e-03 8.536e+00 2.864e-02 6.605e+02 0.000e+00
5.895e-03 8.536e+00 2.864e-02 7.005e+02 0.000e+00
6.000e-03 8.443e+00 2.905e-02 6.705e+02 0.000e+00
6.046e-03 8.403e+00 2.924e-02 6.580e+02 0.000e+00
6.288e-03 8.197e+00 3.020e-02 5.969e+02 0.000e+00
6.288e-03 8.197e+00 3.020e-02 6.218e+02 0.000e+00
6.675e-03 7.884e+00 3.169e-02 5.368e+02 0.000e+00
7.368e-03 7.367e+00 3.422e-02 4.209e+02 0.000e+00
8.000e-03 6.939e+00 3.642e-02 3.437e+02 0.000e+00
8.134e-03 6.854e+00 3.687e-02 3.297e+02 0.000e+00
8.979e-03 6.348e+00 3.968e-02 2.575e+02 0.000e+00
9.912e-03 5.854e+00 4.265e-02 2.011e+02 0.000e+00
1.000e-02 5.811e+00 4.292e-02 1.967e+02 0.000e+00
1.094e-02 5.376e+00 4.574e-02 1.565e+02 0.000e+00
1.208e-02 4.912e+00 4.895e-02 1.216e+02 0.000e+00
1.334e-02 4.466e+00 5.225e-02 9.448e+01 0.000e+00
1.472e-02 4.044e+00 5.555e-02 7.354e+01 0.000e+00
1.500e-02 3.966e+00 5.618e-02 7.010e+01 0.000e+00
1.625e-02 3.642e+00 5.887e-02 5.704e+01 0.000e+00
1.794e-02 3.262e+00 6.215e-02 4.420e+01 0.000e+00
1.893e-02 3.066e+00 6.391e-02 3.849e+01 0.000e+00
1.893e-02 3.066e+00 6.391e-02 9.038e+01 0.000e+00
1.980e-02 2.908e+00 6.536e-02 8.056e+01 0.000e+00
2.000e-02 2.874e+00 6.569e-02 7.851e+01 0.000e+00
2.186e-02 2.580e+00 6.853e-02 6.156e+01 0.000e+00
2.380e-02 2.317e+00 7.117e-02 4.880e+01 0.000e+00
2.380e-02 2.317e+00 7.117e-02 6.986e+01 0.000e+00
2.413e-02 2.277e+00 7.159e-02 6.733e+01 0.000e+00
2.446e-02 2.237e+00 7.200e-02 6.496e+01 0.000e+00
2.446e-02 2.237e+00 7.200e-02 7.485e+01 0.000e+00
2.664e-02 1.997e+00 7.451e-02 6.035e+01 0.000e+00
2.941e-02 1.745e+00 7.730e-02 4.702e+01 0.000e+00
3.000e-02 1.698e+00 7.785e-02 4.473e+01 0.000e+00
3.247e-02 1.523e+00 8.001e-02 3.648e+01 0.000e+00
3.584e-02 1.329e+00 8.261e-02 2.829e+01 0.000e+00
3.957e-02 1.157e+00 8.505e-02 2.193e+01 0.000e+00
4.000e-02 1.140e+00 8.531e-02 2.132e+01 0.000e+00
4.368e-02 1.006e+00 8.728e-02 1.694e+01 0.000e+00
4.822e-02 8.715e-01 8.927e-02 1.309e+01 0.000e+00
5.000e-02 8.258e-01 8.994e-02 1.190e+01 0.000e+00
5.323e-02 7.512e-01 9.101e-02 1.009e+01 0.000e+00
5.876e-02 6.444e-01 9.245e-02 7.775e+00 0.000e+00
6.000e-02 6.235e-01 9.272e-02 7.359e+00 0.000e+00
6.486e-02 5.508e-01 9.359e-02 5.981e+00 0.000e+00
7.161e-02 4.694e-01 9.442e-02 4.596e+00 0.000e+00
7.905e-02 3.996e-01 9.494e-02 3.533e+00 0.000e+00
8.000e-02 3.919e-01 9.499e-02 3.422e+00 0.000e+00
8.726e-02 3.402e-01 9.518e-02 2.712e+00 0.000e+00
9.633e-02 2.893e-01 9.513e-02 2.081e+00 0.000e+00
1.000e-01 2.720e-01 9.503e-02 1.883e+00 0.000e+00
1.063e-01 2.458e-01 9.479e-02 1.598e+00 0.000e+00
1.174e-01 2.081e-01 9.418e-02 1.225e+00 0.000e+00
1.282e-01 1.792e-01 9.343e-02 9.669e-01 0.000e+00
1.282e-01 1.792e-01 9.343e-02 3.910e+00 0.000e+00
1.296e-01 1.760e-01 9.332e-02 3.807e+00 0.000e+00
1.431e-01 1.484e-01 9.224e-02 2.973e+00 0.000e+00
1.500e-01 1.367e-01 9.165e-02 2.642e+00 0.000e+00
1.579e-01 1.250e-01 9.094e-02 2.322e+00 0.000e+00
1.743e-01 1.049e-01 8.942e-02 1.808e+00 0.000e+00
1.925e-01 8.784e-02 8.770e-02 1.405e+00 0.000e+00
2.000e-01 8.202e-02 8.699e-02 1.276e+00 0.000e+00
2.125e-01 7.356e-02 8.582e-02 1.094e+00 0.000e+00
2.345e-01 6.160e-02 8.380e-02 8.529e-01 0.000e+00
2.589e-01 5.152e-02 8.166e-02 6.652e-01 0.000e+00
2.858e-01 4.307e-02 7.942e-02 5.200e-01 0.000e+00
3.000e-01 3.944e-02 7.829e-02 4.612e-01 0.000e+00
3.155e-01 3.598e-02 7.710e-02 4.074e-01 0.000e+00
3.483e-01 3.003e-02 7.473e-02 3.200e-01 0.000e+00
3.845e-01 2.504e-02 7.232e-02 2.523e-01 0.000e+00
4.000e-01 2.327e-02 7.134e-02 2.296e-01 0.000e+00
4.245e-01 2.084e-02 6.987e-02 1.995e-01 0.000e+00
4.686e-01 1.733e-02 6.740e-02 1.585e-01 0.000e+00
5.000e-01 1.535e-02 6.579e-02 1.365e-01 0.000e+00
5.173e-01 1.440e-02 6.494e-02 1.263e-01 0.000e+00
5.710e-01 1.195e-02 6.248e-02 1.012e-01 0.000e+00
6.000e-01 1.088e-02 6.125e-02 9.067e-02 0.000e+00
6.304e-01 9.901e-03 6.003e-02 8.137e-02 0.000e+00
6.959e-01 8.200e-03 5.759e-02 6.573e-02 0.000e+00
7.682e-01 6.785e-03 5.518e-02 5.329e-02 0.000e+00
8.000e-01 6.276e-03 5.421e-02 4.894e-02 0.000e+00
8.480e-01 5.610e-03 5.282e-02 4.334e-02 0.000e+00
9.361e-01 4.636e-03 5.050e-02 3.541e-02 0.000e+00
1.000e+00 4.080e-03 4.894e-02 3.105e-02 0.000e+00
1.022e+00 3.912e-03 4.843e-02 2.976e-02 0.000e+00
1.033e+00 3.832e-03 4.818e-02 2.915e-02 9.446e-08
1.141e+00 3.159e-03 4.591e-02 2.401e-02 8.939e-05
1.250e+00 2.645e-03 4.390e-02 2.012e-02 4.763e-04
1.259e+00 2.608e-03 4.374e-02 1.985e-02 5.231e-04
1.390e+00 2.149e-03 4.159e-02 1.646e-02 1.420e-03
1.500e+00 1.851e-03 3.997e-02 1.431e-02 2.388e-03
1.535e+00 1.769e-03 3.949e-02 1.372e-02 2.716e-03
1.694e+00 1.458e-03 3.745e-02 1.150e-02 4.216e-03
1.870e+00 1.200e-03 3.548e-02 9.680e-03 5.805e-03
2.000e+00 1.051e-03 3.417e-02 8.636e-03 6.927e-03
2.044e+00 1.007e-03 3.376e-02 8.326e-03 7.303e-03
2.065e+00 9.871e-04 3.356e-02 8.185e-03 7.480e-03
2.279e+00 8.125e-04 3.173e-02 6.954e-03 9.210e-03
2.516e+00 6.680e-04 2.995e-02 5.925e-03 1.097e-02
2.778e+00 5.489e-04 2.822e-02 5.064e-03 1.276e-02
3.000e+00 4.712e-04 2.693e-02 4.495e-03 1.416e-02
3.066e+00 4.512e-04 2.658e-02 4.347e-03 1.456e-02
3.385e+00 3.706e-04 2.499e-02 3.743e-03 1.641e-02
3.737e+00 3.045e-04 2.348e-02 3.234e-03 1.832e-02
4.000e+00 2.659e-04 2.248e-02 2.930e-03 1.967e-02
4.125e+00 2.501e-04 2.203e-02 2.803e-03 2.028e-02
4.554e+00 2.054e-04 2.066e-02 2.436e-03 2.232e-02
5.000e+00 1.705e-04 1.942e-02 2.139e-03 2.428e-02
5.027e+00 1.687e-04 1.935e-02 2.124e-03 2.439e-02
5.549e+00 1.385e-04 1.811e-02 1.856e-03 2.648e-02
6.000e+00 1.185e-04 1.717e-02 1.672e-03 2.817e-02
6.126e+00 1.137e-04 1.692e-02 1.627e-03 2.863e-02
6.762e+00 9.337e-05 1.581e-02 1.429e-03 3.089e-02
7.000e+00 8.714e-05 1.543e-02 1.366e-03 3.170e-02
7.465e+00 7.663e-05 1.475e-02 1.258e-03 3.322e-02
8.000e+00 6.674e-05 1.405e-02 1.152e-03 3.488e-02
8.241e+00 6.290e-05 1.375e-02 1.110e-03 3.561e-02
9.000e+00 5.275e-05 1.291e-02 9.942e-04 3.781e-02
9.097e+00 5.163e-05 1.281e-02 9.811e-04 3.809e-02
1.000e+01 4.273e-05 1.197e-02 8.733e-04 4.051e-02
1.004e+01 4.239e-05 1.193e-02 8.691e-04 4.061e-02
1.100e+01 3.532e-05 1.116e-02 7.780e-04 4.303e-02
1.109e+01 3.475e-05 1.109e-02 7.704e-04 4.324e-02
1.200e+01 2.969e-05 1.047e-02 7.012e-04 4.537e-02
1.224e+01 2.854e-05 1.031e-02 6.849e-04 4.591e-02
1.300e+01 2.530e-05 9.862e-03 6.379e-04 4.755e-02
1.351e+01 2.343e-05 9.583e-03 6.098e-04 4.863e-02
1.400e+01 2.181e-05 9.330e-03 5.850e-04 4.963e-02
1.491e+01 1.923e-05 8.898e-03 5.437e-04 5.138e-02
1.500e+01 1.900e-05 8.858e-03 5.399e-04 5.156e-02
1.600e+01 1.670e-05 8.436e-03 5.011e-04 5.333e-02
1.646e+01 1.578e-05 8.256e-03 4.851e-04 5.412e-02
1.800e+01 1.320e-05 7.710e-03 4.382e-04 5.662e-02
1.818e+01 1.294e-05 7.651e-03 4.334e-04 5.690e-02
2.000e+01 1.069e-05 7.110e-03 3.893e-04 5.954e-02
