# COBALT from NIST Database
8.900e+00 0.000e+00 0.000e+00 0.000e+00 0.000e+00
2.700e+01 1.000e+00 3.500e+00 0.000e+00 0.000e+00
0.000e+00 0.000e+00 0.000e+00 0.000e+00 0.000e+00
1.000e-03 4.659e+00 8.041e-03 9.790e+03 0.000e+00
1.020e-03 4.646e+00 8.277e-03 9.335e+03 0.000e+00
1.126e-03 4.585e+00 9.557e-03 7.359e+03 0.000e+00
1.243e-03 4.519e+00 1.100e-02 5.802e+03 0.000e+00
1.372e-03 4.447e+00 1.261e-02 4.575e+03 0.000e+00
1.500e-03 4.374e+00 1.417e-02 3.692e+03 0.000e+00
1.515e-03 4.365e+00 1.435e-02 3.600e+03 0.000e+00
1.672e-03 4.270e+00 1.619e-02 2.801e+03 0.000e+00
1.846e-03 4.164e+00 1.815e-02 2.177e+03 0.000e+00
2.000e-03 4.070e+00 1.983e-02 1.775e+03 0.000e+00
2.038e-03 4.047e+00 2.024e-02 1.689e+03 0.000e+00
2.250e-03 3.920e+00 2.251e-02 1.301e+03 0.000e+00
2.483e-03 3.783e+00 2.494e-02 1.003e+03 0.000e+00
2.741e-03 3.635e+00 2.759e-02 7.731e+02 0.000e+00
3.000e-03 3.492e+00 3.020e-02 6.093e+02 0.000e+00
3.026e-03 3.478e+00 3.046e-02 5.953e+02 0.000e+00
3.341e-03 3.310e+00 3.357e-02 4.555e+02 0.000e+00
3.688e-03 3.133e+00 3.693e-02 3.487e+02 0.000e+00
4.000e-03 2.981e+00 3.988e-02 2.800e+02 0.000e+00
4.071e-03 2.947e+00 4.054e-02 2.668e+02 0.000e+00
4.494e-03 2.754e+00 4.440e-02 2.034e+02 0.000e+00
4.961e-03 2.557e+00 4.848e-02 1.550e+02 0.000e+00
5.000e-03 2.541e+00 4.881e-02 1.517e+02 0.000e+00
5.477e-03 2.358e+00 5.278e-02 1.178e+02 0.000e+00
6.000e-03 2.173e+00 5.693e-02 9.149e+01 0.000e+00
6.046e-03 2.158e+00 5.728e-02 8.955e+01 0.000e+00
6.675e-03 1.961e+00 6.198e-02 6.787e+01 0.000e+00
7.368e-03 1.773e+00 6.681e-02 5.147e+01 0.000e+00
7.709e-03 1.691e+00 6.907e-02 4.535e+01 0.000e+00
7.709e-03 1.691e+00 6.907e-02 3.538e+02 0.000e+00
8.000e-03 1.626e+00 7.093e-02 3.231e+02 0.000e+00
8.134e-03 1.597e+00 7.177e-02 3.101e+02 0.000e+00
8.979e-03 1.430e+00 7.679e-02 2.418e+02 0.000e+00
9.912e-03 1.276e+00 8.183e-02 1.871e+02 0.000e+00
1.000e-02 1.263e+00 8.228e-02 1.828e+02 0.000e+00
1.094e-02 1.137e+00 8.679e-02 1.441e+02 0.000e+00
1.208e-02 1.011e+00 9.164e-02 1.105e+02 0.000e+00
1.334e-02 8.977e-01 9.633e-02 8.437e+01 0.000e+00
1.472e-02 7.965e-01 1.008e-01 6.439e+01 0.000e+00
1.500e-02 7.783e-01 1.016e-01 6.113e+01 0.000e+00
1.625e-02 7.050e-01 1.051e-01 4.898e+01 0.000e+00
1.794e-02 6.220e-01 1.091e-01 3.717e+01 0.000e+00
1.980e-02 5.465e-01 1.129e-01 2.816e+01 0.000e+00
2.000e-02 5.391e-01 1.132e-01 2.738e+01 0.000e+00
2.186e-02 4.771e-01 1.164e-01 2.127e+01 0.000e+00
2.413e-02 4.143e-01 1.196e-01 1.604e+01 0.000e+00
2.664e-02 3.578e-01 1.226e-01 1.206e+01 0.000e+00
2.941e-02 3.076e-01 1.252e-01 9.047e+00 0.000e+00
3.000e-02 2.983e-01 1.257e-01 8.538e+00 0.000e+00
3.247e-02 2.633e-01 1.275e-01 6.774e+00 0.000e+00
3.584e-02 2.248e-01 1.294e-01 5.067e+00 0.000e+00
3.957e-02 1.914e-01 1.309e-01 3.781e+00 0.000e+00
4.000e-02 1.880e-01 1.310e-01 3.661e+00 0.000e+00
4.368e-02 1.628e-01 1.320e-01 2.818e+00 0.000e+00
4.822e-02 1.382e-01 1.327e-01 2.097e+00 0.000e+00
5.000e-02 1.302e-01 1.328e-01 1.881e+00 0.000e+00
5.323e-02 1.173e-01 1.330e-01 1.558e+00 0.000e+00
5.876e-02 9.941e-02 1.329e-01 1.156e+00 0.000e+00
6.000e-02 9.597e-02 1.328e-01 1.085e+00 0.000e+00
6.486e-02 8.412e-02 1.325e-01 8.568e-01 0.000e+00
7.161e-02 7.103e-02 1.318e-01 6.340e-01 0.000e+00
7.905e-02 5.986e-02 1.308e-01 4.689e-01 0.000e+00
8.000e-02 5.862e-02 1.307e-01 4.521e-01 0.000e+00
8.726e-02 5.032e-02 1.296e-01 3.466e-01 0.000e+00
9.633e-02 4.220e-02 1.280e-01 2.559e-01 0.000e+00
1.000e-01 3.945e-02 1.273e-01 2.282e-01 0.000e+00
1.063e-01 3.533e-02 1.262e-01 1.891e-01 0.000e+00
1.174e-01 2.946e-02 1.241e-01 1.394e-01 0.000e+00
1.296e-01 2.455e-02 1.217e-01 1.029e-01 0.000e+00
1.431e-01 2.041e-02 1.192e-01 7.588e-02 0.000e+00
1.500e-01 1.869e-02 1.179e-01 6.567e-02 0.000e+00
1.579e-01 1.697e-02 1.165e-01 5.612e-02 0.000e+00
1.743e-01 1.408e-02 1.136e-01 4.149e-02 0.000e+00
1.925e-01 1.166e-02 1.106e-01 3.067e-02 0.000e+00
2.000e-01 1.084e-02 1.094e-01 2.731e-02 0.000e+00
2.125e-01 9.656e-03 1.075e-01 2.274e-02 0.000e+00
2.345e-01 7.994e-03 1.044e-01 1.692e-02 0.000e+00
2.589e-01 6.606e-03 1.011e-01 1.261e-02 0.000e+00
2.858e-01 5.456e-03 9.787e-02 9.425e-03 0.000e+00
3.000e-01 4.966e-03 9.626e-02 8.184e-03 0.000e+00
3.155e-01 4.503e-03 9.458e-02 7.075e-03 0.000e+00
3.483e-01 3.712e-03 9.127e-02 5.333e-03 0.000e+00
3.845e-01 3.059e-03 8.798e-02 4.040e-03 0.000e+00
4.000e-01 2.831e-03 8.666e-02 3.621e-03 0.000e+00
4.245e-01 2.518e-03 8.470e-02 3.077e-03 0.000e+00
4.686e-01 2.073e-03 8.145e-02 2.360e-03 0.000e+00
5.000e-01 1.824e-03 7.934e-02 1.991e-03 0.000e+00
5.173e-01 1.706e-03 7.824e-02 1.823e-03 0.000e+00
5.710e-01 1.403e-03 7.508e-02 1.419e-03 0.000e+00
6.000e-01 1.272e-03 7.351e-02 1.254e-03 0.000e+00
6.304e-01 1.154e-03 7.196e-02 1.110e-03 0.000e+00
6.959e-01 9.480e-04 6.890e-02 8.741e-04 0.000e+00
7.682e-01 7.789e-04 6.590e-02 6.974e-04 0.000e+00
8.000e-01 7.186e-04 6.468e-02 6.389e-04 0.000e+00
8.480e-01 6.400e-04 6.296e-02 5.661e-04 0.000e+00
9.361e-01 5.257e-04 6.009e-02 4.613e-04 0.000e+00
1.000e+00 4.609e-04 5.821e-02 3.975e-04 0.000e+00
1.022e+00 4.412e-04 5.759e-02 3.774e-04 0.000e+00
1.033e+00 4.319e-04 5.729e-02 3.681e-04 1.635e-08
1.141e+00 3.542e-04 5.454e-02 3.004e-04 1.436e-05
1.250e+00 2.953e-04 5.207e-02 2.552e-04 7.286e-05
1.259e+00 2.911e-04 5.188e-02 2.519e-04 7.981e-05
1.390e+00 2.389e-04 4.929e-02 2.109e-04 2.143e-04
1.500e+00 2.052e-04 4.734e-02 1.839e-04 3.692e-04
1.535e+00 1.960e-04 4.676e-02 1.766e-04 4.255e-04
1.694e+00 1.612e-04 4.432e-02 1.488e-04 7.170e-04
1.870e+00 1.324e-04 4.196e-02 1.262e-04 1.095e-03
2.000e+00 1.156e-04 4.041e-02 1.133e-04 1.399e-03
2.044e+00 1.106e-04 3.992e-02 1.095e-04 1.505e-03
2.065e+00 1.083e-04 3.969e-02 1.078e-04 1.556e-03
2.279e+00 8.877e-05 3.751e-02 9.259e-05 2.086e-03
2.516e+00 7.286e-05 3.539e-02 7.966e-05 2.680e-03
2.778e+00 5.985e-05 3.334e-02 6.874e-05 3.335e-03
3.000e+00 5.137e-05 3.181e-02 6.147e-05 3.882e-03
3.066e+00 4.919e-05 3.139e-02 5.959e-05 4.043e-03
3.385e+00 4.037e-05 2.951e-02 5.187e-05 4.810e-03
3.737e+00 3.311e-05 2.772e-02 4.532e-05 5.630e-03
4.000e+00 2.890e-05 2.654e-02 4.138e-05 6.220e-03
4.125e+00 2.717e-05 2.602e-02 3.972e-05 6.495e-03
4.554e+00 2.229e-05 2.439e-02 3.490e-05 7.403e-03
5.000e+00 1.850e-05 2.292e-02 3.095e-05 8.301e-03
5.027e+00 1.830e-05 2.284e-02 3.074e-05 8.353e-03
5.549e+00 1.502e-05 2.136e-02 2.715e-05 9.348e-03
6.000e+00 1.284e-05 2.025e-02 2.465e-05 1.016e-02
6.126e+00 1.232e-05 1.997e-02 2.403e-05 1.038e-02
6.762e+00 1.011e-05 1.865e-02 2.131e-05 1.144e-02
7.000e+00 9.439e-06 1.821e-02 2.044e-05 1.182e-02
7.465e+00 8.300e-06 1.741e-02 1.892e-05 1.253e-02
8.000e+00 7.227e-06 1.657e-02 1.743e-05 1.331e-02
8.241e+00 6.810e-06 1.623e-02 1.684e-05 1.366e-02
9.000e+00 5.710e-06 1.524e-02 1.520e-05 1.467e-02
9.097e+00 5.589e-06 1.512e-02 1.501e-05 1.479e-02
1.000e+01 4.625e-06 1.411e-02 1.346e-05 1.589e-02
1.004e+01 4.588e-06 1.407e-02 1.340e-05 1.594e-02
1.100e+01 3.823e-06 1.316e-02 1.207e-05 1.702e-02
1.109e+01 3.761e-06 1.308e-02 1.196e-05 1.712e-02
1.200e+01 3.212e-06 1.234e-02 1.094e-05 1.804e-02
1.224e+01 3.087e-06 1.216e-02 1.070e-05 1.827e-02
1.300e+01 2.737e-06 1.163e-02 1.001e-05 1.899e-02
1.351e+01 2.534e-06 1.130e-02 9.585e-06 1.944e-02
1.400e+01 2.359e-06 1.101e-02 9.214e-06 1.988e-02
1.491e+01 2.081e-06 1.049e-02 8.596e-06 2.062e-02
1.500e+01 2.056e-06 1.044e-02 8.540e-06 2.069e-02
1.600e+01 1.807e-06 9.948e-03 7.955e-06 2.147e-02
1.646e+01 1.707e-06 9.736e-03 7.712e-06 2.182e-02
1.800e+01 1.428e-06 9.091e-03 6.998e-06 2.290e-02
1.818e+01 1.399e-06 9.022e-03 6.923e-06 2.302e-02
2.000e+01 1.157e-06 8.384e-03 6.246e-06 2.416e-02
