# CONCRETE, PORTLAND from NIST Database
2.300e+00 0.000e+00 0.000e+00 0.000e+00 0.000e+00
1.000e+00 9.921e-03 3.500e+00 0.000e+00 0.000e+00
6.000e+00 8.326e-05 3.500e+00 0.000e+00 0.000e+00
8.000e+00 3.307e-02 3.500e+00 0.000e+00 0.000e+00
1.100e+01 6.960e-04 3.500e+00 0.000e+00 0.000e+00
1.200e+01 8.227e-05 3.500e+00 0.000e+00 0.000e+00
1.300e+01 1.255e-03 3.500e+00 0.000e+00 0.000e+00
1.400e+01 1.200e-02 3.500e+00 0.000e+00 0.000e+00
1.900e+01 3.325e-04 3.500e+00 0.000e+00 0.000e+00
2.000e+01 1.098e-03 3.500e+00 0.000e+00 0.000e+00
2.600e+01 2.507e-04 3.500e+00 0.000e+00 0.000e+00
0.000e+00 0.000e+00 0.000e+00 0.000e+00 0.000e+00
1.000e-03 2.027e+00 1.111e-02 3.404e+03 0.000e+00
1.020e-03 2.020e+00 1.148e-02 3.231e+03 0.000e+00
1.072e-03 2.001e+00 1.245e-02 2.833e+03 0.000e+00
1.072e-03 2.001e+00 1.245e-02 2.927e+03 0.000e+00
1.126e-03 1.982e+00 1.348e-02 2.574e+03 0.000e+00
1.243e-03 1.943e+00 1.581e-02 1.986e+03 0.000e+00
1.305e-03 1.922e+00 1.708e-02 1.747e+03 0.000e+00
1.305e-03 1.922e+00 1.708e-02 1.757e+03 0.000e+00
1.372e-03 1.899e+00 1.846e-02 1.539e+03 0.000e+00
1.500e-03 1.855e+00 2.114e-02 1.213e+03 0.000e+00
1.515e-03 1.850e+00 2.146e-02 1.181e+03 0.000e+00
1.560e-03 1.834e+00 2.240e-02 1.091e+03 0.000e+00
1.560e-03 1.834e+00 2.240e-02 1.213e+03 0.000e+00
1.672e-03 1.793e+00 2.476e-02 1.008e+03 0.000e+00
1.839e-03 1.733e+00 2.827e-02 7.800e+02 0.000e+00
1.839e-03 1.733e+00 2.827e-02 1.752e+03 0.000e+00
1.846e-03 1.730e+00 2.842e-02 1.738e+03 0.000e+00
2.000e-03 1.676e+00 3.164e-02 1.474e+03 0.000e+00
2.038e-03 1.663e+00 3.243e-02 1.414e+03 0.000e+00
2.250e-03 1.590e+00 3.679e-02 1.114e+03 0.000e+00
2.483e-03 1.514e+00 4.146e-02 8.562e+02 0.000e+00
2.741e-03 1.433e+00 4.646e-02 6.483e+02 0.000e+00
3.000e-03 1.358e+00 5.128e-02 5.018e+02 0.000e+00
3.026e-03 1.350e+00 5.175e-02 4.898e+02 0.000e+00
3.341e-03 1.266e+00 5.729e-02 3.723e+02 0.000e+00
3.607e-03 1.199e+00 6.173e-02 3.019e+02 0.000e+00
3.607e-03 1.199e+00 6.173e-02 3.158e+02 0.000e+00
3.688e-03 1.180e+00 6.302e-02 2.974e+02 0.000e+00
4.000e-03 1.110e+00 6.786e-02 2.382e+02 0.000e+00
4.038e-03 1.101e+00 6.843e-02 2.320e+02 0.000e+00
4.038e-03 1.101e+00 6.843e-02 2.718e+02 0.000e+00
4.071e-03 1.094e+00 6.891e-02 2.659e+02 0.000e+00
4.494e-03 1.010e+00 7.493e-02 2.030e+02 0.000e+00
4.961e-03 9.280e-01 8.099e-02 1.543e+02 0.000e+00
5.000e-03 9.216e-01 8.147e-02 1.510e+02 0.000e+00
5.477e-03 8.483e-01 8.705e-02 1.169e+02 0.000e+00
6.000e-03 7.774e-01 9.259e-02 9.032e+01 0.000e+00
6.046e-03 7.716e-01 9.304e-02 8.839e+01 0.000e+00
6.675e-03 6.981e-01 9.893e-02 6.667e+01 0.000e+00
7.112e-03 6.529e-01 1.026e-01 5.560e+01 0.000e+00
7.112e-03 6.529e-01 1.026e-01 6.056e+01 0.000e+00
7.368e-03 6.284e-01 1.047e-01 5.478e+01 0.000e+00
8.000e-03 5.734e-01 1.093e-01 4.333e+01 0.000e+00
8.134e-03 5.627e-01 1.102e-01 4.132e+01 0.000e+00
8.979e-03 5.013e-01 1.155e-01 3.108e+01 0.000e+00
9.912e-03 4.445e-01 1.206e-01 2.331e+01 0.000e+00
1.000e-02 4.397e-01 1.210e-01 2.272e+01 0.000e+00
1.094e-02 3.925e-01 1.254e-01 1.747e+01 0.000e+00
1.208e-02 3.450e-01 1.300e-01 1.305e+01 0.000e+00
1.334e-02 3.020e-01 1.344e-01 9.725e+00 0.000e+00
1.472e-02 2.638e-01 1.384e-01 7.253e+00 0.000e+00
1.500e-02 2.570e-01 1.391e-01 6.856e+00 0.000e+00
1.625e-02 2.296e-01 1.421e-01 5.393e+00 0.000e+00
1.794e-02 1.992e-01 1.455e-01 4.002e+00 0.000e+00
1.980e-02 1.724e-01 1.485e-01 2.968e+00 0.000e+00
2.000e-02 1.698e-01 1.488e-01 2.879e+00 0.000e+00
2.186e-02 1.487e-01 1.512e-01 2.196e+00 0.000e+00
2.413e-02 1.279e-01 1.535e-01 1.623e+00 0.000e+00
2.664e-02 1.097e-01 1.555e-01 1.197e+00 0.000e+00
2.941e-02 9.381e-02 1.570e-01 8.822e-01 0.000e+00
3.000e-02 9.088e-02 1.573e-01 8.296e-01 0.000e+00
3.247e-02 8.001e-02 1.582e-01 6.491e-01 0.000e+00
3.584e-02 6.808e-02 1.589e-01 4.773e-01 0.000e+00
3.957e-02 5.775e-02 1.593e-01 3.503e-01 0.000e+00
4.000e-02 5.671e-02 1.593e-01 3.386e-01 0.000e+00
4.368e-02 4.886e-02 1.593e-01 2.570e-01 0.000e+00
4.822e-02 4.123e-02 1.589e-01 1.883e-01 0.000e+00
5.000e-02 3.872e-02 1.586e-01 1.680e-01 0.000e+00
5.323e-02 3.470e-02 1.581e-01 1.379e-01 0.000e+00
5.876e-02 2.914e-02 1.570e-01 1.009e-01 0.000e+00
6.000e-02 2.808e-02 1.567e-01 9.442e-02 0.000e+00
6.486e-02 2.442e-02 1.555e-01 7.376e-02 0.000e+00
7.161e-02 2.041e-02 1.537e-01 5.387e-02 0.000e+00
7.905e-02 1.703e-02 1.516e-01 3.934e-02 0.000e+00
8.000e-02 1.666e-02 1.514e-01 3.787e-02 0.000e+00
8.726e-02 1.419e-02 1.493e-01 2.872e-02 0.000e+00
9.633e-02 1.180e-02 1.467e-01 2.096e-02 0.000e+00
1.000e-01 1.101e-02 1.456e-01 1.861e-02 0.000e+00
1.063e-01 9.812e-03 1.439e-01 1.532e-02 0.000e+00
1.174e-01 8.132e-03 1.408e-01 1.117e-02 0.000e+00
1.296e-01 6.737e-03 1.376e-01 8.156e-03 0.000e+00
1.431e-01 5.573e-03 1.343e-01 5.957e-03 0.000e+00
1.500e-01 5.091e-03 1.326e-01 5.132e-03 0.000e+00
1.579e-01 4.611e-03 1.308e-01 4.364e-03 0.000e+00
1.743e-01 3.809e-03 1.272e-01 3.197e-03 0.000e+00
1.925e-01 3.140e-03 1.235e-01 2.343e-03 0.000e+00
2.000e-01 2.915e-03 1.221e-01 2.080e-03 0.000e+00
2.125e-01 2.590e-03 1.198e-01 1.723e-03 0.000e+00
2.345e-01 2.135e-03 1.161e-01 1.272e-03 0.000e+00
2.589e-01 1.758e-03 1.123e-01 9.406e-04 0.000e+00
2.858e-01 1.447e-03 1.085e-01 6.984e-04 0.000e+00
3.000e-01 1.315e-03 1.066e-01 6.045e-04 0.000e+00
3.155e-01 1.191e-03 1.047e-01 5.208e-04 0.000e+00
3.483e-01 9.790e-04 1.009e-01 3.902e-04 0.000e+00
3.845e-01 8.048e-04 9.714e-02 2.939e-04 0.000e+00
4.000e-01 7.441e-04 9.565e-02 2.629e-04 0.000e+00
4.245e-01 6.613e-04 9.344e-02 2.227e-04 0.000e+00
4.686e-01 5.434e-04 8.979e-02 1.700e-04 0.000e+00
5.000e-01 4.776e-04 8.743e-02 1.430e-04 0.000e+00
5.173e-01 4.463e-04 8.620e-02 1.309e-04 0.000e+00
5.710e-01 3.666e-04 8.266e-02 1.016e-04 0.000e+00
6.000e-01 3.322e-04 8.091e-02 8.960e-05 0.000e+00
6.304e-01 3.010e-04 7.919e-02 7.912e-05 0.000e+00
6.959e-01 2.472e-04 7.579e-02 6.208e-05 0.000e+00
7.682e-01 2.030e-04 7.247e-02 4.951e-05 0.000e+00
8.000e-01 1.872e-04 7.112e-02 4.543e-05 0.000e+00
8.480e-01 1.666e-04 6.922e-02 4.044e-05 0.000e+00
9.361e-01 1.367e-04 6.605e-02 3.306e-05 0.000e+00
1.000e+00 1.199e-04 6.397e-02 2.824e-05 0.000e+00
1.022e+00 1.148e-04 6.329e-02 2.667e-05 0.000e+00
1.033e+00 1.123e-04 6.296e-02 2.596e-05 5.565e-09
1.141e+00 9.212e-05 5.993e-02 2.111e-05 5.194e-06
1.250e+00 7.675e-05 5.721e-02 1.807e-05 2.772e-05
1.259e+00 7.566e-05 5.700e-02 1.785e-05 3.047e-05
1.390e+00 6.208e-05 5.413e-02 1.498e-05 8.537e-05
1.500e+00 5.331e-05 5.199e-02 1.307e-05 1.507e-04
1.535e+00 5.091e-05 5.136e-02 1.255e-05 1.747e-04
1.694e+00 4.180e-05 4.870e-02 1.061e-05 3.000e-04
1.870e+00 3.430e-05 4.611e-02 9.038e-06 4.631e-04
2.000e+00 2.999e-05 4.438e-02 8.127e-06 5.949e-04
2.044e+00 2.872e-05 4.383e-02 7.855e-06 6.411e-04
2.065e+00 2.814e-05 4.357e-02 7.731e-06 6.633e-04
2.279e+00 2.311e-05 4.114e-02 6.649e-06 8.954e-04
2.516e+00 1.896e-05 3.881e-02 5.742e-06 1.159e-03
2.778e+00 1.555e-05 3.658e-02 4.979e-06 1.454e-03
3.000e+00 1.333e-05 3.491e-02 4.468e-06 1.702e-03
3.066e+00 1.277e-05 3.445e-02 4.335e-06 1.776e-03
3.385e+00 1.047e-05 3.239e-02 3.787e-06 2.129e-03
3.737e+00 8.594e-06 3.043e-02 3.318e-06 2.508e-03
4.000e+00 7.501e-06 2.913e-02 3.035e-06 2.783e-03
4.125e+00 7.053e-06 2.855e-02 2.917e-06 2.911e-03
4.554e+00 5.787e-06 2.676e-02 2.570e-06 3.336e-03
5.000e+00 4.801e-06 2.515e-02 2.286e-06 3.760e-03
5.027e+00 4.749e-06 2.506e-02 2.271e-06 3.785e-03
5.549e+00 3.898e-06 2.345e-02 2.010e-06 4.257e-03
6.000e+00 3.334e-06 2.223e-02 1.829e-06 4.645e-03
6.126e+00 3.198e-06 2.192e-02 1.783e-06 4.749e-03
6.762e+00 2.625e-06 2.047e-02 1.585e-06 5.256e-03
7.000e+00 2.450e-06 1.998e-02 1.522e-06 5.437e-03
7.465e+00 2.154e-06 1.910e-02 1.411e-06 5.779e-03
8.000e+00 1.875e-06 1.818e-02 1.302e-06 6.154e-03
8.241e+00 1.767e-06 1.780e-02 1.258e-06 6.318e-03
9.000e+00 1.482e-06 1.672e-02 1.137e-06 6.809e-03
9.097e+00 1.450e-06 1.659e-02 1.123e-06 6.869e-03
1.000e+01 1.200e-06 1.549e-02 1.009e-06 7.403e-03
1.004e+01 1.191e-06 1.544e-02 1.005e-06 7.426e-03
1.100e+01 9.919e-07 1.445e-02 9.068e-07 7.946e-03
1.109e+01 9.759e-07 1.436e-02 8.986e-07 7.993e-03
1.200e+01 8.335e-07 1.355e-02 8.232e-07 8.445e-03
1.224e+01 8.011e-07 1.335e-02 8.054e-07 8.560e-03
1.300e+01 7.102e-07 1.276e-02 7.536e-07 8.909e-03
1.351e+01 6.576e-07 1.240e-02 7.224e-07 9.134e-03
1.400e+01 6.123e-07 1.207e-02 6.948e-07 9.342e-03
1.491e+01 5.399e-07 1.152e-02 6.487e-07 9.711e-03
1.500e+01 5.334e-07 1.146e-02 6.445e-07 9.747e-03
1.600e+01 4.688e-07 1.092e-02 6.009e-07 1.013e-02
1.646e+01 4.429e-07 1.068e-02 5.827e-07 1.030e-02
1.800e+01 3.704e-07 9.977e-03 5.292e-07 1.082e-02
1.818e+01 3.631e-07 9.901e-03 5.236e-07 1.089e-02
2.000e+01 3.000e-07 9.201e-03 4.729e-07 1.145e-02
