# CHROMIUM from NIST Database
7.180e+00 0.000e+00 0.000e+00 0.000e+00 0.000e+00
2.400e+01 1.000e+00 3.500e+00 0.000e+00 0.000e+00
0.000e+00 0.000e+00 0.000e+00 0.000e+00 0.000e+00
1.000e-03 4.141e+00 8.544e-03 7.401e+03 0.000e+00
1.020e-03 4.129e+00 8.788e-03 7.044e+03 0.000e+00
1.126e-03 4.068e+00 1.011e-02 5.504e+03 0.000e+00
1.243e-03 4.005e+00 1.160e-02 4.301e+03 0.000e+00
1.372e-03 3.935e+00 1.327e-02 3.361e+03 0.000e+00
1.500e-03 3.864e+00 1.491e-02 2.690e+03 0.000e+00
1.515e-03 3.855e+00 1.510e-02 2.622e+03 0.000e+00
1.672e-03 3.765e+00 1.706e-02 2.029e+03 0.000e+00
1.846e-03 3.663e+00 1.919e-02 1.569e+03 0.000e+00
2.000e-03 3.573e+00 2.106e-02 1.274e+03 0.000e+00
2.038e-03 3.551e+00 2.151e-02 1.211e+03 0.000e+00
2.250e-03 3.429e+00 2.406e-02 9.298e+02 0.000e+00
2.483e-03 3.298e+00 2.683e-02 7.144e+02 0.000e+00
2.741e-03 3.156e+00 2.984e-02 5.485e+02 0.000e+00
3.000e-03 3.018e+00 3.280e-02 4.308e+02 0.000e+00
3.026e-03 3.005e+00 3.309e-02 4.208e+02 0.000e+00
3.341e-03 2.844e+00 3.659e-02 3.210e+02 0.000e+00
3.688e-03 2.676e+00 4.032e-02 2.450e+02 0.000e+00
4.000e-03 2.532e+00 4.357e-02 1.962e+02 0.000e+00
4.071e-03 2.500e+00 4.430e-02 1.869e+02 0.000e+00
4.494e-03 2.319e+00 4.851e-02 1.421e+02 0.000e+00
4.961e-03 2.142e+00 5.292e-02 1.081e+02 0.000e+00
5.000e-03 2.129e+00 5.328e-02 1.058e+02 0.000e+00
5.477e-03 1.971e+00 5.749e-02 8.199e+01 0.000e+00
5.989e-03 1.808e+00 6.188e-02 6.386e+01 0.000e+00
5.989e-03 1.808e+00 6.188e-02 5.140e+02 0.000e+00
6.000e-03 1.804e+00 6.197e-02 5.142e+02 0.000e+00
6.046e-03 1.790e+00 6.237e-02 5.147e+02 0.000e+00
6.675e-03 1.616e+00 6.742e-02 4.501e+02 0.000e+00
7.368e-03 1.464e+00 7.242e-02 3.319e+02 0.000e+00
8.000e-03 1.346e+00 7.658e-02 2.499e+02 0.000e+00
8.134e-03 1.323e+00 7.742e-02 2.371e+02 0.000e+00
8.979e-03 1.189e+00 8.244e-02 1.798e+02 0.000e+00
9.912e-03 1.065e+00 8.741e-02 1.407e+02 0.000e+00
1.000e-02 1.055e+00 8.785e-02 1.376e+02 0.000e+00
1.094e-02 9.539e-01 9.222e-02 1.091e+02 0.000e+00
1.208e-02 8.532e-01 9.685e-02 8.322e+01 0.000e+00
1.334e-02 7.615e-01 1.013e-01 6.288e+01 0.000e+00
1.472e-02 6.781e-01 1.055e-01 4.744e+01 0.000e+00
1.500e-02 6.628e-01 1.063e-01 4.495e+01 0.000e+00
1.625e-02 6.007e-01 1.096e-01 3.578e+01 0.000e+00
1.794e-02 5.293e-01 1.134e-01 2.701e+01 0.000e+00
1.980e-02 4.636e-01 1.171e-01 2.038e+01 0.000e+00
2.000e-02 4.573e-01 1.174e-01 1.981e+01 0.000e+00
2.186e-02 4.033e-01 1.205e-01 1.533e+01 0.000e+00
2.413e-02 3.487e-01 1.236e-01 1.150e+01 0.000e+00
2.664e-02 3.001e-01 1.264e-01 8.602e+00 0.000e+00
2.941e-02 2.573e-01 1.289e-01 6.422e+00 0.000e+00
3.000e-02 2.494e-01 1.294e-01 6.055e+00 0.000e+00
3.247e-02 2.200e-01 1.310e-01 4.786e+00 0.000e+00
3.584e-02 1.878e-01 1.327e-01 3.564e+00 0.000e+00
3.957e-02 1.601e-01 1.340e-01 2.649e+00 0.000e+00
4.000e-02 1.573e-01 1.341e-01 2.564e+00 0.000e+00
4.368e-02 1.363e-01 1.349e-01 1.967e+00 0.000e+00
4.822e-02 1.159e-01 1.354e-01 1.459e+00 0.000e+00
5.000e-02 1.092e-01 1.355e-01 1.306e+00 0.000e+00
5.323e-02 9.840e-02 1.356e-01 1.079e+00 0.000e+00
5.876e-02 8.341e-02 1.354e-01 7.977e-01 0.000e+00
6.000e-02 8.053e-02 1.353e-01 7.482e-01 0.000e+00
6.486e-02 7.056e-02 1.349e-01 5.890e-01 0.000e+00
7.161e-02 5.952e-02 1.341e-01 4.343e-01 0.000e+00
7.905e-02 5.009e-02 1.330e-01 3.201e-01 0.000e+00
8.000e-02 4.905e-02 1.328e-01 3.085e-01 0.000e+00
8.726e-02 4.204e-02 1.316e-01 2.359e-01 0.000e+00
9.633e-02 3.519e-02 1.299e-01 1.736e-01 0.000e+00
1.000e-01 3.288e-02 1.291e-01 1.546e-01 0.000e+00
1.063e-01 2.941e-02 1.279e-01 1.279e-01 0.000e+00
1.174e-01 2.450e-02 1.257e-01 9.399e-02 0.000e+00
1.296e-01 2.038e-02 1.232e-01 6.917e-02 0.000e+00
1.431e-01 1.693e-02 1.206e-01 5.088e-02 0.000e+00
1.500e-01 1.550e-02 1.193e-01 4.399e-02 0.000e+00
1.579e-01 1.407e-02 1.178e-01 3.754e-02 0.000e+00
1.743e-01 1.167e-02 1.149e-01 2.769e-02 0.000e+00
1.925e-01 9.656e-03 1.118e-01 2.042e-02 0.000e+00
2.000e-01 8.976e-03 1.106e-01 1.817e-02 0.000e+00
2.125e-01 7.992e-03 1.087e-01 1.511e-02 0.000e+00
2.345e-01 6.612e-03 1.055e-01 1.122e-02 0.000e+00
2.589e-01 5.461e-03 1.021e-01 8.336e-03 0.000e+00
2.858e-01 4.507e-03 9.881e-02 6.220e-03 0.000e+00
3.000e-01 4.101e-03 9.716e-02 5.396e-03 0.000e+00
3.155e-01 3.717e-03 9.545e-02 4.660e-03 0.000e+00
3.483e-01 3.063e-03 9.209e-02 3.507e-03 0.000e+00
3.845e-01 2.522e-03 8.875e-02 2.652e-03 0.000e+00
4.000e-01 2.334e-03 8.742e-02 2.375e-03 0.000e+00
4.245e-01 2.076e-03 8.543e-02 2.016e-03 0.000e+00
4.686e-01 1.709e-03 8.214e-02 1.543e-03 0.000e+00
5.000e-01 1.503e-03 8.001e-02 1.301e-03 0.000e+00
5.173e-01 1.405e-03 7.890e-02 1.191e-03 0.000e+00
5.710e-01 1.155e-03 7.570e-02 9.264e-04 0.000e+00
6.000e-01 1.047e-03 7.411e-02 8.184e-04 0.000e+00
6.304e-01 9.493e-04 7.254e-02 7.239e-04 0.000e+00
6.959e-01 7.800e-04 6.945e-02 5.698e-04 0.000e+00
7.682e-01 6.408e-04 6.642e-02 4.544e-04 0.000e+00
8.000e-01 5.911e-04 6.519e-02 4.164e-04 0.000e+00
8.480e-01 5.264e-04 6.346e-02 3.692e-04 0.000e+00
9.361e-01 4.323e-04 6.057e-02 3.009e-04 0.000e+00
1.000e+00 3.790e-04 5.866e-02 2.590e-04 0.000e+00
1.022e+00 3.629e-04 5.804e-02 2.457e-04 0.000e+00
1.033e+00 3.552e-04 5.773e-02 2.395e-04 1.379e-08
1.141e+00 2.913e-04 5.495e-02 1.954e-04 1.224e-05
1.250e+00 2.429e-04 5.248e-02 1.662e-04 6.265e-05
1.259e+00 2.394e-04 5.229e-02 1.641e-04 6.867e-05
1.390e+00 1.965e-04 4.967e-02 1.375e-04 1.859e-04
1.500e+00 1.687e-04 4.771e-02 1.200e-04 3.222e-04
1.535e+00 1.611e-04 4.712e-02 1.152e-04 3.720e-04
1.694e+00 1.323e-04 4.466e-02 9.725e-05 6.313e-04
1.870e+00 1.086e-04 4.229e-02 8.255e-05 9.691e-04
2.000e+00 9.497e-05 4.072e-02 7.409e-05 1.242e-03
2.044e+00 9.093e-05 4.022e-02 7.158e-05 1.337e-03
2.065e+00 8.909e-05 3.999e-02 7.043e-05 1.382e-03
2.279e+00 7.316e-05 3.779e-02 6.043e-05 1.855e-03
2.516e+00 6.003e-05 3.565e-02 5.205e-05 2.385e-03
2.778e+00 4.925e-05 3.359e-02 4.501e-05 2.969e-03
3.000e+00 4.223e-05 3.205e-02 4.032e-05 3.458e-03
3.066e+00 4.043e-05 3.162e-02 3.910e-05 3.602e-03
3.385e+00 3.317e-05 2.973e-02 3.406e-05 4.292e-03
3.737e+00 2.721e-05 2.792e-02 2.978e-05 5.031e-03
4.000e+00 2.375e-05 2.673e-02 2.721e-05 5.565e-03
4.125e+00 2.234e-05 2.621e-02 2.613e-05 5.812e-03
4.554e+00 1.833e-05 2.457e-02 2.298e-05 6.631e-03
5.000e+00 1.521e-05 2.309e-02 2.040e-05 7.441e-03
5.027e+00 1.504e-05 2.301e-02 2.026e-05 7.489e-03
5.549e+00 1.235e-05 2.153e-02 1.789e-05 8.388e-03
6.000e+00 1.056e-05 2.041e-02 1.625e-05 9.123e-03
6.126e+00 1.013e-05 2.012e-02 1.584e-05 9.321e-03
6.762e+00 8.313e-06 1.879e-02 1.406e-05 1.028e-02
7.000e+00 7.758e-06 1.835e-02 1.349e-05 1.063e-02
7.465e+00 6.822e-06 1.753e-02 1.250e-05 1.127e-02
8.000e+00 5.940e-06 1.669e-02 1.152e-05 1.198e-02
8.241e+00 5.598e-06 1.634e-02 1.113e-05 1.229e-02
9.000e+00 4.693e-06 1.535e-02 1.004e-05 1.321e-02
9.097e+00 4.593e-06 1.523e-02 9.920e-06 1.332e-02
1.000e+01 3.801e-06 1.422e-02 8.900e-06 1.431e-02
1.004e+01 3.771e-06 1.418e-02 8.859e-06 1.436e-02
1.100e+01 3.142e-06 1.326e-02 7.988e-06 1.533e-02
1.109e+01 3.091e-06 1.318e-02 7.915e-06 1.542e-02
1.200e+01 2.640e-06 1.244e-02 7.243e-06 1.626e-02
1.224e+01 2.537e-06 1.226e-02 7.085e-06 1.647e-02
1.300e+01 2.249e-06 1.172e-02 6.626e-06 1.712e-02
1.351e+01 2.083e-06 1.139e-02 6.349e-06 1.754e-02
1.400e+01 1.940e-06 1.109e-02 6.104e-06 1.792e-02
1.491e+01 1.710e-06 1.057e-02 5.695e-06 1.860e-02
1.500e+01 1.690e-06 1.052e-02 5.658e-06 1.867e-02
1.600e+01 1.485e-06 1.002e-02 5.273e-06 1.937e-02
1.646e+01 1.403e-06 9.808e-03 5.113e-06 1.968e-02
1.800e+01 1.173e-06 9.160e-03 4.640e-06 2.067e-02
1.818e+01 1.150e-06 9.090e-03 4.590e-06 2.077e-02
2.000e+01 9.504e-07 8.447e-03 4.142e-06 2.181e-02
