# CESIUM from NIST Database
1.873e+00 0.000e+00 0.000e+00 0.000e+00 0.000e+00
5.500e+01 1.000e+00 3.500e+00 0.000e+00 0.000e+00
0.000e+00 0.000e+00 0.000e+00 0.000e+00 0.000e+00
1.000E-03 8.550E+00 5.881E-03 9.357E+03 0.000E+00
1.020E-03 8.532E+00 6.038E-03 8.979E+03 0.000E+00
1.065E-03 8.491E+00 6.393E-03 8.206E+03 0.000E+00
1.065E-03 8.491E+00 6.393E-03 8.677E+03 0.000E+00
1.126E-03 8.434E+00 6.875E-03 7.730E+03 0.000E+00
1.217E-03 8.346E+00 7.594E-03 6.579E+03 0.000E+00
1.217E-03 8.346E+00 7.594E-03 6.883E+03 0.000E+00
1.243E-03 8.321E+00 7.800E-03 6.568E+03 0.000E+00
1.372E-03 8.198E+00 8.829E-03 5.275E+03 0.000E+00
1.500E-03 8.074E+00 9.864E-03 4.327E+03 0.000E+00
1.515E-03 8.060E+00 9.987E-03 4.228E+03 0.000E+00
1.672E-03 7.905E+00 1.128E-02 3.363E+03 0.000E+00
1.846E-03 7.731E+00 1.272E-02 2.672E+03 0.000E+00
2.000E-03 7.576E+00 1.399E-02 2.218E+03 0.000E+00
2.038E-03 7.538E+00 1.431E-02 2.118E+03 0.000E+00
2.250E-03 7.326E+00 1.605E-02 1.664E+03 0.000E+00
2.483E-03 7.094E+00 1.794E-02 1.309E+03 0.000E+00
2.741E-03 6.842E+00 2.000E-02 1.028E+03 0.000E+00
3.000E-03 6.593E+00 2.203E-02 8.251E+02 0.000E+00
3.026E-03 6.568E+00 2.224E-02 8.074E+02 0.000E+00
3.341E-03 6.278E+00 2.465E-02 6.291E+02 0.000E+00
3.688E-03 5.983E+00 2.721E-02 4.904E+02 0.000E+00
4.000E-03 5.745E+00 2.941E-02 3.997E+02 0.000E+00
4.071E-03 5.695E+00 2.989E-02 3.820E+02 0.000E+00
4.494E-03 5.407E+00 3.267E-02 2.963E+02 0.000E+00
4.961E-03 5.073E+00 3.558E-02 2.299E+02 0.000E+00
5.000E-03 5.043E+00 3.582E-02 2.253E+02 0.000E+00
5.012E-03 5.034E+00 3.589E-02 2.240E+02 0.000E+00
5.012E-03 5.034E+00 3.589E-02 6.625E+02 0.000E+00
5.183E-03 4.921E+00 3.690E-02 6.088E+02 0.000E+00
5.359E-03 4.821E+00 3.791E-02 5.596E+02 0.000E+00
5.359E-03 4.821E+00 3.791E-02 7.644E+02 0.000E+00
5.477E-03 4.754E+00 3.856E-02 7.239E+02 0.000E+00
5.714E-03 4.617E+00 3.985E-02 6.511E+02 0.000E+00
5.714E-03 4.617E+00 3.985E-02 7.499E+02 0.000E+00
6.000E-03 4.459E+00 4.137E-02 6.665E+02 0.000E+00
6.046E-03 4.434E+00 4.161E-02 6.536E+02 0.000E+00
6.675E-03 4.116E+00 4.476E-02 5.066E+02 0.000E+00
7.368E-03 3.804E+00 4.800E-02 3.929E+02 0.000E+00
8.000E-03 3.548E+00 5.079E-02 3.179E+02 0.000E+00
8.134E-03 3.497E+00 5.137E-02 3.042E+02 0.000E+00
8.979E-03 3.197E+00 5.490E-02 2.343E+02 0.000E+00
9.912E-03 2.911E+00 5.857E-02 1.805E+02 0.000E+00
1.000E-02 2.886E+00 5.890E-02 1.764E+02 0.000E+00
1.094E-02 2.642E+00 6.234E-02 1.384E+02 0.000E+00
1.208E-02 2.390E+00 6.619E-02 1.059E+02 0.000E+00
1.334E-02 2.154E+00 7.007E-02 8.107E+01 0.000E+00
1.472E-02 1.938E+00 7.390E-02 6.217E+01 0.000E+00
1.500E-02 1.899E+00 7.463E-02 5.909E+01 0.000E+00
1.625E-02 1.737E+00 7.767E-02 4.741E+01 0.000E+00
1.794E-02 1.551E+00 8.133E-02 3.611E+01 0.000E+00
1.980E-02 1.376E+00 8.484E-02 2.753E+01 0.000E+00
2.000E-02 1.359E+00 8.519E-02 2.677E+01 0.000E+00
2.186E-02 1.213E+00 8.819E-02 2.089E+01 0.000E+00
2.413E-02 1.062E+00 9.135E-02 1.585E+01 0.000E+00
2.664E-02 9.247E-01 9.432E-02 1.203E+01 0.000E+00
2.941E-02 8.019E-01 9.707E-02 9.124E+00 0.000E+00
3.000E-02 7.789E-01 9.760E-02 8.632E+00 0.000E+00
3.247E-02 6.931E-01 9.961E-02 6.904E+00 0.000E+00
3.584E-02 5.981E-01 1.019E-01 5.225E+00 0.000E+00
3.598E-02 5.945E-01 1.020E-01 5.166E+00 0.000E+00
3.598E-02 5.945E-01 1.020E-01 3.073E+01 0.000E+00
3.957E-02 5.154E-01 1.040E-01 2.387E+01 0.000E+00
4.000E-02 5.070E-01 1.042E-01 2.319E+01 0.000E+00
4.368E-02 4.437E-01 1.057E-01 1.843E+01 0.000E+00
4.822E-02 3.813E-01 1.072E-01 1.423E+01 0.000E+00
5.000E-02 3.605E-01 1.077E-01 1.293E+01 0.000E+00
5.323E-02 3.268E-01 1.084E-01 1.092E+01 0.000E+00
5.876E-02 2.791E-01 1.093E-01 8.336E+00 0.000E+00
6.000E-02 2.698E-01 1.095E-01 7.871E+00 0.000E+00
6.486E-02 2.374E-01 1.099E-01 6.354E+00 0.000E+00
7.161E-02 2.011E-01 1.102E-01 4.838E+00 0.000E+00
7.905E-02 1.699E-01 1.101E-01 3.680E+00 0.000E+00
8.000E-02 1.664E-01 1.101E-01 3.560E+00 0.000E+00
8.726E-02 1.432E-01 1.097E-01 2.793E+00 0.000E+00
9.633E-02 1.204E-01 1.090E-01 2.115E+00 0.000E+00
1.000E-01 1.128E-01 1.086E-01 1.903E+00 0.000E+00
1.063E-01 1.013E-01 1.079E-01 1.601E+00 0.000E+00
1.174E-01 8.498E-02 1.066E-01 1.208E+00 0.000E+00
1.296E-01 7.129E-02 1.051E-01 9.123E-01 0.000E+00
1.431E-01 5.972E-02 1.033E-01 6.881E-01 0.000E+00
1.500E-01 5.487E-02 1.024E-01 6.017E-01 0.000E+00
1.579E-01 5.002E-02 1.014E-01 5.199E-01 0.000E+00
1.743E-01 4.182E-02 9.923E-02 3.924E-01 0.000E+00
1.925E-01 3.487E-02 9.693E-02 2.959E-01 0.000E+00
2.000E-01 3.251E-02 9.601E-02 2.656E-01 0.000E+00
2.125E-01 2.906E-02 9.452E-02 2.237E-01 0.000E+00
2.345E-01 2.419E-02 9.202E-02 1.696E-01 0.000E+00
2.589E-01 2.009E-02 8.941E-02 1.286E-01 0.000E+00
2.858E-01 1.666E-02 8.674E-02 9.783E-02 0.000E+00
3.000E-01 1.520E-02 8.541E-02 8.564E-02 0.000E+00
3.155E-01 1.381E-02 8.402E-02 7.464E-02 0.000E+00
3.483E-01 1.142E-02 8.125E-02 5.715E-02 0.000E+00
3.845E-01 9.446E-03 7.846E-02 4.394E-02 0.000E+00
4.000E-01 8.754E-03 7.735E-02 3.961E-02 0.000E+00
4.245E-01 7.806E-03 7.566E-02 3.393E-02 0.000E+00
4.686E-01 6.449E-03 7.287E-02 2.635E-02 0.000E+00
5.000E-01 5.687E-03 7.105E-02 2.238E-02 0.000E+00
5.173E-01 5.323E-03 7.010E-02 2.057E-02 0.000E+00
5.710E-01 4.390E-03 6.734E-02 1.616E-02 0.000E+00
6.000E-01 3.985E-03 6.597E-02 1.435E-02 0.000E+00
6.304E-01 3.617E-03 6.461E-02 1.277E-02 0.000E+00
6.959E-01 2.981E-03 6.191E-02 1.017E-02 0.000E+00
7.682E-01 2.455E-03 5.926E-02 8.144E-03 0.000E+00
8.000E-01 2.266E-03 5.818E-02 7.449E-03 0.000E+00
8.480E-01 2.020E-03 5.665E-02 6.566E-03 0.000E+00
9.361E-01 1.661E-03 5.409E-02 5.329E-03 0.000E+00
1.000E+00 1.459E-03 5.243E-02 4.653E-03 0.000E+00
1.022E+00 1.397E-03 5.188E-02 4.453E-03 0.000E+00
1.033E+00 1.368E-03 5.161E-02 4.358E-03 4.956E-08
1.141E+00 1.124E-03 4.916E-02 3.579E-03 4.116E-05
1.250E+00 9.375E-04 4.694E-02 3.003E-03 1.987E-04
1.259E+00 9.242E-04 4.677E-02 2.962E-03 2.169E-04
1.390E+00 7.591E-04 4.444E-02 2.465E-03 5.535E-04
1.500E+00 6.525E-04 4.269E-02 2.148E-03 9.189E-04
1.535E+00 6.232E-04 4.217E-02 2.062E-03 1.047E-03
1.694E+00 5.122E-04 3.999E-02 1.733E-03 1.686E-03
1.870E+00 4.207E-04 3.787E-02 1.463E-03 2.466E-03
2.000E+00 3.679E-04 3.647E-02 1.307E-03 3.069E-03
2.044E+00 3.523E-04 3.602E-02 1.261E-03 3.276E-03
2.065E+00 3.452E-04 3.581E-02 1.240E-03 3.375E-03
2.279E+00 2.835E-04 3.383E-02 1.056E-03 4.387E-03
2.516E+00 2.327E-04 3.192E-02 9.038E-04 5.498E-03
2.778E+00 1.910E-04 3.009E-02 7.764E-04 6.697E-03
3.000E+00 1.638E-04 2.871E-02 6.919E-04 7.681E-03
3.066E+00 1.568E-04 2.833E-02 6.700E-04 7.969E-03
3.385E+00 1.287E-04 2.664E-02 5.800E-04 9.316E-03
3.737E+00 1.056E-04 2.502E-02 5.038E-04 1.073E-02
4.000E+00 9.221E-05 2.396E-02 4.581E-04 1.174E-02
4.125E+00 8.671E-05 2.348E-02 4.390E-04 1.222E-02
4.554E+00 7.116E-05 2.202E-02 3.835E-04 1.375E-02
5.000E+00 5.904E-05 2.069E-02 3.383E-04 1.526E-02
5.027E+00 5.841E-05 2.062E-02 3.359E-04 1.535E-02
5.549E+00 4.794E-05 1.929E-02 2.951E-04 1.698E-02
6.000E+00 4.100E-05 1.829E-02 2.668E-04 1.830E-02
6.126E+00 3.933E-05 1.803E-02 2.598E-04 1.865E-02
6.762E+00 3.228E-05 1.684E-02 2.293E-04 2.038E-02
7.000E+00 3.013E-05 1.644E-02 2.196E-04 2.100E-02
7.465E+00 2.649E-05 1.572E-02 2.028E-04 2.216E-02
8.000E+00 2.307E-05 1.497E-02 1.863E-04 2.343E-02
8.241E+00 2.174E-05 1.465E-02 1.797E-04 2.398E-02
9.000E+00 1.822E-05 1.376E-02 1.615E-04 2.564E-02
9.097E+00 1.784E-05 1.365E-02 1.595E-04 2.584E-02
1.000E+01 1.476E-05 1.275E-02 1.425E-04 2.767E-02
1.004E+01 1.465E-05 1.271E-02 1.418E-04 2.774E-02
1.100E+01 1.220E-05 1.189E-02 1.274E-04 2.953E-02
1.109E+01 1.201E-05 1.182E-02 1.262E-04 2.970E-02
1.200E+01 1.025E-05 1.115E-02 1.152E-04 3.127E-02
1.224E+01 9.856E-06 1.099E-02 1.126E-04 3.167E-02
1.300E+01 8.736E-06 1.050E-02 1.050E-04 3.288E-02
1.351E+01 8.088E-06 1.021E-02 1.005E-04 3.366E-02
1.400E+01 7.531E-06 9.937E-03 9.651E-05 3.438E-02
1.491E+01 6.640E-06 9.477E-03 8.991E-05 3.564E-02
1.500E+01 6.561E-06 9.434E-03 8.931E-05 3.576E-02
1.600E+01 5.768E-06 8.985E-03 8.306E-05 3.704E-02
1.646E+01 5.451E-06 8.793E-03 8.046E-05 3.760E-02
1.800E+01 4.558E-06 8.210E-03 7.282E-05 3.937E-02
1.818E+01 4.468E-06 8.148E-03 7.202E-05 3.956E-02
2.000E+01 3.692E-06 7.572E-03 6.484E-05 4.145E-02