# COPPER from NIST Database
8.960e+00 0.000e+00 0.000e+00 0.000e+00 0.000e+00
2.900e+01 1.000e+00 3.500e+00 0.000e+00 0.000e+00
0.000e+00 0.000e+00 0.000e+00 0.000e+00 0.000e+00
1.000e-03 5.054e+00 5.914e-03 1.057e+04 0.000e+00
1.020e-03 5.044e+00 6.104e-03 1.001e+04 0.000e+00
1.096e-03 5.008e+00 6.838e-03 8.240e+03 0.000e+00
1.096e-03 5.008e+00 6.838e-03 9.340e+03 0.000e+00
1.126e-03 4.994e+00 7.131e-03 8.759e+03 0.000e+00
1.243e-03 4.938e+00 8.286e-03 6.916e+03 0.000e+00
1.372e-03 4.873e+00 9.574e-03 5.462e+03 0.000e+00
1.500e-03 4.806e+00 1.086e-02 4.413e+03 0.000e+00
1.515e-03 4.798e+00 1.101e-02 4.305e+03 0.000e+00
1.672e-03 4.712e+00 1.260e-02 3.364e+03 0.000e+00
1.846e-03 4.614e+00 1.436e-02 2.626e+03 0.000e+00
2.000e-03 4.525e+00 1.591e-02 2.149e+03 0.000e+00
2.038e-03 4.503e+00 1.630e-02 2.046e+03 0.000e+00
2.250e-03 4.380e+00 1.843e-02 1.580e+03 0.000e+00
2.483e-03 4.245e+00 2.077e-02 1.221e+03 0.000e+00
2.741e-03 4.095e+00 2.333e-02 9.431e+02 0.000e+00
3.000e-03 3.946e+00 2.587e-02 7.449e+02 0.000e+00
3.026e-03 3.931e+00 2.612e-02 7.278e+02 0.000e+00
3.341e-03 3.754e+00 2.916e-02 5.578e+02 0.000e+00
3.688e-03 3.564e+00 3.242e-02 4.278e+02 0.000e+00
4.000e-03 3.399e+00 3.527e-02 3.439e+02 0.000e+00
4.071e-03 3.363e+00 3.591e-02 3.278e+02 0.000e+00
4.494e-03 3.151e+00 3.963e-02 2.502e+02 0.000e+00
4.961e-03 2.932e+00 4.358e-02 1.910e+02 0.000e+00
5.000e-03 2.914e+00 4.391e-02 1.870e+02 0.000e+00
5.477e-03 2.708e+00 4.776e-02 1.454e+02 0.000e+00
6.000e-03 2.500e+00 5.181e-02 1.131e+02 0.000e+00
6.046e-03 2.483e+00 5.216e-02 1.107e+02 0.000e+00
6.675e-03 2.259e+00 5.677e-02 8.394e+01 0.000e+00
7.368e-03 2.043e+00 6.157e-02 6.370e+01 0.000e+00
8.000e-03 1.872e+00 6.569e-02 5.062e+01 0.000e+00
8.134e-03 1.838e+00 6.654e-02 4.830e+01 0.000e+00
8.979e-03 1.646e+00 7.162e-02 3.657e+01 0.000e+00
8.979e-03 1.646e+00 7.162e-02 2.766e+02 0.000e+00
8.979e-03 1.646e+00 7.162e-02 2.766e+02 0.000e+00
9.912e-03 1.465e+00 7.679e-02 2.191e+02 0.000e+00
1.000e-02 1.450e+00 7.725e-02 2.145e+02 0.000e+00
1.094e-02 1.301e+00 8.195e-02 1.713e+02 0.000e+00
1.208e-02 1.152e+00 8.704e-02 1.321e+02 0.000e+00
1.334e-02 1.019e+00 9.200e-02 1.009e+02 0.000e+00
1.472e-02 9.009e-01 9.673e-02 7.697e+01 0.000e+00
1.500e-02 8.797e-01 9.761e-02 7.308e+01 0.000e+00
1.625e-02 7.949e-01 1.012e-01 5.865e+01 0.000e+00
1.794e-02 6.998e-01 1.055e-01 4.468e+01 0.000e+00
1.980e-02 6.142e-01 1.094e-01 3.402e+01 0.000e+00
2.000e-02 6.059e-01 1.098e-01 3.308e+01 0.000e+00
2.186e-02 5.365e-01 1.132e-01 2.580e+01 0.000e+00
2.413e-02 4.664e-01 1.166e-01 1.951e+01 0.000e+00
2.664e-02 4.035e-01 1.198e-01 1.471e+01 0.000e+00
2.941e-02 3.474e-01 1.226e-01 1.107e+01 0.000e+00
3.000e-02 3.369e-01 1.231e-01 1.045e+01 0.000e+00
3.247e-02 2.976e-01 1.250e-01 8.313e+00 0.000e+00
3.584e-02 2.541e-01 1.271e-01 6.236e+00 0.000e+00
3.957e-02 2.162e-01 1.287e-01 4.666e+00 0.000e+00
4.000e-02 2.124e-01 1.289e-01 4.520e+00 0.000e+00
4.368e-02 1.837e-01 1.300e-01 3.487e+00 0.000e+00
4.822e-02 1.559e-01 1.309e-01 2.601e+00 0.000e+00
5.000e-02 1.467e-01 1.311e-01 2.335e+00 0.000e+00
5.323e-02 1.321e-01 1.313e-01 1.937e+00 0.000e+00
5.876e-02 1.118e-01 1.314e-01 1.441e+00 0.000e+00
6.000e-02 1.079e-01 1.313e-01 1.353e+00 0.000e+00
6.486e-02 9.458e-02 1.311e-01 1.071e+00 0.000e+00
7.161e-02 7.986e-02 1.305e-01 7.940e-01 0.000e+00
7.905e-02 6.733e-02 1.296e-01 5.885e-01 0.000e+00
8.000e-02 6.595e-02 1.295e-01 5.676e-01 0.000e+00
8.726e-02 5.664e-02 1.284e-01 4.359e-01 0.000e+00
9.633e-02 4.753e-02 1.269e-01 3.226e-01 0.000e+00
1.000e-01 4.446e-02 1.262e-01 2.878e-01 0.000e+00
1.063e-01 3.982e-02 1.251e-01 2.389e-01 0.000e+00
1.174e-01 3.324e-02 1.231e-01 1.764e-01 0.000e+00
1.296e-01 2.771e-02 1.208e-01 1.304e-01 0.000e+00
1.431e-01 2.306e-02 1.184e-01 9.634e-02 0.000e+00
1.500e-01 2.111e-02 1.171e-01 8.345e-02 0.000e+00
1.579e-01 1.918e-02 1.157e-01 7.137e-02 0.000e+00
1.743e-01 1.592e-02 1.129e-01 5.286e-02 0.000e+00
1.925e-01 1.319e-02 1.100e-01 3.913e-02 0.000e+00
2.000e-01 1.226e-02 1.088e-01 3.487e-02 0.000e+00
2.125e-01 1.092e-02 1.069e-01 2.907e-02 0.000e+00
2.345e-01 9.044e-03 1.038e-01 2.166e-02 0.000e+00
2.589e-01 7.475e-03 1.006e-01 1.616e-02 0.000e+00
2.858e-01 6.175e-03 9.741e-02 1.210e-02 0.000e+00
3.000e-01 5.621e-03 9.581e-02 1.051e-02 0.000e+00
3.155e-01 5.097e-03 9.414e-02 9.090e-03 0.000e+00
3.483e-01 4.204e-03 9.085e-02 6.859e-03 0.000e+00
3.845e-01 3.465e-03 8.756e-02 5.201e-03 0.000e+00
4.000e-01 3.207e-03 8.626e-02 4.664e-03 0.000e+00
4.245e-01 2.854e-03 8.430e-02 3.965e-03 0.000e+00
4.686e-01 2.350e-03 8.108e-02 3.043e-03 0.000e+00
5.000e-01 2.068e-03 7.899e-02 2.568e-03 0.000e+00
5.173e-01 1.934e-03 7.790e-02 2.353e-03 0.000e+00
5.710e-01 1.591e-03 7.475e-02 1.833e-03 0.000e+00
6.000e-01 1.442e-03 7.319e-02 1.621e-03 0.000e+00
6.304e-01 1.308e-03 7.165e-02 1.435e-03 0.000e+00
6.959e-01 1.075e-03 6.860e-02 1.131e-03 0.000e+00
7.682e-01 8.836e-04 6.562e-02 9.024e-04 0.000e+00
8.000e-01 8.152e-04 6.441e-02 8.265e-04 0.000e+00
8.480e-01 7.260e-04 6.270e-02 7.321e-04 0.000e+00
9.361e-01 5.963e-04 5.985e-02 5.963e-04 0.000e+00
1.000e+00 5.228e-04 5.797e-02 5.143e-04 0.000e+00
1.022e+00 5.007e-04 5.735e-02 4.885e-04 0.000e+00
1.033e+00 4.901e-04 5.705e-02 4.767e-04 1.825e-08
1.141e+00 4.020e-04 5.431e-02 3.892e-04 1.591e-05
1.250e+00 3.351e-04 5.187e-02 3.303e-04 8.020e-05
1.259e+00 3.303e-04 5.168e-02 3.261e-04 8.782e-05
1.390e+00 2.712e-04 4.910e-02 2.728e-04 2.343e-04
1.500e+00 2.329e-04 4.716e-02 2.380e-04 4.024e-04
1.535e+00 2.225e-04 4.658e-02 2.285e-04 4.633e-04
1.694e+00 1.828e-04 4.415e-02 1.927e-04 7.788e-04
1.870e+00 1.500e-04 4.181e-02 1.633e-04 1.186e-03
2.000e+00 1.312e-04 4.026e-02 1.464e-04 1.511e-03
2.044e+00 1.256e-04 3.976e-02 1.414e-04 1.623e-03
2.065e+00 1.230e-04 3.953e-02 1.391e-04 1.678e-03
2.279e+00 1.010e-04 3.735e-02 1.192e-04 2.241e-03
2.516e+00 8.288e-05 3.524e-02 1.025e-04 2.878e-03
2.778e+00 6.799e-05 3.320e-02 8.852e-05 3.581e-03
3.000e+00 5.830e-05 3.168e-02 7.922e-05 4.169e-03
3.066e+00 5.582e-05 3.126e-02 7.680e-05 4.343e-03
3.385e+00 4.580e-05 2.939e-02 6.683e-05 5.162e-03
3.737e+00 3.758e-05 2.761e-02 5.835e-05 6.035e-03
4.000e+00 3.280e-05 2.643e-02 5.324e-05 6.663e-03
4.125e+00 3.084e-05 2.591e-02 5.110e-05 6.954e-03
4.554e+00 2.531e-05 2.429e-02 4.487e-05 7.921e-03
5.000e+00 2.100e-05 2.283e-02 3.978e-05 8.877e-03
5.027e+00 2.078e-05 2.275e-02 3.951e-05 8.933e-03
5.549e+00 1.705e-05 2.128e-02 3.488e-05 9.992e-03
6.000e+00 1.458e-05 2.018e-02 3.165e-05 1.086e-02
6.126e+00 1.399e-05 1.989e-02 3.085e-05 1.109e-02
6.762e+00 1.148e-05 1.858e-02 2.734e-05 1.222e-02
7.000e+00 1.071e-05 1.814e-02 2.622e-05 1.262e-02
7.465e+00 9.417e-06 1.734e-02 2.428e-05 1.338e-02
8.000e+00 8.202e-06 1.651e-02 2.237e-05 1.420e-02
8.241e+00 7.730e-06 1.616e-02 2.159e-05 1.456e-02
9.000e+00 6.481e-06 1.517e-02 1.947e-05 1.564e-02
9.097e+00 6.344e-06 1.506e-02 1.923e-05 1.577e-02
1.000e+01 5.249e-06 1.405e-02 1.725e-05 1.695e-02
1.004e+01 5.207e-06 1.401e-02 1.717e-05 1.700e-02
1.100e+01 4.338e-06 1.312e-02 1.547e-05 1.813e-02
1.109e+01 4.268e-06 1.304e-02 1.532e-05 1.823e-02
1.200e+01 3.646e-06 1.230e-02 1.402e-05 1.922e-02
1.224e+01 3.504e-06 1.212e-02 1.371e-05 1.947e-02
1.300e+01 3.106e-06 1.158e-02 1.281e-05 2.023e-02
1.351e+01 2.876e-06 1.126e-02 1.227e-05 2.072e-02
1.400e+01 2.678e-06 1.096e-02 1.180e-05 2.118e-02
1.491e+01 2.361e-06 1.045e-02 1.101e-05 2.198e-02
1.500e+01 2.333e-06 1.041e-02 1.094e-05 2.205e-02
1.600e+01 2.051e-06 9.913e-03 1.019e-05 2.287e-02
1.646e+01 1.938e-06 9.702e-03 9.876e-06 2.323e-02
1.800e+01 1.621e-06 9.057e-03 8.957e-06 2.438e-02
1.818e+01 1.589e-06 8.988e-03 8.860e-06 2.450e-02
2.000e+01 1.313e-06 8.352e-03 7.992e-06 2.572e-02
