# DICHLORODIETHYL ETHER from NIST Database
1.220e+00 0.000e+00 0.000e+00 0.000e+00 0.000e+00
1.000e+00 5.593e-02 3.500e+00 0.000e+00 0.000e+00
6.000e+00 2.797e-02 3.500e+00 0.000e+00 0.000e+00
8.000e+00 6.992e-03 3.500e+00 0.000e+00 0.000e+00
1.700e+01 1.399e-02 3.500e+00 0.000e+00 0.000e+00
0.000e+00 0.000e+00 0.000e+00 0.000e+00 0.000e+00
1.000e-03 2.054e+00 1.228e-02 2.658e+03 0.000e+00
1.020e-03 2.047e+00 1.270e-02 2.521e+03 0.000e+00
1.126e-03 2.010e+00 1.508e-02 1.933e+03 0.000e+00
1.243e-03 1.970e+00 1.786e-02 1.481e+03 0.000e+00
1.372e-03 1.926e+00 2.107e-02 1.135e+03 0.000e+00
1.500e-03 1.881e+00 2.434e-02 8.913e+02 0.000e+00
1.515e-03 1.875e+00 2.473e-02 8.672e+02 0.000e+00
1.672e-03 1.816e+00 2.881e-02 6.607e+02 0.000e+00
1.846e-03 1.749e+00 3.334e-02 5.021e+02 0.000e+00
2.000e-03 1.690e+00 3.732e-02 4.018e+02 0.000e+00
2.038e-03 1.675e+00 3.830e-02 3.811e+02 0.000e+00
2.250e-03 1.594e+00 4.367e-02 2.885e+02 0.000e+00
2.483e-03 1.509e+00 4.938e-02 2.185e+02 0.000e+00
2.741e-03 1.420e+00 5.543e-02 1.652e+02 0.000e+00
2.822e-03 1.394e+00 5.727e-02 1.520e+02 0.000e+00
2.822e-03 1.394e+00 5.727e-02 8.755e+02 0.000e+00
3.000e-03 1.338e+00 6.116e-02 7.835e+02 0.000e+00
3.026e-03 1.330e+00 6.171e-02 7.700e+02 0.000e+00
3.341e-03 1.238e+00 6.815e-02 6.110e+02 0.000e+00
3.688e-03 1.146e+00 7.464e-02 4.664e+02 0.000e+00
4.000e-03 1.072e+00 7.994e-02 3.709e+02 0.000e+00
4.071e-03 1.057e+00 8.108e-02 3.533e+02 0.000e+00
4.494e-03 9.715e-01 8.738e-02 2.709e+02 0.000e+00
4.961e-03 8.909e-01 9.347e-02 2.086e+02 0.000e+00
5.000e-03 8.847e-01 9.394e-02 2.042e+02 0.000e+00
5.477e-03 8.153e-01 9.930e-02 1.596e+02 0.000e+00
6.000e-03 7.502e-01 1.044e-01 1.241e+02 0.000e+00
6.046e-03 7.450e-01 1.049e-01 1.215e+02 0.000e+00
6.675e-03 6.796e-01 1.102e-01 9.230e+01 0.000e+00
7.368e-03 6.187e-01 1.152e-01 6.998e+01 0.000e+00
8.000e-03 5.709e-01 1.192e-01 5.547e+01 0.000e+00
8.134e-03 5.615e-01 1.201e-01 5.292e+01 0.000e+00
8.979e-03 5.077e-01 1.247e-01 3.992e+01 0.000e+00
9.912e-03 4.566e-01 1.293e-01 3.005e+01 0.000e+00
1.000e-02 4.521e-01 1.297e-01 2.929e+01 0.000e+00
1.094e-02 4.080e-01 1.337e-01 2.258e+01 0.000e+00
1.208e-02 3.620e-01 1.379e-01 1.690e+01 0.000e+00
1.334e-02 3.190e-01 1.420e-01 1.263e+01 0.000e+00
1.472e-02 2.797e-01 1.459e-01 9.439e+00 0.000e+00
1.500e-02 2.726e-01 1.466e-01 8.925e+00 0.000e+00
1.625e-02 2.437e-01 1.495e-01 7.032e+00 0.000e+00
1.794e-02 2.112e-01 1.528e-01 5.228e+00 0.000e+00
1.980e-02 1.825e-01 1.557e-01 3.884e+00 0.000e+00
2.000e-02 1.797e-01 1.560e-01 3.768e+00 0.000e+00
2.186e-02 1.571e-01 1.582e-01 2.878e+00 0.000e+00
2.413e-02 1.349e-01 1.603e-01 2.131e+00 0.000e+00
2.664e-02 1.156e-01 1.620e-01 1.574e+00 0.000e+00
2.941e-02 9.891e-02 1.633e-01 1.161e+00 0.000e+00
3.000e-02 9.584e-02 1.635e-01 1.092e+00 0.000e+00
3.247e-02 8.446e-02 1.642e-01 8.549e-01 0.000e+00
3.584e-02 7.202e-02 1.647e-01 6.292e-01 0.000e+00
3.957e-02 6.125e-02 1.648e-01 4.622e-01 0.000e+00
4.000e-02 6.017e-02 1.648e-01 4.468e-01 0.000e+00
4.368e-02 5.198e-02 1.646e-01 3.393e-01 0.000e+00
4.822e-02 4.400e-02 1.640e-01 2.488e-01 0.000e+00
5.000e-02 4.136e-02 1.637e-01 2.220e-01 0.000e+00
5.323e-02 3.714e-02 1.630e-01 1.823e-01 0.000e+00
5.876e-02 3.126e-02 1.618e-01 1.334e-01 0.000e+00
6.000e-02 3.013e-02 1.615e-01 1.249e-01 0.000e+00
6.486e-02 2.624e-02 1.602e-01 9.761e-02 0.000e+00
7.161e-02 2.196e-02 1.583e-01 7.132e-02 0.000e+00
7.905e-02 1.834e-02 1.561e-01 5.211e-02 0.000e+00
8.000e-02 1.795e-02 1.558e-01 5.017e-02 0.000e+00
8.726e-02 1.530e-02 1.537e-01 3.806e-02 0.000e+00
9.633e-02 1.273e-02 1.510e-01 2.778e-02 0.000e+00
1.000e-01 1.187e-02 1.499e-01 2.466e-02 0.000e+00
1.063e-01 1.059e-02 1.481e-01 2.030e-02 0.000e+00
1.174e-01 8.784e-03 1.449e-01 1.480e-02 0.000e+00
1.296e-01 7.284e-03 1.416e-01 1.081e-02 0.000e+00
1.431e-01 6.031e-03 1.382e-01 7.900e-03 0.000e+00
1.500e-01 5.512e-03 1.365e-01 6.807e-03 0.000e+00
1.579e-01 4.995e-03 1.346e-01 5.788e-03 0.000e+00
1.743e-01 4.130e-03 1.309e-01 4.241e-03 0.000e+00
1.925e-01 3.408e-03 1.271e-01 3.108e-03 0.000e+00
2.000e-01 3.165e-03 1.257e-01 2.759e-03 0.000e+00
2.125e-01 2.813e-03 1.233e-01 2.285e-03 0.000e+00
2.345e-01 2.321e-03 1.194e-01 1.687e-03 0.000e+00
2.589e-01 1.912e-03 1.155e-01 1.247e-03 0.000e+00
2.858e-01 1.575e-03 1.116e-01 9.258e-04 0.000e+00
3.000e-01 1.431e-03 1.097e-01 8.012e-04 0.000e+00
3.155e-01 1.296e-03 1.077e-01 6.903e-04 0.000e+00
3.483e-01 1.066e-03 1.038e-01 5.172e-04 0.000e+00
3.845e-01 8.767e-04 9.998e-02 3.896e-04 0.000e+00
4.000e-01 8.106e-04 9.845e-02 3.484e-04 0.000e+00
4.245e-01 7.205e-04 9.617e-02 2.951e-04 0.000e+00
4.686e-01 5.921e-04 9.242e-02 2.252e-04 0.000e+00
5.000e-01 5.205e-04 8.999e-02 1.894e-04 0.000e+00
5.173e-01 4.865e-04 8.872e-02 1.733e-04 0.000e+00
5.710e-01 3.997e-04 8.508e-02 1.345e-04 0.000e+00
6.000e-01 3.621e-04 8.328e-02 1.186e-04 0.000e+00
6.304e-01 3.282e-04 8.151e-02 1.048e-04 0.000e+00
6.959e-01 2.695e-04 7.801e-02 8.219e-05 0.000e+00
7.682e-01 2.213e-04 7.458e-02 6.552e-05 0.000e+00
8.000e-01 2.041e-04 7.320e-02 6.011e-05 0.000e+00
8.480e-01 1.817e-04 7.123e-02 5.347e-05 0.000e+00
9.361e-01 1.492e-04 6.796e-02 4.370e-05 0.000e+00
1.000e+00 1.307e-04 6.583e-02 3.739e-05 0.000e+00
1.022e+00 1.252e-04 6.515e-02 3.533e-05 0.000e+00
1.033e+00 1.225e-04 6.481e-02 3.440e-05 5.735e-09
1.141e+00 1.004e-04 6.168e-02 2.799e-05 5.326e-06
1.250e+00 8.372e-05 5.888e-02 2.394e-05 2.830e-05
1.259e+00 8.253e-05 5.866e-02 2.364e-05 3.110e-05
1.390e+00 6.772e-05 5.572e-02 1.984e-05 8.681e-05
1.500e+00 5.816e-05 5.352e-02 1.731e-05 1.529e-04
1.535e+00 5.553e-05 5.286e-02 1.663e-05 1.772e-04
1.694e+00 4.560e-05 5.010e-02 1.407e-05 3.036e-04
1.870e+00 3.743e-05 4.743e-02 1.198e-05 4.679e-04
2.000e+00 3.272e-05 4.567e-02 1.076e-05 6.009e-04
2.044e+00 3.133e-05 4.511e-02 1.040e-05 6.476e-04
2.065e+00 3.069e-05 4.485e-02 1.024e-05 6.700e-04
2.279e+00 2.520e-05 4.238e-02 8.801e-06 9.043e-04
2.516e+00 2.068e-05 3.998e-02 7.601e-06 1.170e-03
2.778e+00 1.696e-05 3.766e-02 6.593e-06 1.466e-03
3.000e+00 1.454e-05 3.593e-02 5.919e-06 1.717e-03
3.066e+00 1.392e-05 3.545e-02 5.743e-06 1.791e-03
3.385e+00 1.142e-05 3.333e-02 5.017e-06 2.144e-03
3.737e+00 9.375e-06 3.131e-02 4.396e-06 2.526e-03
4.000e+00 8.183e-06 2.997e-02 4.021e-06 2.802e-03
4.125e+00 7.695e-06 2.938e-02 3.864e-06 2.931e-03
4.554e+00 6.314e-06 2.754e-02 3.405e-06 3.360e-03
5.000e+00 5.238e-06 2.589e-02 3.029e-06 3.785e-03
5.027e+00 5.182e-06 2.579e-02 3.008e-06 3.810e-03
5.549e+00 4.252e-06 2.413e-02 2.663e-06 4.284e-03
6.000e+00 3.637e-06 2.288e-02 2.422e-06 4.673e-03
6.126e+00 3.489e-06 2.256e-02 2.362e-06 4.779e-03
6.762e+00 2.864e-06 2.107e-02 2.100e-06 5.289e-03
7.000e+00 2.672e-06 2.057e-02 2.016e-06 5.471e-03
7.465e+00 2.350e-06 1.966e-02 1.870e-06 5.815e-03
8.000e+00 2.046e-06 1.872e-02 1.725e-06 6.192e-03
8.241e+00 1.928e-06 1.833e-02 1.667e-06 6.355e-03
9.000e+00 1.617e-06 1.721e-02 1.507e-06 6.849e-03
9.097e+00 1.582e-06 1.707e-02 1.488e-06 6.910e-03
1.000e+01 1.309e-06 1.594e-02 1.337e-06 7.447e-03
1.004e+01 1.299e-06 1.589e-02 1.331e-06 7.470e-03
1.100e+01 1.082e-06 1.487e-02 1.202e-06 7.992e-03
1.109e+01 1.065e-06 1.478e-02 1.191e-06 8.039e-03
1.200e+01 9.093e-07 1.394e-02 1.090e-06 8.494e-03
1.224e+01 8.740e-07 1.374e-02 1.067e-06 8.609e-03
1.300e+01 7.748e-07 1.313e-02 9.986e-07 8.960e-03
1.351e+01 7.174e-07 1.276e-02 9.574e-07 9.185e-03
1.400e+01 6.681e-07 1.243e-02 9.208e-07 9.395e-03
1.491e+01 5.891e-07 1.185e-02 8.594e-07 9.765e-03
1.500e+01 5.820e-07 1.180e-02 8.538e-07 9.800e-03
1.600e+01 5.115e-07 1.124e-02 7.961e-07 1.018e-02
1.646e+01 4.833e-07 1.100e-02 7.721e-07 1.035e-02
1.800e+01 4.041e-07 1.027e-02 7.012e-07 1.088e-02
1.818e+01 3.962e-07 1.019e-02 6.937e-07 1.095e-02
2.000e+01 3.274e-07 9.469e-03 6.265e-07 1.151e-02
