# DIETHYL ETHER from NIST Database
7.138e-01 0.000e+00 0.000e+00 0.000e+00 0.000e+00
1.000e+00 1.349e-01 3.500e+00 0.000e+00 0.000e+00
6.000e+00 5.397e-02 3.500e+00 0.000e+00 0.000e+00
8.000e+00 1.349e-02 3.500e+00 0.000e+00 0.000e+00
0.000e+00 0.000e+00 0.000e+00 0.000e+00 0.000e+00
1.000e-03 1.071e+00 1.687e-02 2.424e+03 0.000e+00
1.020e-03 1.066e+00 1.746e-02 2.295e+03 0.000e+00
1.126e-03 1.043e+00 2.072e-02 1.749e+03 0.000e+00
1.243e-03 1.018e+00 2.455e-02 1.331e+03 0.000e+00
1.372e-03 9.906e-01 2.896e-02 1.012e+03 0.000e+00
1.500e-03 9.623e-01 3.347e-02 7.876e+02 0.000e+00
1.515e-03 9.589e-01 3.401e-02 7.658e+02 0.000e+00
1.672e-03 9.226e-01 3.962e-02 5.787e+02 0.000e+00
1.846e-03 8.816e-01 4.584e-02 4.355e+02 0.000e+00
2.000e-03 8.455e-01 5.130e-02 3.454e+02 0.000e+00
2.038e-03 8.366e-01 5.264e-02 3.270e+02 0.000e+00
2.250e-03 7.883e-01 5.997e-02 2.450e+02 0.000e+00
2.483e-03 7.376e-01 6.774e-02 1.835e+02 0.000e+00
2.741e-03 6.849e-01 7.590e-02 1.370e+02 0.000e+00
3.000e-03 6.359e-01 8.357e-02 1.048e+02 0.000e+00
3.026e-03 6.312e-01 8.431e-02 1.021e+02 0.000e+00
3.341e-03 5.774e-01 9.282e-02 7.590e+01 0.000e+00
3.688e-03 5.246e-01 1.013e-01 5.636e+01 0.000e+00
4.000e-03 4.827e-01 1.081e-01 4.407e+01 0.000e+00
4.071e-03 4.738e-01 1.095e-01 4.177e+01 0.000e+00
4.494e-03 4.256e-01 1.174e-01 3.091e+01 0.000e+00
4.961e-03 3.807e-01 1.249e-01 2.283e+01 0.000e+00
5.000e-03 3.773e-01 1.255e-01 2.228e+01 0.000e+00
5.477e-03 3.394e-01 1.319e-01 1.683e+01 0.000e+00
6.000e-03 3.047e-01 1.379e-01 1.269e+01 0.000e+00
6.046e-03 3.019e-01 1.384e-01 1.239e+01 0.000e+00
6.675e-03 2.681e-01 1.444e-01 9.103e+00 0.000e+00
7.368e-03 2.379e-01 1.499e-01 6.683e+00 0.000e+00
8.000e-03 2.152e-01 1.541e-01 5.160e+00 0.000e+00
8.134e-03 2.109e-01 1.549e-01 4.897e+00 0.000e+00
8.979e-03 1.869e-01 1.596e-01 3.585e+00 0.000e+00
9.912e-03 1.655e-01 1.639e-01 2.620e+00 0.000e+00
1.000e-02 1.637e-01 1.643e-01 2.547e+00 0.000e+00
1.094e-02 1.464e-01 1.679e-01 1.914e+00 0.000e+00
1.208e-02 1.292e-01 1.717e-01 1.394e+00 0.000e+00
1.334e-02 1.136e-01 1.751e-01 1.014e+00 0.000e+00
1.472e-02 9.961e-02 1.782e-01 7.385e-01 0.000e+00
1.500e-02 9.709e-02 1.788e-01 6.949e-01 0.000e+00
1.625e-02 8.691e-02 1.811e-01 5.365e-01 0.000e+00
1.794e-02 7.546e-02 1.836e-01 3.892e-01 0.000e+00
1.980e-02 6.522e-02 1.858e-01 2.824e-01 0.000e+00
2.000e-02 6.424e-02 1.860e-01 2.733e-01 0.000e+00
2.186e-02 5.606e-02 1.875e-01 2.045e-01 0.000e+00
2.413e-02 4.797e-02 1.888e-01 1.480e-01 0.000e+00
2.664e-02 4.086e-02 1.897e-01 1.070e-01 0.000e+00
2.941e-02 3.468e-02 1.902e-01 7.731e-02 0.000e+00
3.000e-02 3.355e-02 1.902e-01 7.241e-02 0.000e+00
3.247e-02 2.934e-02 1.902e-01 5.580e-02 0.000e+00
3.584e-02 2.475e-02 1.898e-01 4.028e-02 0.000e+00
3.957e-02 2.082e-02 1.891e-01 2.904e-02 0.000e+00
4.000e-02 2.043e-02 1.890e-01 2.802e-02 0.000e+00
4.368e-02 1.748e-02 1.879e-01 2.094e-02 0.000e+00
4.822e-02 1.464e-02 1.865e-01 1.509e-02 0.000e+00
5.000e-02 1.371e-02 1.858e-01 1.338e-02 0.000e+00
5.323e-02 1.224e-02 1.846e-01 1.087e-02 0.000e+00
5.876e-02 1.021e-02 1.825e-01 7.829e-03 0.000e+00
6.000e-02 9.823e-03 1.820e-01 7.304e-03 0.000e+00
6.486e-02 8.502e-03 1.801e-01 5.639e-03 0.000e+00
7.161e-02 7.066e-03 1.774e-01 4.058e-03 0.000e+00
7.905e-02 5.864e-03 1.744e-01 2.922e-03 0.000e+00
8.000e-02 5.733e-03 1.741e-01 2.809e-03 0.000e+00
8.726e-02 4.859e-03 1.713e-01 2.105e-03 0.000e+00
9.633e-02 4.020e-03 1.679e-01 1.517e-03 0.000e+00
1.000e-01 3.741e-03 1.665e-01 1.340e-03 0.000e+00
1.063e-01 3.325e-03 1.643e-01 1.095e-03 0.000e+00
1.174e-01 2.742e-03 1.605e-01 7.889e-04 0.000e+00
1.296e-01 2.262e-03 1.567e-01 5.698e-04 0.000e+00
1.431e-01 1.863e-03 1.526e-01 4.118e-04 0.000e+00
1.500e-01 1.699e-03 1.507e-01 3.530e-04 0.000e+00
1.579e-01 1.536e-03 1.485e-01 2.986e-04 0.000e+00
1.743e-01 1.264e-03 1.443e-01 2.166e-04 0.000e+00
1.925e-01 1.039e-03 1.400e-01 1.573e-04 0.000e+00
2.000e-01 9.632e-04 1.383e-01 1.391e-04 0.000e+00
2.125e-01 8.543e-04 1.357e-01 1.146e-04 0.000e+00
2.345e-01 7.027e-04 1.313e-01 8.392e-05 0.000e+00
2.589e-01 5.774e-04 1.270e-01 6.157e-05 0.000e+00
2.858e-01 4.744e-04 1.226e-01 4.539e-05 0.000e+00
3.000e-01 4.308e-04 1.205e-01 3.915e-05 0.000e+00
3.155e-01 3.897e-04 1.183e-01 3.362e-05 0.000e+00
3.483e-01 3.200e-04 1.140e-01 2.504e-05 0.000e+00
3.845e-01 2.627e-04 1.097e-01 1.875e-05 0.000e+00
4.000e-01 2.428e-04 1.080e-01 1.673e-05 0.000e+00
4.245e-01 2.157e-04 1.055e-01 1.413e-05 0.000e+00
4.686e-01 1.771e-04 1.014e-01 1.073e-05 0.000e+00
5.000e-01 1.556e-04 9.867e-02 9.011e-06 0.000e+00
5.173e-01 1.454e-04 9.727e-02 8.238e-06 0.000e+00
5.710e-01 1.193e-04 9.326e-02 6.376e-06 0.000e+00
6.000e-01 1.081e-04 9.128e-02 5.608e-06 0.000e+00
6.304e-01 9.794e-05 8.933e-02 4.929e-06 0.000e+00
6.959e-01 8.038e-05 8.548e-02 3.831e-06 0.000e+00
7.682e-01 6.597e-05 8.172e-02 3.061e-06 0.000e+00
8.000e-01 6.083e-05 8.020e-02 2.829e-06 0.000e+00
8.480e-01 5.414e-05 7.803e-02 2.560e-06 0.000e+00
9.361e-01 4.443e-05 7.444e-02 2.121e-06 0.000e+00
1.000e+00 3.894e-05 7.212e-02 1.759e-06 0.000e+00
1.022e+00 3.729e-05 7.137e-02 1.631e-06 0.000e+00
1.033e+00 3.650e-05 7.101e-02 1.575e-06 2.749e-09
1.141e+00 2.992e-05 6.758e-02 1.262e-06 2.613e-06
1.250e+00 2.493e-05 6.449e-02 1.107e-06 1.415e-05
1.259e+00 2.457e-05 6.425e-02 1.095e-06 1.558e-05
1.390e+00 2.016e-05 6.103e-02 9.245e-07 4.417e-05
1.500e+00 1.731e-05 5.863e-02 8.036e-07 7.852e-05
1.535e+00 1.653e-05 5.791e-02 7.713e-07 9.117e-05
1.694e+00 1.358e-05 5.490e-02 6.542e-07 1.573e-04
1.870e+00 1.114e-05 5.196e-02 5.608e-07 2.434e-04
2.000e+00 9.739e-06 5.002e-02 5.063e-07 3.130e-04
2.044e+00 9.323e-06 4.940e-02 4.898e-07 3.374e-04
2.065e+00 9.134e-06 4.911e-02 4.823e-07 3.491e-04
2.279e+00 7.497e-06 4.639e-02 4.166e-07 4.722e-04
2.516e+00 6.152e-06 4.376e-02 3.614e-07 6.137e-04
2.778e+00 5.047e-06 4.124e-02 3.148e-07 7.734e-04
3.000e+00 4.329e-06 3.935e-02 2.835e-07 9.096e-04
3.066e+00 4.145e-06 3.883e-02 2.753e-07 9.501e-04
3.385e+00 3.400e-06 3.651e-02 2.415e-07 1.145e-03
3.737e+00 2.790e-06 3.429e-02 2.124e-07 1.356e-03
4.000e+00 2.435e-06 3.283e-02 1.948e-07 1.510e-03
4.125e+00 2.290e-06 3.218e-02 1.874e-07 1.582e-03
4.554e+00 1.878e-06 3.016e-02 1.657e-07 1.822e-03
5.000e+00 1.558e-06 2.835e-02 1.479e-07 2.063e-03
5.027e+00 1.542e-06 2.825e-02 1.469e-07 2.078e-03
5.549e+00 1.265e-06 2.643e-02 1.305e-07 2.348e-03
6.000e+00 1.082e-06 2.506e-02 1.189e-07 2.571e-03
6.126e+00 1.038e-06 2.470e-02 1.161e-07 2.631e-03
6.762e+00 8.519e-07 2.307e-02 1.035e-07 2.924e-03
7.000e+00 7.949e-07 2.252e-02 9.941e-08 3.029e-03
7.465e+00 6.991e-07 2.153e-02 9.233e-08 3.227e-03
8.000e+00 6.088e-07 2.050e-02 8.533e-08 3.446e-03
8.241e+00 5.737e-07 2.007e-02 8.252e-08 3.542e-03
9.000e+00 4.810e-07 1.884e-02 7.475e-08 3.829e-03
9.097e+00 4.708e-07 1.870e-02 7.386e-08 3.864e-03
1.000e+01 3.896e-07 1.746e-02 6.648e-08 4.178e-03
1.004e+01 3.865e-07 1.740e-02 6.619e-08 4.191e-03
1.100e+01 3.220e-07 1.628e-02 5.984e-08 4.499e-03
1.109e+01 3.168e-07 1.619e-02 5.931e-08 4.526e-03
1.200e+01 2.705e-07 1.527e-02 5.440e-08 4.793e-03
1.224e+01 2.600e-07 1.505e-02 5.324e-08 4.861e-03
1.300e+01 2.305e-07 1.438e-02 4.987e-08 5.069e-03
1.351e+01 2.135e-07 1.398e-02 4.783e-08 5.203e-03
1.400e+01 1.988e-07 1.361e-02 4.603e-08 5.327e-03
1.491e+01 1.753e-07 1.298e-02 4.302e-08 5.546e-03
1.500e+01 1.732e-07 1.292e-02 4.274e-08 5.568e-03
1.600e+01 1.522e-07 1.230e-02 3.989e-08 5.798e-03
1.646e+01 1.438e-07 1.204e-02 3.870e-08 5.898e-03
1.800e+01 1.202e-07 1.124e-02 3.519e-08 6.214e-03
1.818e+01 1.179e-07 1.116e-02 3.482e-08 6.249e-03
2.000e+01 9.739e-08 1.037e-02 3.148e-08 6.591e-03
