# DIMETHYL SULFOXIDE from NIST Database
1.101e+00 0.000e+00 0.000e+00 0.000e+00 0.000e+00
1.000e+00 7.679e-02 3.500e+00 0.000e+00 0.000e+00
6.000e+00 2.560e-02 3.500e+00 0.000e+00 0.000e+00
8.000e+00 1.280e-02 3.500e+00 0.000e+00 0.000e+00
1.600e+01 1.280e-02 3.500e+00 0.000e+00 0.000e+00
0.000e+00 0.000e+00 0.000e+00 0.000e+00 0.000e+00
1.000e-03 1.875e+00 1.367e-02 2.615e+03 0.000e+00
1.020e-03 1.868e+00 1.415e-02 2.480e+03 0.000e+00
1.126e-03 1.832e+00 1.677e-02 1.900e+03 0.000e+00
1.243e-03 1.794e+00 1.984e-02 1.455e+03 0.000e+00
1.372e-03 1.752e+00 2.337e-02 1.114e+03 0.000e+00
1.500e-03 1.709e+00 2.697e-02 8.732e+02 0.000e+00
1.515e-03 1.704e+00 2.739e-02 8.496e+02 0.000e+00
1.672e-03 1.648e+00 3.186e-02 6.465e+02 0.000e+00
1.846e-03 1.585e+00 3.680e-02 4.906e+02 0.000e+00
2.000e-03 1.529e+00 4.113e-02 3.919e+02 0.000e+00
2.038e-03 1.516e+00 4.219e-02 3.717e+02 0.000e+00
2.250e-03 1.440e+00 4.801e-02 2.809e+02 0.000e+00
2.472e-03 1.366e+00 5.389e-02 2.151e+02 0.000e+00
2.472e-03 1.366e+00 5.389e-02 9.755e+02 0.000e+00
2.483e-03 1.362e+00 5.418e-02 9.657e+02 0.000e+00
2.741e-03 1.281e+00 6.068e-02 7.697e+02 0.000e+00
3.000e-03 1.206e+00 6.683e-02 6.203e+02 0.000e+00
3.026e-03 1.199e+00 6.742e-02 6.072e+02 0.000e+00
3.341e-03 1.116e+00 7.429e-02 4.710e+02 0.000e+00
3.688e-03 1.033e+00 8.116e-02 3.614e+02 0.000e+00
4.000e-03 9.673e-01 8.676e-02 2.898e+02 0.000e+00
4.071e-03 9.533e-01 8.796e-02 2.762e+02 0.000e+00
4.494e-03 8.767e-01 9.460e-02 2.112e+02 0.000e+00
4.961e-03 8.042e-01 1.010e-01 1.613e+02 0.000e+00
5.000e-03 7.986e-01 1.015e-01 1.579e+02 0.000e+00
5.477e-03 7.360e-01 1.071e-01 1.227e+02 0.000e+00
6.000e-03 6.770e-01 1.125e-01 9.511e+01 0.000e+00
6.046e-03 6.723e-01 1.130e-01 9.309e+01 0.000e+00
6.675e-03 6.124e-01 1.186e-01 7.042e+01 0.000e+00
7.368e-03 5.561e-01 1.239e-01 5.318e+01 0.000e+00
8.000e-03 5.116e-01 1.281e-01 4.202e+01 0.000e+00
8.134e-03 5.029e-01 1.289e-01 4.006e+01 0.000e+00
8.979e-03 4.526e-01 1.338e-01 3.011e+01 0.000e+00
9.912e-03 4.050e-01 1.385e-01 2.258e+01 0.000e+00
1.000e-02 4.009e-01 1.389e-01 2.201e+01 0.000e+00
1.094e-02 3.602e-01 1.430e-01 1.691e+01 0.000e+00
1.208e-02 3.181e-01 1.473e-01 1.262e+01 0.000e+00
1.334e-02 2.793e-01 1.514e-01 9.401e+00 0.000e+00
1.472e-02 2.442e-01 1.552e-01 7.005e+00 0.000e+00
1.500e-02 2.379e-01 1.559e-01 6.620e+00 0.000e+00
1.625e-02 2.124e-01 1.587e-01 5.204e+00 0.000e+00
1.794e-02 1.839e-01 1.619e-01 3.859e+00 0.000e+00
1.980e-02 1.588e-01 1.647e-01 2.860e+00 0.000e+00
2.000e-02 1.564e-01 1.650e-01 2.773e+00 0.000e+00
2.186e-02 1.367e-01 1.671e-01 2.113e+00 0.000e+00
2.413e-02 1.174e-01 1.691e-01 1.560e+00 0.000e+00
2.664e-02 1.006e-01 1.707e-01 1.150e+00 0.000e+00
2.941e-02 8.604e-02 1.718e-01 8.460e-01 0.000e+00
3.000e-02 8.335e-02 1.720e-01 7.954e-01 0.000e+00
3.247e-02 7.341e-02 1.726e-01 6.217e-01 0.000e+00
3.584e-02 6.253e-02 1.729e-01 4.567e-01 0.000e+00
3.957e-02 5.311e-02 1.729e-01 3.348e-01 0.000e+00
4.000e-02 5.217e-02 1.729e-01 3.236e-01 0.000e+00
4.368e-02 4.501e-02 1.725e-01 2.453e-01 0.000e+00
4.822e-02 3.803e-02 1.717e-01 1.795e-01 0.000e+00
5.000e-02 3.573e-02 1.714e-01 1.601e-01 0.000e+00
5.323e-02 3.205e-02 1.706e-01 1.313e-01 0.000e+00
5.876e-02 2.693e-02 1.692e-01 9.589e-02 0.000e+00
6.000e-02 2.595e-02 1.688e-01 8.973e-02 0.000e+00
6.486e-02 2.257e-02 1.674e-01 7.003e-02 0.000e+00
7.161e-02 1.886e-02 1.653e-01 5.109e-02 0.000e+00
7.905e-02 1.574e-02 1.629e-01 3.727e-02 0.000e+00
8.000e-02 1.540e-02 1.626e-01 3.588e-02 0.000e+00
8.726e-02 1.311e-02 1.603e-01 2.718e-02 0.000e+00
9.633e-02 1.090e-02 1.574e-01 1.981e-02 0.000e+00
1.000e-01 1.017e-02 1.562e-01 1.758e-02 0.000e+00
1.063e-01 9.064e-03 1.543e-01 1.446e-02 0.000e+00
1.174e-01 7.514e-03 1.510e-01 1.053e-02 0.000e+00
1.296e-01 6.227e-03 1.475e-01 7.680e-03 0.000e+00
1.431e-01 5.153e-03 1.438e-01 5.603e-03 0.000e+00
1.500e-01 4.708e-03 1.421e-01 4.825e-03 0.000e+00
1.579e-01 4.265e-03 1.401e-01 4.100e-03 0.000e+00
1.743e-01 3.524e-03 1.362e-01 3.001e-03 0.000e+00
1.925e-01 2.906e-03 1.322e-01 2.196e-03 0.000e+00
2.000e-01 2.698e-03 1.307e-01 1.949e-03 0.000e+00
2.125e-01 2.397e-03 1.282e-01 1.613e-03 0.000e+00
2.345e-01 1.977e-03 1.242e-01 1.190e-03 0.000e+00
2.589e-01 1.628e-03 1.201e-01 8.787e-04 0.000e+00
2.858e-01 1.340e-03 1.160e-01 6.518e-04 0.000e+00
3.000e-01 1.218e-03 1.140e-01 5.639e-04 0.000e+00
3.155e-01 1.102e-03 1.120e-01 4.856e-04 0.000e+00
3.483e-01 9.066e-04 1.079e-01 3.636e-04 0.000e+00
3.845e-01 7.454e-04 1.039e-01 2.737e-04 0.000e+00
4.000e-01 6.892e-04 1.023e-01 2.447e-04 0.000e+00
4.245e-01 6.125e-04 9.995e-02 2.072e-04 0.000e+00
4.686e-01 5.033e-04 9.604e-02 1.580e-04 0.000e+00
5.000e-01 4.424e-04 9.351e-02 1.329e-04 0.000e+00
5.173e-01 4.135e-04 9.219e-02 1.216e-04 0.000e+00
5.710e-01 3.396e-04 8.841e-02 9.429e-05 0.000e+00
6.000e-01 3.077e-04 8.654e-02 8.316e-05 0.000e+00
6.304e-01 2.789e-04 8.469e-02 7.342e-05 0.000e+00
6.959e-01 2.290e-04 8.105e-02 5.758e-05 0.000e+00
7.682e-01 1.880e-04 7.749e-02 4.592e-05 0.000e+00
8.000e-01 1.734e-04 7.605e-02 4.214e-05 0.000e+00
8.480e-01 1.543e-04 7.401e-02 3.753e-05 0.000e+00
9.361e-01 1.266e-04 7.061e-02 3.069e-05 0.000e+00
1.000e+00 1.110e-04 6.840e-02 2.620e-05 0.000e+00
1.022e+00 1.064e-04 6.768e-02 2.473e-05 0.000e+00
1.033e+00 1.041e-04 6.733e-02 2.406e-05 5.146e-09
1.141e+00 8.538e-05 6.408e-02 1.956e-05 4.803e-06
1.250e+00 7.110e-05 6.117e-02 1.675e-05 2.562e-05
1.259e+00 7.009e-05 6.094e-02 1.655e-05 2.817e-05
1.390e+00 5.750e-05 5.788e-02 1.390e-05 7.891e-05
1.500e+00 4.939e-05 5.560e-02 1.213e-05 1.393e-04
1.535e+00 4.717e-05 5.492e-02 1.165e-05 1.614e-04
1.694e+00 3.873e-05 5.207e-02 9.853e-06 2.770e-04
1.870e+00 3.179e-05 4.929e-02 8.393e-06 4.273e-04
2.000e+00 2.779e-05 4.745e-02 7.550e-06 5.491e-04
2.044e+00 2.661e-05 4.686e-02 7.298e-06 5.918e-04
2.065e+00 2.607e-05 4.659e-02 7.184e-06 6.124e-04
2.279e+00 2.140e-05 4.400e-02 6.182e-06 8.272e-04
2.516e+00 1.756e-05 4.151e-02 5.341e-06 1.071e-03
2.778e+00 1.441e-05 3.912e-02 4.632e-06 1.344e-03
3.000e+00 1.235e-05 3.733e-02 4.159e-06 1.574e-03
3.066e+00 1.183e-05 3.683e-02 4.035e-06 1.642e-03
3.385e+00 9.704e-06 3.463e-02 3.526e-06 1.969e-03
3.737e+00 7.962e-06 3.253e-02 3.091e-06 2.321e-03
4.000e+00 6.949e-06 3.114e-02 2.829e-06 2.576e-03
4.125e+00 6.534e-06 3.052e-02 2.719e-06 2.695e-03
4.554e+00 5.361e-06 2.861e-02 2.397e-06 3.091e-03
5.000e+00 4.447e-06 2.689e-02 2.133e-06 3.484e-03
5.027e+00 4.400e-06 2.680e-02 2.118e-06 3.508e-03
5.549e+00 3.611e-06 2.507e-02 1.876e-06 3.947e-03
6.000e+00 3.089e-06 2.377e-02 1.707e-06 4.309e-03
6.126e+00 2.963e-06 2.343e-02 1.665e-06 4.406e-03
6.762e+00 2.432e-06 2.189e-02 1.480e-06 4.880e-03
7.000e+00 2.269e-06 2.136e-02 1.421e-06 5.049e-03
7.465e+00 1.995e-06 2.042e-02 1.318e-06 5.368e-03
8.000e+00 1.737e-06 1.944e-02 1.216e-06 5.718e-03
8.241e+00 1.637e-06 1.904e-02 1.175e-06 5.871e-03
9.000e+00 1.373e-06 1.787e-02 1.063e-06 6.329e-03
9.097e+00 1.343e-06 1.774e-02 1.050e-06 6.385e-03
1.000e+01 1.112e-06 1.656e-02 9.430e-07 6.886e-03
1.004e+01 1.103e-06 1.651e-02 9.388e-07 6.906e-03
1.100e+01 9.189e-07 1.545e-02 8.481e-07 7.392e-03
1.109e+01 9.041e-07 1.535e-02 8.404e-07 7.436e-03
1.200e+01 7.722e-07 1.449e-02 7.697e-07 7.860e-03
1.224e+01 7.422e-07 1.427e-02 7.530e-07 7.967e-03
1.300e+01 6.579e-07 1.365e-02 7.047e-07 8.294e-03
1.351e+01 6.092e-07 1.326e-02 6.756e-07 8.504e-03
1.400e+01 5.673e-07 1.291e-02 6.498e-07 8.698e-03
1.491e+01 5.001e-07 1.231e-02 6.068e-07 9.043e-03
1.500e+01 4.942e-07 1.226e-02 6.028e-07 9.077e-03
1.600e+01 4.343e-07 1.167e-02 5.622e-07 9.435e-03
1.646e+01 4.104e-07 1.142e-02 5.452e-07 9.592e-03
1.800e+01 3.432e-07 1.067e-02 4.952e-07 1.009e-02
1.818e+01 3.364e-07 1.059e-02 4.900e-07 1.014e-02
2.000e+01 2.780e-07 9.836e-03 4.425e-07 1.067e-02
