# DYSPROSIUM from NIST Database
8.550e+00 0.000e+00 0.000e+00 0.000e+00 0.000e+00
6.600e+01 1.000e+00 3.500e+00 0.000e+00 0.000e+00
0.000e+00 0.000e+00 0.000e+00 0.000e+00 0.000e+00
1.000e-03 1.021e+01 5.266e-03 2.484e+03 0.000e+00
1.020e-03 1.019e+01 5.399e-03 2.391e+03 0.000e+00
1.126e-03 1.010e+01 6.114e-03 1.977e+03 0.000e+00
1.243e-03 9.989e+00 6.917e-03 1.635e+03 0.000e+00
1.295e-03 9.939e+00 7.275e-03 1.512e+03 0.000e+00
1.295e-03 9.939e+00 7.275e-03 2.113e+03 0.000e+00
1.314e-03 9.921e+00 7.404e-03 3.146e+03 0.000e+00
1.332e-03 9.902e+00 7.534e-03 4.684e+03 0.000e+00
1.332e-03 9.902e+00 7.534e-03 5.496e+03 0.000e+00
1.372e-03 9.863e+00 7.804e-03 5.507e+03 0.000e+00
1.500e-03 9.735e+00 8.672e-03 5.540e+03 0.000e+00
1.515e-03 9.720e+00 8.774e-03 5.407e+03 0.000e+00
1.672e-03 9.565e+00 9.837e-03 4.243e+03 0.000e+00
1.676e-03 9.561e+00 9.861e-03 4.221e+03 0.000e+00
1.676e-03 9.561e+00 9.861e-03 4.884e+03 0.000e+00
1.757e-03 9.486e+00 1.040e-02 4.374e+03 0.000e+00
1.842e-03 9.406e+00 1.097e-02 3.913e+03 0.000e+00
1.842e-03 9.406e+00 1.097e-02 4.158e+03 0.000e+00
1.846e-03 9.402e+00 1.099e-02 4.137e+03 0.000e+00
2.000e-03 9.243e+00 1.203e-02 3.457e+03 0.000e+00
2.038e-03 9.203e+00 1.228e-02 3.311e+03 0.000e+00
2.047e-03 9.194e+00 1.234e-02 3.279e+03 0.000e+00
2.047e-03 9.194e+00 1.234e-02 3.425e+03 0.000e+00
2.250e-03 8.989e+00 1.369e-02 2.743e+03 0.000e+00
2.483e-03 8.757e+00 1.524e-02 2.176e+03 0.000e+00
2.741e-03 8.503e+00 1.695e-02 1.726e+03 0.000e+00
3.000e-03 8.249e+00 1.864e-02 1.396e+03 0.000e+00
3.026e-03 8.224e+00 1.880e-02 1.367e+03 0.000e+00
3.341e-03 7.918e+00 2.080e-02 1.071e+03 0.000e+00
3.688e-03 7.590e+00 2.294e-02 8.400e+02 0.000e+00
4.000e-03 7.304e+00 2.482e-02 6.878e+02 0.000e+00
4.071e-03 7.241e+00 2.524e-02 6.581e+02 0.000e+00
4.494e-03 6.875e+00 2.769e-02 5.132e+02 0.000e+00
4.961e-03 6.494e+00 3.029e-02 4.003e+02 0.000e+00
5.000e-03 6.463e+00 3.050e-02 3.925e+02 0.000e+00
5.477e-03 6.101e+00 3.302e-02 3.109e+02 0.000e+00
6.000e-03 5.733e+00 3.564e-02 2.462e+02 0.000e+00
6.046e-03 5.702e+00 3.586e-02 2.414e+02 0.000e+00
6.675e-03 5.302e+00 3.881e-02 1.868e+02 0.000e+00
7.368e-03 4.907e+00 4.186e-02 1.446e+02 0.000e+00
7.790e-03 4.688e+00 4.362e-02 1.251e+02 0.000e+00
7.790e-03 4.688e+00 4.362e-02 3.389e+02 0.000e+00
8.000e-03 4.584e+00 4.447e-02 3.223e+02 0.000e+00
8.134e-03 4.519e+00 4.501e-02 3.077e+02 0.000e+00
8.581e-03 4.310e+00 4.677e-02 2.651e+02 0.000e+00
8.581e-03 4.310e+00 4.677e-02 3.629e+02 0.000e+00
8.979e-03 4.135e+00 4.826e-02 3.246e+02 0.000e+00
9.046e-03 4.106e+00 4.851e-02 3.187e+02 0.000e+00
9.046e-03 4.106e+00 4.851e-02 3.684e+02 0.000e+00
9.912e-03 3.764e+00 5.161e-02 2.929e+02 0.000e+00
1.000e-02 3.732e+00 5.192e-02 2.864e+02 0.000e+00
1.094e-02 3.409e+00 5.507e-02 2.264e+02 0.000e+00
1.208e-02 3.070e+00 5.863e-02 1.747e+02 0.000e+00
1.334e-02 2.753e+00 6.227e-02 1.348e+02 0.000e+00
1.472e-02 2.464e+00 6.596e-02 1.042e+02 0.000e+00
1.500e-02 2.411e+00 6.667e-02 9.917e+01 0.000e+00
1.625e-02 2.198e+00 6.971e-02 8.001e+01 0.000e+00
1.794e-02 1.957e+00 7.348e-02 6.136e+01 0.000e+00
1.980e-02 1.739e+00 7.719e-02 4.709e+01 0.000e+00
2.000e-02 1.718e+00 7.757e-02 4.584e+01 0.000e+00
2.186e-02 1.539e+00 8.080e-02 3.596e+01 0.000e+00
2.413e-02 1.358e+00 8.424e-02 2.746e+01 0.000e+00
2.664e-02 1.192e+00 8.751e-02 2.095e+01 0.000e+00
2.941e-02 1.041e+00 9.055e-02 1.599e+01 0.000e+00
3.000e-02 1.012e+00 9.113e-02 1.515e+01 0.000e+00
3.247e-02 9.037e-01 9.334e-02 1.217e+01 0.000e+00
3.584e-02 7.807e-01 9.586e-02 9.251e+00 0.000e+00
3.957e-02 6.718e-01 9.809e-02 7.030e+00 0.000e+00
4.000e-02 6.608e-01 9.832e-02 6.823e+00 0.000e+00
4.368e-02 5.770e-01 1.000e-01 5.335e+00 0.000e+00
4.822e-02 4.949e-01 1.017e-01 4.047e+00 0.000e+00
5.000e-02 4.677e-01 1.022e-01 3.657e+00 0.000e+00
5.323e-02 4.242e-01 1.030e-01 3.068e+00 0.000e+00
5.379e-02 4.173e-01 1.032e-01 2.979e+00 0.000e+00
5.379e-02 4.173e-01 1.032e-01 1.624e+01 0.000e+00
5.876e-02 3.631e-01 1.041e-01 1.282e+01 0.000e+00
6.000e-02 3.512e-01 1.042e-01 1.213e+01 0.000e+00
6.486e-02 3.102e-01 1.048e-01 9.882e+00 0.000e+00
7.161e-02 2.642e-01 1.053e-01 7.623e+00 0.000e+00
7.905e-02 2.243e-01 1.054e-01 5.872e+00 0.000e+00
8.000e-02 2.199e-01 1.054e-01 5.689e+00 0.000e+00
8.726e-02 1.898e-01 1.053e-01 4.504e+00 0.000e+00
9.633e-02 1.601e-01 1.048e-01 3.440e+00 0.000e+00
1.000e-01 1.500e-01 1.045e-01 3.106e+00 0.000e+00
1.063e-01 1.348e-01 1.040e-01 2.626e+00 0.000e+00
1.174e-01 1.132e-01 1.029e-01 1.999e+00 0.000e+00
1.296e-01 9.495e-02 1.016e-01 1.522e+00 0.000e+00
1.431e-01 7.955e-02 1.000e-01 1.158e+00 0.000e+00
1.500e-01 7.312e-02 9.921e-02 1.016e+00 0.000e+00
1.579e-01 6.669e-02 9.826e-02 8.816e-01 0.000e+00
1.743e-01 5.582e-02 9.630e-02 6.705e-01 0.000e+00
1.925e-01 4.664e-02 9.417e-02 5.094e-01 0.000e+00
2.000e-01 4.351e-02 9.332e-02 4.584e-01 0.000e+00
2.125e-01 3.895e-02 9.192e-02 3.879e-01 0.000e+00
2.345e-01 3.250e-02 8.956e-02 2.961e-01 0.000e+00
2.589e-01 2.706e-02 8.709e-02 2.261e-01 0.000e+00
2.858e-01 2.250e-02 8.455e-02 1.731e-01 0.000e+00
3.000e-01 2.054e-02 8.327e-02 1.521e-01 0.000e+00
3.155e-01 1.868e-02 8.193e-02 1.330e-01 0.000e+00
3.483e-01 1.549e-02 7.928e-02 1.024e-01 0.000e+00
3.845e-01 1.283e-02 7.660e-02 7.921e-02 0.000e+00
4.000e-01 1.190e-02 7.553e-02 7.156e-02 0.000e+00
4.245e-01 1.062e-02 7.392e-02 6.151e-02 0.000e+00
4.686e-01 8.778e-03 7.124e-02 4.800e-02 0.000e+00
5.000e-01 7.745e-03 6.949e-02 4.091e-02 0.000e+00
5.173e-01 7.253e-03 6.856e-02 3.766e-02 0.000e+00
5.710e-01 5.990e-03 6.589e-02 2.972e-02 0.000e+00
6.000e-01 5.440e-03 6.456e-02 2.645e-02 0.000e+00
6.304e-01 4.942e-03 6.324e-02 2.357e-02 0.000e+00
6.959e-01 4.075e-03 6.063e-02 1.882e-02 0.000e+00
7.682e-01 3.359e-03 5.805e-02 1.511e-02 0.000e+00
8.000e-01 3.103e-03 5.700e-02 1.383e-02 0.000e+00
8.480e-01 2.768e-03 5.549e-02 1.221e-02 0.000e+00
9.361e-01 2.279e-03 5.298e-02 9.928e-03 0.000e+00
1.000e+00 2.001e-03 5.136e-02 8.672e-03 0.000e+00
1.022e+00 1.917e-03 5.085e-02 8.298e-03 0.000e+00
1.033e+00 1.877e-03 5.059e-02 8.120e-03 6.483e-08
1.141e+00 1.543e-03 4.820e-02 6.666e-03 5.472e-05
1.250e+00 1.288e-03 4.603e-02 5.592e-03 2.672e-04
1.259e+00 1.270e-03 4.586e-02 5.517e-03 2.917e-04
1.390e+00 1.044e-03 4.358e-02 4.588e-03 7.476e-04
1.500e+00 8.972e-04 4.188e-02 3.995e-03 1.237e-03
1.535e+00 8.570e-04 4.137e-02 3.833e-03 1.407e-03
1.694e+00 7.047e-04 3.923e-02 3.219e-03 2.233e-03
1.870e+00 5.791e-04 3.715e-02 2.713e-03 3.208e-03
2.000e+00 5.066e-04 3.577e-02 2.422e-03 3.947e-03
2.044e+00 4.851e-04 3.533e-02 2.336e-03 4.199e-03
2.065e+00 4.753e-04 3.513e-02 2.297e-03 4.319e-03
2.279e+00 3.906e-04 3.319e-02 1.955e-03 5.533e-03
2.516e+00 3.207e-04 3.132e-02 1.670e-03 6.844e-03
2.778e+00 2.632e-04 2.952e-02 1.433e-03 8.238e-03
3.000e+00 2.258e-04 2.817e-02 1.275e-03 9.375e-03
3.066e+00 2.162e-04 2.780e-02 1.234e-03 9.704e-03
3.385e+00 1.774e-04 2.614e-02 1.067e-03 1.125e-02
3.737e+00 1.456e-04 2.456e-02 9.247e-04 1.286e-02
4.000e+00 1.271e-04 2.351e-02 8.398e-04 1.401e-02
4.125e+00 1.195e-04 2.305e-02 8.043e-04 1.453e-02
4.554e+00 9.810e-05 2.161e-02 7.015e-04 1.627e-02
5.000e+00 8.138e-05 2.031e-02 6.181e-04 1.796e-02
5.027e+00 8.051e-05 2.024e-02 6.137e-04 1.805e-02
5.549e+00 6.607e-05 1.893e-02 5.384e-04 1.988e-02
6.000e+00 5.652e-05 1.795e-02 4.862e-04 2.136e-02
6.126e+00 5.422e-05 1.770e-02 4.733e-04 2.177e-02
6.762e+00 4.451e-05 1.653e-02 4.170e-04 2.369e-02
7.000e+00 4.154e-05 1.614e-02 3.991e-04 2.437e-02
7.465e+00 3.653e-05 1.542e-02 3.682e-04 2.567e-02
8.000e+00 3.181e-05 1.469e-02 3.380e-04 2.709e-02
8.241e+00 2.997e-05 1.438e-02 3.259e-04 2.771e-02
9.000e+00 2.513e-05 1.350e-02 2.927e-04 2.956e-02
9.097e+00 2.460e-05 1.340e-02 2.889e-04 2.978e-02
1.000e+01 2.036e-05 1.251e-02 2.579e-04 3.181e-02
1.004e+01 2.020e-05 1.247e-02 2.567e-04 3.190e-02
1.100e+01 1.683e-05 1.167e-02 2.303e-04 3.391e-02
1.109e+01 1.656e-05 1.160e-02 2.281e-04 3.409e-02
1.200e+01 1.414e-05 1.094e-02 2.080e-04 3.585e-02
1.224e+01 1.359e-05 1.078e-02 2.033e-04 3.630e-02
1.300e+01 1.205e-05 1.031e-02 1.896e-04 3.766e-02
1.351e+01 1.115e-05 1.002e-02 1.814e-04 3.855e-02
1.400e+01 1.039e-05 9.754e-03 1.741e-04 3.936e-02
1.491e+01 9.159e-06 9.300e-03 1.620e-04 4.078e-02
1.500e+01 9.050e-06 9.257e-03 1.609e-04 4.091e-02
1.600e+01 7.953e-06 8.816e-03 1.496e-04 4.238e-02
1.646e+01 7.515e-06 8.629e-03 1.449e-04 4.303e-02
1.800e+01 6.285e-06 8.060e-03 1.311e-04 4.503e-02
1.818e+01 6.162e-06 7.999e-03 1.296e-04 4.524e-02
2.000e+01 5.092e-06 7.430e-03 1.166e-04 4.737e-02
