# ERBIUM from NIST Database
9.066e+00 0.000e+00 0.000e+00 0.000e+00 0.000e+00
6.800e+01 1.000e+00 3.500e+00 0.000e+00 0.000e+00
0.000e+00 0.000e+00 0.000e+00 0.000e+00 0.000e+00
1.000e-03 1.056e+01 5.015e-03 2.737e+03 0.000e+00
1.020e-03 1.054e+01 5.144e-03 2.633e+03 0.000e+00
1.126e-03 1.044e+01 5.833e-03 2.169e+03 0.000e+00
1.243e-03 1.034e+01 6.605e-03 1.788e+03 0.000e+00
1.372e-03 1.022e+01 7.456e-03 1.473e+03 0.000e+00
1.409e-03 1.019e+01 7.701e-03 1.398e+03 0.000e+00
1.409e-03 1.019e+01 7.701e-03 2.029e+03 0.000e+00
1.431e-03 1.016e+01 7.844e-03 2.964e+03 0.000e+00
1.453e-03 1.014e+01 7.989e-03 4.321e+03 0.000e+00
1.453e-03 1.014e+01 7.989e-03 4.861e+03 0.000e+00
1.500e-03 1.010e+01 8.295e-03 6.060e+03 0.000e+00
1.515e-03 1.008e+01 8.393e-03 5.915e+03 0.000e+00
1.672e-03 9.927e+00 9.404e-03 4.656e+03 0.000e+00
1.812e-03 9.797e+00 1.031e-02 3.831e+03 0.000e+00
1.812e-03 9.797e+00 1.031e-02 4.443e+03 0.000e+00
1.846e-03 9.766e+00 1.053e-02 4.250e+03 0.000e+00
2.000e-03 9.606e+00 1.153e-02 3.513e+03 0.000e+00
2.006e-03 9.599e+00 1.156e-02 3.490e+03 0.000e+00
2.006e-03 9.599e+00 1.156e-02 3.708e+03 0.000e+00
2.038e-03 9.561e+00 1.177e-02 3.577e+03 0.000e+00
2.206e-03 9.394e+00 1.286e-02 2.986e+03 0.000e+00
2.206e-03 9.394e+00 1.286e-02 3.117e+03 0.000e+00
2.250e-03 9.353e+00 1.315e-02 2.978e+03 0.000e+00
2.483e-03 9.126e+00 1.466e-02 2.364e+03 0.000e+00
2.741e-03 8.870e+00 1.631e-02 1.875e+03 0.000e+00
3.000e-03 8.612e+00 1.794e-02 1.518e+03 0.000e+00
3.026e-03 8.587e+00 1.811e-02 1.486e+03 0.000e+00
3.341e-03 8.279e+00 2.005e-02 1.166e+03 0.000e+00
3.688e-03 7.948e+00 2.214e-02 9.160e+02 0.000e+00
4.000e-03 7.658e+00 2.398e-02 7.511e+02 0.000e+00
4.071e-03 7.593e+00 2.439e-02 7.186e+02 0.000e+00
4.494e-03 7.216e+00 2.679e-02 5.608e+02 0.000e+00
4.961e-03 6.822e+00 2.934e-02 4.377e+02 0.000e+00
5.000e-03 6.790e+00 2.955e-02 4.292e+02 0.000e+00
5.477e-03 6.417e+00 3.202e-02 3.402e+02 0.000e+00
6.000e-03 6.038e+00 3.460e-02 2.696e+02 0.000e+00
6.046e-03 6.006e+00 3.482e-02 2.644e+02 0.000e+00
6.675e-03 5.590e+00 3.775e-02 2.047e+02 0.000e+00
7.368e-03 5.175e+00 4.077e-02 1.585e+02 0.000e+00
8.000e-03 4.832e+00 4.335e-02 1.281e+02 0.000e+00
8.134e-03 4.763e+00 4.388e-02 1.227e+02 0.000e+00
8.358e-03 4.652e+00 4.475e-02 1.143e+02 0.000e+00
8.358e-03 4.652e+00 4.475e-02 3.079e+02 0.000e+00
8.979e-03 4.363e+00 4.713e-02 2.554e+02 0.000e+00
9.264e-03 4.238e+00 4.817e-02 2.355e+02 0.000e+00
9.264e-03 4.238e+00 4.817e-02 3.228e+02 0.000e+00
9.505e-03 4.134e+00 4.902e-02 3.031e+02 0.000e+00
9.751e-03 4.033e+00 4.987e-02 2.845e+02 0.000e+00
9.751e-03 4.033e+00 4.987e-02 3.289e+02 0.000e+00
9.912e-03 3.969e+00 5.043e-02 3.158e+02 0.000e+00
1.000e-02 3.935e+00 5.073e-02 3.089e+02 0.000e+00
1.094e-02 3.597e+00 5.387e-02 2.448e+02 0.000e+00
1.208e-02 3.239e+00 5.741e-02 1.893e+02 0.000e+00
1.334e-02 2.903e+00 6.102e-02 1.464e+02 0.000e+00
1.472e-02 2.595e+00 6.468e-02 1.134e+02 0.000e+00
1.500e-02 2.539e+00 6.538e-02 1.080e+02 0.000e+00
1.625e-02 2.313e+00 6.842e-02 8.725e+01 0.000e+00
1.794e-02 2.056e+00 7.221e-02 6.702e+01 0.000e+00
1.980e-02 1.825e+00 7.595e-02 5.152e+01 0.000e+00
2.000e-02 1.803e+00 7.633e-02 5.015e+01 0.000e+00
2.186e-02 1.615e+00 7.962e-02 3.938e+01 0.000e+00
2.413e-02 1.425e+00 8.313e-02 3.010e+01 0.000e+00
2.664e-02 1.252e+00 8.647e-02 2.299e+01 0.000e+00
2.941e-02 1.094e+00 8.959e-02 1.757e+01 0.000e+00
3.000e-02 1.064e+00 9.019e-02 1.664e+01 0.000e+00
3.247e-02 9.507e-01 9.246e-02 1.338e+01 0.000e+00
3.584e-02 8.220e-01 9.504e-02 1.019e+01 0.000e+00
3.957e-02 7.076e-01 9.734e-02 7.749e+00 0.000e+00
4.000e-02 6.960e-01 9.757e-02 7.521e+00 0.000e+00
4.368e-02 6.076e-01 9.934e-02 5.886e+00 0.000e+00
4.822e-02 5.209e-01 1.010e-01 4.469e+00 0.000e+00
5.000e-02 4.922e-01 1.016e-01 4.040e+00 0.000e+00
5.323e-02 4.462e-01 1.025e-01 3.390e+00 0.000e+00
5.749e-02 3.953e-01 1.034e-01 2.734e+00 0.000e+00
5.749e-02 3.953e-01 1.034e-01 1.464e+01 0.000e+00
5.876e-02 3.818e-01 1.036e-01 1.385e+01 0.000e+00
6.000e-02 3.694e-01 1.038e-01 1.315e+01 0.000e+00
6.486e-02 3.262e-01 1.043e-01 1.076e+01 0.000e+00
7.161e-02 2.780e-01 1.048e-01 8.277e+00 0.000e+00
7.905e-02 2.362e-01 1.050e-01 6.343e+00 0.000e+00
8.000e-02 2.316e-01 1.050e-01 6.142e+00 0.000e+00
8.726e-02 2.000e-01 1.049e-01 4.861e+00 0.000e+00
9.633e-02 1.688e-01 1.045e-01 3.724e+00 0.000e+00
1.000e-01 1.582e-01 1.042e-01 3.366e+00 0.000e+00
1.063e-01 1.422e-01 1.037e-01 2.851e+00 0.000e+00
1.174e-01 1.194e-01 1.027e-01 2.175e+00 0.000e+00
1.296e-01 1.002e-01 1.014e-01 1.658e+00 0.000e+00
1.431e-01 8.394e-02 9.989e-02 1.263e+00 0.000e+00
1.500e-01 7.716e-02 9.908e-02 1.109e+00 0.000e+00
1.579e-01 7.038e-02 9.815e-02 9.627e-01 0.000e+00
1.743e-01 5.892e-02 9.622e-02 7.332e-01 0.000e+00
1.925e-01 4.924e-02 9.410e-02 5.578e-01 0.000e+00
2.000e-01 4.594e-02 9.325e-02 5.023e-01 0.000e+00
2.125e-01 4.114e-02 9.186e-02 4.254e-01 0.000e+00
2.345e-01 3.433e-02 8.951e-02 3.251e-01 0.000e+00
2.589e-01 2.859e-02 8.705e-02 2.486e-01 0.000e+00
2.858e-01 2.378e-02 8.451e-02 1.905e-01 0.000e+00
3.000e-01 2.172e-02 8.324e-02 1.674e-01 0.000e+00
3.155e-01 1.976e-02 8.191e-02 1.465e-01 0.000e+00
3.483e-01 1.639e-02 7.927e-02 1.130e-01 0.000e+00
3.845e-01 1.358e-02 7.661e-02 8.744e-02 0.000e+00
4.000e-01 1.259e-02 7.554e-02 7.903e-02 0.000e+00
4.245e-01 1.124e-02 7.393e-02 6.797e-02 0.000e+00
4.686e-01 9.294e-03 7.124e-02 5.311e-02 0.000e+00
5.000e-01 8.202e-03 6.949e-02 4.529e-02 0.000e+00
5.173e-01 7.681e-03 6.857e-02 4.170e-02 0.000e+00
5.710e-01 6.346e-03 6.592e-02 3.294e-02 0.000e+00
6.000e-01 5.764e-03 6.459e-02 2.932e-02 0.000e+00
6.304e-01 5.237e-03 6.327e-02 2.615e-02 0.000e+00
6.959e-01 4.319e-03 6.066e-02 2.089e-02 0.000e+00
7.682e-01 3.561e-03 5.808e-02 1.678e-02 0.000e+00
8.000e-01 3.289e-03 5.703e-02 1.537e-02 0.000e+00
8.480e-01 2.934e-03 5.555e-02 1.356e-02 0.000e+00
9.361e-01 2.416e-03 5.306e-02 1.103e-02 0.000e+00
1.000e+00 2.122e-03 5.141e-02 9.638e-03 0.000e+00
1.022e+00 2.033e-03 5.087e-02 9.224e-03 0.000e+00
1.033e+00 1.991e-03 5.061e-02 9.028e-03 6.785e-08
1.141e+00 1.636e-03 4.820e-02 7.414e-03 5.751e-05
1.250e+00 1.366e-03 4.605e-02 6.218e-03 2.816e-04
1.259e+00 1.347e-03 4.588e-02 6.134e-03 3.076e-04
1.390e+00 1.107e-03 4.361e-02 5.097e-03 7.895e-04
1.500e+00 9.520e-04 4.191e-02 4.436e-03 1.306e-03
1.535e+00 9.093e-04 4.140e-02 4.255e-03 1.485e-03
1.694e+00 7.475e-04 3.926e-02 3.573e-03 2.351e-03
1.870e+00 6.142e-04 3.718e-02 3.013e-03 3.367e-03
2.000e+00 5.375e-04 3.580e-02 2.690e-03 4.137e-03
2.044e+00 5.149e-04 3.536e-02 2.594e-03 4.400e-03
2.065e+00 5.045e-04 3.516e-02 2.551e-03 4.525e-03
2.279e+00 4.148e-04 3.322e-02 2.171e-03 5.786e-03
2.516e+00 3.405e-04 3.135e-02 1.854e-03 7.137e-03
2.778e+00 2.794e-04 2.955e-02 1.590e-03 8.568e-03
3.000e+00 2.396e-04 2.820e-02 1.415e-03 9.731e-03
3.066e+00 2.294e-04 2.782e-02 1.369e-03 1.007e-02
3.385e+00 1.883e-04 2.617e-02 1.183e-03 1.165e-02
3.737e+00 1.546e-04 2.458e-02 1.025e-03 1.330e-02
4.000e+00 1.349e-04 2.353e-02 9.311e-04 1.447e-02
4.125e+00 1.269e-04 2.307e-02 8.917e-04 1.501e-02
4.554e+00 1.041e-04 2.162e-02 7.775e-04 1.679e-02
5.000e+00 8.641e-05 2.032e-02 6.848e-04 1.851e-02
5.027e+00 8.549e-05 2.025e-02 6.799e-04 1.861e-02
5.549e+00 7.017e-05 1.895e-02 5.961e-04 2.048e-02
6.000e+00 6.002e-05 1.797e-02 5.383e-04 2.199e-02
6.126e+00 5.758e-05 1.772e-02 5.240e-04 2.240e-02
6.762e+00 4.726e-05 1.655e-02 4.619e-04 2.436e-02
7.000e+00 4.411e-05 1.615e-02 4.421e-04 2.506e-02
7.465e+00 3.878e-05 1.544e-02 4.078e-04 2.639e-02
8.000e+00 3.377e-05 1.470e-02 3.741e-04 2.784e-02
8.241e+00 3.182e-05 1.439e-02 3.606e-04 2.847e-02
9.000e+00 2.668e-05 1.351e-02 3.238e-04 3.036e-02
9.097e+00 2.612e-05 1.341e-02 3.196e-04 3.059e-02
1.000e+01 2.161e-05 1.252e-02 2.852e-04 3.266e-02
1.004e+01 2.144e-05 1.249e-02 2.839e-04 3.275e-02
1.100e+01 1.787e-05 1.168e-02 2.547e-04 3.480e-02
1.109e+01 1.758e-05 1.161e-02 2.523e-04 3.498e-02
1.200e+01 1.501e-05 1.095e-02 2.300e-04 3.679e-02
1.224e+01 1.443e-05 1.079e-02 2.247e-04 3.725e-02
1.300e+01 1.279e-05 1.032e-02 2.096e-04 3.865e-02
1.351e+01 1.184e-05 1.003e-02 2.005e-04 3.956e-02
1.400e+01 1.103e-05 9.761e-03 1.924e-04 4.038e-02
1.491e+01 9.722e-06 9.310e-03 1.791e-04 4.182e-02
1.500e+01 9.606e-06 9.268e-03 1.779e-04 4.195e-02
1.600e+01 8.443e-06 8.825e-03 1.653e-04 4.346e-02
1.646e+01 7.978e-06 8.637e-03 1.601e-04 4.412e-02
1.800e+01 6.672e-06 8.069e-03 1.448e-04 4.617e-02
1.818e+01 6.540e-06 8.007e-03 1.432e-04 4.640e-02
2.000e+01 5.404e-06 7.439e-03 1.289e-04 4.855e-02
