# ETHANE from NIST Database
1.253e-03 0.000e+00 0.000e+00 0.000e+00 0.000e+00
1.000e+00 1.995e-01 3.500e+00 0.000e+00 0.000e+00
6.000e+00 6.652e-02 3.500e+00 0.000e+00 0.000e+00
0.000e+00 0.000e+00 0.000e+00 0.000e+00 0.000e+00
1.000e-03 9.317e-01 2.021e-02 1.767e+03 0.000e+00
1.020e-03 9.272e-01 2.091e-02 1.671e+03 0.000e+00
1.126e-03 9.042e-01 2.479e-02 1.265e+03 0.000e+00
1.243e-03 8.800e-01 2.933e-02 9.563e+02 0.000e+00
1.372e-03 8.532e-01 3.455e-02 7.222e+02 0.000e+00
1.500e-03 8.257e-01 3.986e-02 5.591e+02 0.000e+00
1.515e-03 8.225e-01 4.048e-02 5.433e+02 0.000e+00
1.672e-03 7.875e-01 4.706e-02 4.081e+02 0.000e+00
1.846e-03 7.484e-01 5.431e-02 3.054e+02 0.000e+00
2.000e-03 7.143e-01 6.063e-02 2.411e+02 0.000e+00
2.038e-03 7.060e-01 6.217e-02 2.281e+02 0.000e+00
2.250e-03 6.609e-01 7.058e-02 1.700e+02 0.000e+00
2.483e-03 6.142e-01 7.940e-02 1.267e+02 0.000e+00
2.741e-03 5.664e-01 8.858e-02 9.412e+01 0.000e+00
3.000e-03 5.227e-01 9.712e-02 7.165e+01 0.000e+00
3.026e-03 5.185e-01 9.793e-02 6.980e+01 0.000e+00
3.341e-03 4.713e-01 1.073e-01 5.166e+01 0.000e+00
3.688e-03 4.258e-01 1.164e-01 3.819e+01 0.000e+00
4.000e-03 3.903e-01 1.237e-01 2.976e+01 0.000e+00
4.071e-03 3.828e-01 1.252e-01 2.819e+01 0.000e+00
4.494e-03 3.428e-01 1.335e-01 2.077e+01 0.000e+00
4.961e-03 3.061e-01 1.412e-01 1.528e+01 0.000e+00
5.000e-03 3.033e-01 1.418e-01 1.491e+01 0.000e+00
5.477e-03 2.728e-01 1.483e-01 1.122e+01 0.000e+00
6.000e-03 2.451e-01 1.543e-01 8.427e+00 0.000e+00
6.046e-03 2.429e-01 1.548e-01 8.227e+00 0.000e+00
6.675e-03 2.162e-01 1.607e-01 6.022e+00 0.000e+00
7.368e-03 1.925e-01 1.661e-01 4.404e+00 0.000e+00
8.000e-03 1.748e-01 1.702e-01 3.389e+00 0.000e+00
8.134e-03 1.715e-01 1.710e-01 3.215e+00 0.000e+00
8.979e-03 1.527e-01 1.755e-01 2.344e+00 0.000e+00
9.912e-03 1.358e-01 1.797e-01 1.707e+00 0.000e+00
1.000e-02 1.344e-01 1.800e-01 1.659e+00 0.000e+00
1.094e-02 1.206e-01 1.835e-01 1.242e+00 0.000e+00
1.208e-02 1.068e-01 1.871e-01 9.018e-01 0.000e+00
1.334e-02 9.409e-02 1.904e-01 6.538e-01 0.000e+00
1.472e-02 8.261e-02 1.934e-01 4.746e-01 0.000e+00
1.500e-02 8.052e-02 1.939e-01 4.463e-01 0.000e+00
1.625e-02 7.207e-02 1.960e-01 3.437e-01 0.000e+00
1.794e-02 6.250e-02 1.983e-01 2.485e-01 0.000e+00
1.980e-02 5.392e-02 2.002e-01 1.798e-01 0.000e+00
2.000e-02 5.310e-02 2.004e-01 1.739e-01 0.000e+00
2.186e-02 4.624e-02 2.017e-01 1.298e-01 0.000e+00
2.413e-02 3.948e-02 2.027e-01 9.371e-02 0.000e+00
2.664e-02 3.356e-02 2.032e-01 6.757e-02 0.000e+00
2.941e-02 2.843e-02 2.034e-01 4.870e-02 0.000e+00
3.000e-02 2.749e-02 2.034e-01 4.559e-02 0.000e+00
3.247e-02 2.401e-02 2.031e-01 3.507e-02 0.000e+00
3.584e-02 2.024e-02 2.024e-01 2.526e-02 0.000e+00
3.957e-02 1.701e-02 2.014e-01 1.817e-02 0.000e+00
4.000e-02 1.668e-02 2.012e-01 1.752e-02 0.000e+00
4.368e-02 1.426e-02 1.999e-01 1.307e-02 0.000e+00
4.822e-02 1.193e-02 1.982e-01 9.400e-03 0.000e+00
5.000e-02 1.117e-02 1.974e-01 8.330e-03 0.000e+00
5.323e-02 9.964e-03 1.961e-01 6.759e-03 0.000e+00
5.876e-02 8.304e-03 1.937e-01 4.859e-03 0.000e+00
6.000e-02 7.989e-03 1.931e-01 4.531e-03 0.000e+00
6.486e-02 6.909e-03 1.910e-01 3.493e-03 0.000e+00
7.161e-02 5.736e-03 1.880e-01 2.510e-03 0.000e+00
7.905e-02 4.756e-03 1.848e-01 1.804e-03 0.000e+00
8.000e-02 4.649e-03 1.844e-01 1.734e-03 0.000e+00
8.726e-02 3.937e-03 1.814e-01 1.297e-03 0.000e+00
9.633e-02 3.254e-03 1.777e-01 9.333e-04 0.000e+00
1.000e-01 3.027e-03 1.763e-01 8.241e-04 0.000e+00
1.063e-01 2.689e-03 1.739e-01 6.728e-04 0.000e+00
1.174e-01 2.216e-03 1.699e-01 4.842e-04 0.000e+00
1.296e-01 1.826e-03 1.657e-01 3.494e-04 0.000e+00
1.431e-01 1.504e-03 1.614e-01 2.523e-04 0.000e+00
1.500e-01 1.371e-03 1.593e-01 2.162e-04 0.000e+00
1.579e-01 1.239e-03 1.570e-01 1.828e-04 0.000e+00
1.743e-01 1.019e-03 1.525e-01 1.325e-04 0.000e+00
1.925e-01 8.372e-04 1.480e-01 9.610e-05 0.000e+00
2.000e-01 7.761e-04 1.462e-01 8.498e-05 0.000e+00
2.125e-01 6.882e-04 1.434e-01 6.997e-05 0.000e+00
2.345e-01 5.660e-04 1.388e-01 5.117e-05 0.000e+00
2.589e-01 4.650e-04 1.342e-01 3.750e-05 0.000e+00
2.858e-01 3.820e-04 1.296e-01 2.762e-05 0.000e+00
3.000e-01 3.468e-04 1.273e-01 2.381e-05 0.000e+00
3.155e-01 3.137e-04 1.250e-01 2.044e-05 0.000e+00
3.483e-01 2.576e-04 1.204e-01 1.521e-05 0.000e+00
3.845e-01 2.114e-04 1.159e-01 1.139e-05 0.000e+00
4.000e-01 1.954e-04 1.141e-01 1.016e-05 0.000e+00
4.245e-01 1.736e-04 1.115e-01 8.574e-06 0.000e+00
4.686e-01 1.425e-04 1.071e-01 6.510e-06 0.000e+00
5.000e-01 1.252e-04 1.043e-01 5.465e-06 0.000e+00
5.173e-01 1.170e-04 1.028e-01 4.996e-06 0.000e+00
5.710e-01 9.603e-05 9.854e-02 3.866e-06 0.000e+00
6.000e-01 8.698e-05 9.644e-02 3.398e-06 0.000e+00
6.304e-01 7.880e-05 9.438e-02 2.983e-06 0.000e+00
6.959e-01 6.467e-05 9.032e-02 2.314e-06 0.000e+00
7.682e-01 5.307e-05 8.634e-02 1.850e-06 0.000e+00
8.000e-01 4.893e-05 8.473e-02 1.714e-06 0.000e+00
8.480e-01 4.355e-05 8.243e-02 1.558e-06 0.000e+00
9.361e-01 3.574e-05 7.863e-02 1.295e-06 0.000e+00
1.000e+00 3.133e-05 7.619e-02 1.065e-06 0.000e+00
1.022e+00 2.999e-05 7.541e-02 9.824e-07 0.000e+00
1.033e+00 2.936e-05 7.502e-02 9.467e-07 2.407e-09
1.141e+00 2.406e-05 7.140e-02 7.549e-07 2.293e-06
1.250e+00 2.005e-05 6.813e-02 6.671e-07 1.243e-05
1.259e+00 1.977e-05 6.788e-02 6.602e-07 1.368e-05
1.390e+00 1.622e-05 6.448e-02 5.580e-07 3.886e-05
1.500e+00 1.393e-05 6.194e-02 4.844e-07 6.912e-05
1.535e+00 1.330e-05 6.118e-02 4.648e-07 8.026e-05
1.694e+00 1.092e-05 5.799e-02 3.943e-07 1.385e-04
1.870e+00 8.962e-06 5.489e-02 3.384e-07 2.144e-04
2.000e+00 7.833e-06 5.284e-02 3.057e-07 2.757e-04
2.044e+00 7.499e-06 5.219e-02 2.958e-07 2.972e-04
2.065e+00 7.347e-06 5.189e-02 2.913e-07 3.076e-04
2.279e+00 6.031e-06 4.902e-02 2.518e-07 4.162e-04
2.516e+00 4.949e-06 4.625e-02 2.185e-07 5.414e-04
2.778e+00 4.060e-06 4.357e-02 1.904e-07 6.830e-04
3.000e+00 3.482e-06 4.157e-02 1.716e-07 8.042e-04
3.066e+00 3.334e-06 4.102e-02 1.666e-07 8.403e-04
3.385e+00 2.735e-06 3.857e-02 1.462e-07 1.014e-03
3.737e+00 2.244e-06 3.623e-02 1.287e-07 1.204e-03
4.000e+00 1.959e-06 3.468e-02 1.181e-07 1.341e-03
4.125e+00 1.842e-06 3.400e-02 1.136e-07 1.406e-03
4.554e+00 1.511e-06 3.187e-02 1.005e-07 1.622e-03
5.000e+00 1.254e-06 2.995e-02 8.971e-08 1.839e-03
5.027e+00 1.240e-06 2.984e-02 8.912e-08 1.852e-03
5.549e+00 1.018e-06 2.792e-02 7.918e-08 2.096e-03
6.000e+00 8.706e-07 2.647e-02 7.220e-08 2.298e-03
6.126e+00 8.351e-07 2.610e-02 7.046e-08 2.353e-03
6.762e+00 6.852e-07 2.437e-02 6.283e-08 2.618e-03
7.000e+00 6.394e-07 2.379e-02 6.038e-08 2.713e-03
7.465e+00 5.623e-07 2.274e-02 5.609e-08 2.893e-03
8.000e+00 4.897e-07 2.165e-02 5.184e-08 3.092e-03
8.241e+00 4.615e-07 2.120e-02 5.014e-08 3.178e-03
9.000e+00 3.869e-07 1.991e-02 4.543e-08 3.439e-03
9.097e+00 3.787e-07 1.975e-02 4.490e-08 3.471e-03
1.000e+01 3.134e-07 1.844e-02 4.043e-08 3.758e-03
1.004e+01 3.109e-07 1.839e-02 4.025e-08 3.769e-03
1.100e+01 2.590e-07 1.720e-02 3.638e-08 4.049e-03
1.109e+01 2.548e-07 1.710e-02 3.606e-08 4.074e-03
1.200e+01 2.176e-07 1.613e-02 3.309e-08 4.319e-03
1.224e+01 2.092e-07 1.590e-02 3.238e-08 4.380e-03
1.300e+01 1.855e-07 1.520e-02 3.033e-08 4.570e-03
1.351e+01 1.717e-07 1.477e-02 2.910e-08 4.692e-03
1.400e+01 1.599e-07 1.438e-02 2.800e-08 4.805e-03
1.491e+01 1.410e-07 1.371e-02 2.617e-08 5.005e-03
1.500e+01 1.393e-07 1.365e-02 2.600e-08 5.024e-03
1.600e+01 1.224e-07 1.300e-02 2.427e-08 5.235e-03
1.646e+01 1.157e-07 1.272e-02 2.355e-08 5.327e-03
1.800e+01 9.673e-08 1.188e-02 2.141e-08 5.616e-03
1.818e+01 9.482e-08 1.179e-02 2.119e-08 5.648e-03
2.000e+01 7.833e-08 1.095e-02 1.916e-08 5.960e-03
