# ETHYL CELLULOSE from NIST Database
1.130e+00 0.000e+00 0.000e+00 0.000e+00 0.000e+00
1.000e+00 8.931e-02 3.500e+00 0.000e+00 0.000e+00
6.000e+00 4.872e-02 3.500e+00 0.000e+00 0.000e+00
8.000e+00 2.030e-02 3.500e+00 0.000e+00 0.000e+00
0.000e+00 0.000e+00 0.000e+00 0.000e+00 0.000e+00
1.000e-03 1.150e+00 1.469e-02 2.784e+03 0.000e+00
1.020e-03 1.146e+00 1.520e-02 2.637e+03 0.000e+00
1.126e-03 1.122e+00 1.807e-02 2.014e+03 0.000e+00
1.243e-03 1.097e+00 2.143e-02 1.536e+03 0.000e+00
1.372e-03 1.069e+00 2.531e-02 1.169e+03 0.000e+00
1.500e-03 1.040e+00 2.929e-02 9.120e+02 0.000e+00
1.515e-03 1.036e+00 2.976e-02 8.869e+02 0.000e+00
1.672e-03 9.991e-01 3.473e-02 6.714e+02 0.000e+00
1.846e-03 9.568e-01 4.028e-02 5.061e+02 0.000e+00
2.000e-03 9.193e-01 4.517e-02 4.019e+02 0.000e+00
2.038e-03 9.101e-01 4.637e-02 3.806e+02 0.000e+00
2.250e-03 8.597e-01 5.298e-02 2.857e+02 0.000e+00
2.483e-03 8.066e-01 6.003e-02 2.143e+02 0.000e+00
2.741e-03 7.510e-01 6.750e-02 1.602e+02 0.000e+00
3.000e-03 6.990e-01 7.458e-02 1.226e+02 0.000e+00
3.026e-03 6.939e-01 7.527e-02 1.195e+02 0.000e+00
3.341e-03 6.363e-01 8.321e-02 8.897e+01 0.000e+00
3.688e-03 5.794e-01 9.117e-02 6.615e+01 0.000e+00
4.000e-03 5.338e-01 9.764e-02 5.177e+01 0.000e+00
4.071e-03 5.242e-01 9.903e-02 4.909e+01 0.000e+00
4.494e-03 4.715e-01 1.067e-01 3.636e+01 0.000e+00
4.961e-03 4.221e-01 1.139e-01 2.689e+01 0.000e+00
5.000e-03 4.183e-01 1.145e-01 2.625e+01 0.000e+00
5.477e-03 3.764e-01 1.208e-01 1.984e+01 0.000e+00
6.000e-03 3.378e-01 1.268e-01 1.497e+01 0.000e+00
6.046e-03 3.348e-01 1.273e-01 1.462e+01 0.000e+00
6.675e-03 2.971e-01 1.332e-01 1.076e+01 0.000e+00
7.368e-03 2.633e-01 1.388e-01 7.905e+00 0.000e+00
8.000e-03 2.379e-01 1.430e-01 6.110e+00 0.000e+00
8.134e-03 2.331e-01 1.439e-01 5.799e+00 0.000e+00
8.979e-03 2.062e-01 1.486e-01 4.249e+00 0.000e+00
9.912e-03 1.824e-01 1.530e-01 3.109e+00 0.000e+00
1.000e-02 1.803e-01 1.534e-01 3.023e+00 0.000e+00
1.094e-02 1.611e-01 1.571e-01 2.273e+00 0.000e+00
1.208e-02 1.419e-01 1.610e-01 1.657e+00 0.000e+00
1.334e-02 1.247e-01 1.645e-01 1.206e+00 0.000e+00
1.472e-02 1.093e-01 1.678e-01 8.794e-01 0.000e+00
1.500e-02 1.066e-01 1.684e-01 8.276e-01 0.000e+00
1.625e-02 9.542e-02 1.708e-01 6.394e-01 0.000e+00
1.794e-02 8.289e-02 1.735e-01 4.643e-01 0.000e+00
1.980e-02 7.170e-02 1.758e-01 3.371e-01 0.000e+00
2.000e-02 7.062e-02 1.760e-01 3.263e-01 0.000e+00
2.186e-02 6.168e-02 1.777e-01 2.443e-01 0.000e+00
2.413e-02 5.282e-02 1.792e-01 1.770e-01 0.000e+00
2.664e-02 4.504e-02 1.803e-01 1.280e-01 0.000e+00
2.941e-02 3.825e-02 1.810e-01 9.254e-02 0.000e+00
3.000e-02 3.700e-02 1.811e-01 8.670e-02 0.000e+00
3.247e-02 3.238e-02 1.812e-01 6.684e-02 0.000e+00
3.584e-02 2.733e-02 1.811e-01 4.828e-02 0.000e+00
3.957e-02 2.300e-02 1.805e-01 3.483e-02 0.000e+00
4.000e-02 2.256e-02 1.804e-01 3.361e-02 0.000e+00
4.368e-02 1.931e-02 1.796e-01 2.513e-02 0.000e+00
4.822e-02 1.618e-02 1.783e-01 1.811e-02 0.000e+00
5.000e-02 1.516e-02 1.777e-01 1.607e-02 0.000e+00
5.323e-02 1.353e-02 1.766e-01 1.306e-02 0.000e+00
5.876e-02 1.129e-02 1.747e-01 9.407e-03 0.000e+00
6.000e-02 1.087e-02 1.742e-01 8.777e-03 0.000e+00
6.486e-02 9.409e-03 1.725e-01 6.779e-03 0.000e+00
7.161e-02 7.822e-03 1.699e-01 4.881e-03 0.000e+00
7.905e-02 6.494e-03 1.672e-01 3.516e-03 0.000e+00
8.000e-02 6.349e-03 1.668e-01 3.380e-03 0.000e+00
8.726e-02 5.383e-03 1.642e-01 2.534e-03 0.000e+00
9.633e-02 4.455e-03 1.610e-01 1.826e-03 0.000e+00
1.000e-01 4.146e-03 1.597e-01 1.614e-03 0.000e+00
1.063e-01 3.686e-03 1.576e-01 1.319e-03 0.000e+00
1.174e-01 3.041e-03 1.540e-01 9.505e-04 0.000e+00
1.296e-01 2.509e-03 1.503e-01 6.867e-04 0.000e+00
1.431e-01 2.067e-03 1.464e-01 4.964e-04 0.000e+00
1.500e-01 1.885e-03 1.446e-01 4.256e-04 0.000e+00
1.579e-01 1.704e-03 1.425e-01 3.601e-04 0.000e+00
1.743e-01 1.403e-03 1.385e-01 2.613e-04 0.000e+00
1.925e-01 1.153e-03 1.343e-01 1.897e-04 0.000e+00
2.000e-01 1.069e-03 1.327e-01 1.678e-04 0.000e+00
2.125e-01 9.483e-04 1.302e-01 1.383e-04 0.000e+00
2.345e-01 7.802e-04 1.260e-01 1.013e-04 0.000e+00
2.589e-01 6.411e-04 1.219e-01 7.433e-05 0.000e+00
2.858e-01 5.267e-04 1.177e-01 5.481e-05 0.000e+00
3.000e-01 4.783e-04 1.156e-01 4.728e-05 0.000e+00
3.155e-01 4.327e-04 1.135e-01 4.061e-05 0.000e+00
3.483e-01 3.553e-04 1.094e-01 3.024e-05 0.000e+00
3.845e-01 2.918e-04 1.053e-01 2.265e-05 0.000e+00
4.000e-01 2.697e-04 1.037e-01 2.022e-05 0.000e+00
4.245e-01 2.395e-04 1.013e-01 1.707e-05 0.000e+00
4.686e-01 1.967e-04 9.730e-02 1.297e-05 0.000e+00
5.000e-01 1.728e-04 9.473e-02 1.089e-05 0.000e+00
5.173e-01 1.614e-04 9.339e-02 9.956e-06 0.000e+00
5.710e-01 1.325e-04 8.954e-02 7.706e-06 0.000e+00
6.000e-01 1.201e-04 8.763e-02 6.779e-06 0.000e+00
6.304e-01 1.088e-04 8.576e-02 5.959e-06 0.000e+00
6.959e-01 8.928e-05 8.207e-02 4.635e-06 0.000e+00
7.682e-01 7.327e-05 7.846e-02 3.703e-06 0.000e+00
8.000e-01 6.757e-05 7.700e-02 3.420e-06 0.000e+00
8.480e-01 6.013e-05 7.492e-02 3.091e-06 0.000e+00
9.361e-01 4.935e-05 7.147e-02 2.558e-06 0.000e+00
1.000e+00 4.325e-05 6.925e-02 2.126e-06 0.000e+00
1.022e+00 4.141e-05 6.853e-02 1.974e-06 0.000e+00
1.033e+00 4.054e-05 6.817e-02 1.907e-06 2.946e-09
1.141e+00 3.324e-05 6.489e-02 1.530e-06 2.799e-06
1.250e+00 2.769e-05 6.192e-02 1.340e-06 1.515e-05
1.259e+00 2.730e-05 6.169e-02 1.326e-06 1.667e-05
1.390e+00 2.239e-05 5.860e-02 1.119e-06 4.725e-05
1.500e+00 1.923e-05 5.629e-02 9.726e-07 8.397e-05
1.535e+00 1.836e-05 5.560e-02 9.336e-07 9.749e-05
1.694e+00 1.508e-05 5.271e-02 7.918e-07 1.682e-04
1.870e+00 1.238e-05 4.990e-02 6.786e-07 2.602e-04
2.000e+00 1.082e-05 4.803e-02 6.126e-07 3.346e-04
2.044e+00 1.036e-05 4.743e-02 5.926e-07 3.606e-04
2.065e+00 1.015e-05 4.715e-02 5.835e-07 3.732e-04
2.279e+00 8.327e-06 4.453e-02 5.039e-07 5.047e-04
2.516e+00 6.833e-06 4.201e-02 4.371e-07 6.556e-04
2.778e+00 5.606e-06 3.959e-02 3.806e-07 8.257e-04
3.000e+00 4.808e-06 3.778e-02 3.428e-07 9.706e-04
3.066e+00 4.603e-06 3.728e-02 3.329e-07 1.014e-03
3.385e+00 3.777e-06 3.506e-02 2.919e-07 1.221e-03
3.737e+00 3.099e-06 3.293e-02 2.568e-07 1.445e-03
4.000e+00 2.705e-06 3.152e-02 2.355e-07 1.608e-03
4.125e+00 2.543e-06 3.090e-02 2.265e-07 1.684e-03
4.554e+00 2.086e-06 2.896e-02 2.003e-07 1.938e-03
5.000e+00 1.731e-06 2.722e-02 1.787e-07 2.193e-03
5.027e+00 1.712e-06 2.712e-02 1.775e-07 2.207e-03
5.549e+00 1.405e-06 2.537e-02 1.576e-07 2.493e-03
6.000e+00 1.202e-06 2.406e-02 1.437e-07 2.728e-03
6.126e+00 1.153e-06 2.372e-02 1.402e-07 2.791e-03
6.762e+00 9.462e-07 2.215e-02 1.250e-07 3.100e-03
7.000e+00 8.830e-07 2.162e-02 1.201e-07 3.211e-03
7.465e+00 7.765e-07 2.067e-02 1.115e-07 3.420e-03
8.000e+00 6.762e-07 1.968e-02 1.031e-07 3.650e-03
8.241e+00 6.372e-07 1.927e-02 9.968e-08 3.751e-03
9.000e+00 5.343e-07 1.809e-02 9.028e-08 4.053e-03
9.097e+00 5.229e-07 1.795e-02 8.921e-08 4.090e-03
1.000e+01 4.327e-07 1.676e-02 8.029e-08 4.419e-03
1.004e+01 4.293e-07 1.671e-02 7.994e-08 4.433e-03
1.100e+01 3.576e-07 1.563e-02 7.227e-08 4.756e-03
1.109e+01 3.518e-07 1.554e-02 7.163e-08 4.785e-03
1.200e+01 3.005e-07 1.466e-02 6.570e-08 5.066e-03
1.224e+01 2.888e-07 1.445e-02 6.430e-08 5.137e-03
1.300e+01 2.561e-07 1.381e-02 6.022e-08 5.356e-03
1.351e+01 2.371e-07 1.342e-02 5.776e-08 5.496e-03
1.400e+01 2.208e-07 1.307e-02 5.558e-08 5.626e-03
1.491e+01 1.947e-07 1.246e-02 5.195e-08 5.856e-03
1.500e+01 1.923e-07 1.241e-02 5.161e-08 5.879e-03
1.600e+01 1.690e-07 1.181e-02 4.817e-08 6.119e-03
1.646e+01 1.597e-07 1.156e-02 4.673e-08 6.225e-03
1.800e+01 1.336e-07 1.080e-02 4.249e-08 6.557e-03
1.818e+01 1.309e-07 1.071e-02 4.205e-08 6.594e-03
2.000e+01 1.082e-07 9.955e-03 3.801e-08 6.951e-03
