# ETHYLENE from NIST Database
1.175e-03 0.000e+00 0.000e+00 0.000e+00 0.000e+00
1.000e+00 1.426e-01 3.500e+00 0.000e+00 0.000e+00
6.000e+00 7.130e-02 3.500e+00 0.000e+00 0.000e+00
0.000e+00 0.000e+00 0.000e+00 0.000e+00 0.000e+00
1.000e-03 9.738e-01 1.805e-02 1.893e+03 0.000e+00
1.020e-03 9.690e-01 1.868e-02 1.790e+03 0.000e+00
1.126e-03 9.452e-01 2.215e-02 1.355e+03 0.000e+00
1.243e-03 9.200e-01 2.620e-02 1.025e+03 0.000e+00
1.372e-03 8.922e-01 3.088e-02 7.739e+02 0.000e+00
1.500e-03 8.637e-01 3.564e-02 5.992e+02 0.000e+00
1.515e-03 8.603e-01 3.620e-02 5.822e+02 0.000e+00
1.672e-03 8.240e-01 4.211e-02 4.374e+02 0.000e+00
1.846e-03 7.833e-01 4.863e-02 3.273e+02 0.000e+00
2.000e-03 7.478e-01 5.434e-02 2.584e+02 0.000e+00
2.038e-03 7.392e-01 5.574e-02 2.444e+02 0.000e+00
2.250e-03 6.922e-01 6.337e-02 1.822e+02 0.000e+00
2.483e-03 6.437e-01 7.141e-02 1.357e+02 0.000e+00
2.741e-03 5.939e-01 7.982e-02 1.009e+02 0.000e+00
3.000e-03 5.484e-01 8.769e-02 7.679e+01 0.000e+00
3.026e-03 5.440e-01 8.844e-02 7.481e+01 0.000e+00
3.341e-03 4.948e-01 9.711e-02 5.536e+01 0.000e+00
3.688e-03 4.473e-01 1.057e-01 4.093e+01 0.000e+00
4.000e-03 4.102e-01 1.125e-01 3.190e+01 0.000e+00
4.071e-03 4.025e-01 1.139e-01 3.021e+01 0.000e+00
4.494e-03 3.606e-01 1.218e-01 2.226e+01 0.000e+00
4.961e-03 3.222e-01 1.292e-01 1.637e+01 0.000e+00
5.000e-03 3.193e-01 1.297e-01 1.598e+01 0.000e+00
5.477e-03 2.874e-01 1.360e-01 1.202e+01 0.000e+00
6.000e-03 2.584e-01 1.418e-01 9.031e+00 0.000e+00
6.046e-03 2.561e-01 1.423e-01 8.817e+00 0.000e+00
6.675e-03 2.282e-01 1.480e-01 6.454e+00 0.000e+00
7.368e-03 2.034e-01 1.533e-01 4.720e+00 0.000e+00
8.000e-03 1.848e-01 1.573e-01 3.633e+00 0.000e+00
8.134e-03 1.812e-01 1.581e-01 3.445e+00 0.000e+00
8.979e-03 1.615e-01 1.627e-01 2.512e+00 0.000e+00
9.912e-03 1.438e-01 1.669e-01 1.829e+00 0.000e+00
1.000e-02 1.423e-01 1.672e-01 1.778e+00 0.000e+00
1.094e-02 1.278e-01 1.708e-01 1.331e+00 0.000e+00
1.208e-02 1.132e-01 1.745e-01 9.665e-01 0.000e+00
1.334e-02 9.981e-02 1.780e-01 7.007e-01 0.000e+00
1.472e-02 8.768e-02 1.811e-01 5.087e-01 0.000e+00
1.500e-02 8.547e-02 1.816e-01 4.784e-01 0.000e+00
1.625e-02 7.653e-02 1.839e-01 3.683e-01 0.000e+00
1.794e-02 6.640e-02 1.864e-01 2.664e-01 0.000e+00
1.980e-02 5.730e-02 1.885e-01 1.927e-01 0.000e+00
2.000e-02 5.643e-02 1.887e-01 1.864e-01 0.000e+00
2.186e-02 4.916e-02 1.902e-01 1.391e-01 0.000e+00
2.413e-02 4.199e-02 1.914e-01 1.004e-01 0.000e+00
2.664e-02 3.570e-02 1.922e-01 7.242e-02 0.000e+00
2.941e-02 3.025e-02 1.925e-01 5.219e-02 0.000e+00
3.000e-02 2.925e-02 1.925e-01 4.887e-02 0.000e+00
3.247e-02 2.555e-02 1.924e-01 3.758e-02 0.000e+00
3.584e-02 2.154e-02 1.920e-01 2.707e-02 0.000e+00
3.957e-02 1.810e-02 1.911e-01 1.947e-02 0.000e+00
4.000e-02 1.776e-02 1.910e-01 1.878e-02 0.000e+00
4.368e-02 1.518e-02 1.898e-01 1.401e-02 0.000e+00
4.822e-02 1.271e-02 1.883e-01 1.007e-02 0.000e+00
5.000e-02 1.190e-02 1.876e-01 8.927e-03 0.000e+00
5.323e-02 1.061e-02 1.863e-01 7.244e-03 0.000e+00
5.876e-02 8.843e-03 1.841e-01 5.207e-03 0.000e+00
6.000e-02 8.508e-03 1.836e-01 4.857e-03 0.000e+00
6.486e-02 7.359e-03 1.816e-01 3.744e-03 0.000e+00
7.161e-02 6.110e-03 1.789e-01 2.690e-03 0.000e+00
7.905e-02 5.066e-03 1.759e-01 1.934e-03 0.000e+00
8.000e-02 4.952e-03 1.755e-01 1.858e-03 0.000e+00
8.726e-02 4.194e-03 1.726e-01 1.391e-03 0.000e+00
9.633e-02 3.466e-03 1.692e-01 1.000e-03 0.000e+00
1.000e-01 3.224e-03 1.678e-01 8.833e-04 0.000e+00
1.063e-01 2.864e-03 1.655e-01 7.211e-04 0.000e+00
1.174e-01 2.361e-03 1.617e-01 5.190e-04 0.000e+00
1.296e-01 1.946e-03 1.578e-01 3.745e-04 0.000e+00
1.431e-01 1.602e-03 1.537e-01 2.704e-04 0.000e+00
1.500e-01 1.460e-03 1.517e-01 2.317e-04 0.000e+00
1.579e-01 1.320e-03 1.495e-01 1.959e-04 0.000e+00
1.743e-01 1.086e-03 1.453e-01 1.420e-04 0.000e+00
1.925e-01 8.920e-04 1.409e-01 1.030e-04 0.000e+00
2.000e-01 8.269e-04 1.393e-01 9.107e-05 0.000e+00
2.125e-01 7.333e-04 1.366e-01 7.500e-05 0.000e+00
2.345e-01 6.031e-04 1.322e-01 5.484e-05 0.000e+00
2.589e-01 4.954e-04 1.278e-01 4.019e-05 0.000e+00
2.858e-01 4.070e-04 1.234e-01 2.960e-05 0.000e+00
3.000e-01 3.695e-04 1.213e-01 2.552e-05 0.000e+00
3.155e-01 3.342e-04 1.191e-01 2.191e-05 0.000e+00
3.483e-01 2.744e-04 1.147e-01 1.631e-05 0.000e+00
3.845e-01 2.253e-04 1.104e-01 1.221e-05 0.000e+00
4.000e-01 2.082e-04 1.087e-01 1.089e-05 0.000e+00
4.245e-01 1.849e-04 1.062e-01 9.190e-06 0.000e+00
4.686e-01 1.518e-04 1.020e-01 6.977e-06 0.000e+00
5.000e-01 1.334e-04 9.933e-02 5.857e-06 0.000e+00
5.173e-01 1.246e-04 9.792e-02 5.354e-06 0.000e+00
5.710e-01 1.023e-04 9.388e-02 4.144e-06 0.000e+00
6.000e-01 9.268e-05 9.188e-02 3.642e-06 0.000e+00
6.304e-01 8.396e-05 8.992e-02 3.197e-06 0.000e+00
6.959e-01 6.890e-05 8.605e-02 2.480e-06 0.000e+00
7.682e-01 5.655e-05 8.226e-02 1.983e-06 0.000e+00
8.000e-01 5.214e-05 8.072e-02 1.837e-06 0.000e+00
8.480e-01 4.641e-05 7.853e-02 1.670e-06 0.000e+00
9.361e-01 3.809e-05 7.491e-02 1.388e-06 0.000e+00
1.000e+00 3.338e-05 7.259e-02 1.142e-06 0.000e+00
1.022e+00 3.196e-05 7.184e-02 1.053e-06 0.000e+00
1.033e+00 3.128e-05 7.148e-02 1.015e-06 2.516e-09
1.141e+00 2.564e-05 6.803e-02 8.090e-07 2.396e-06
1.250e+00 2.136e-05 6.491e-02 7.149e-07 1.299e-05
1.259e+00 2.106e-05 6.467e-02 7.076e-07 1.430e-05
1.390e+00 1.728e-05 6.143e-02 5.980e-07 4.060e-05
1.500e+00 1.484e-05 5.902e-02 5.191e-07 7.220e-05
1.535e+00 1.417e-05 5.829e-02 4.982e-07 8.384e-05
1.694e+00 1.164e-05 5.525e-02 4.225e-07 1.447e-04
1.870e+00 9.549e-06 5.229e-02 3.627e-07 2.239e-04
2.000e+00 8.347e-06 5.035e-02 3.277e-07 2.880e-04
2.044e+00 7.990e-06 4.973e-02 3.171e-07 3.104e-04
2.065e+00 7.829e-06 4.944e-02 3.122e-07 3.213e-04
2.279e+00 6.426e-06 4.671e-02 2.699e-07 4.347e-04
2.516e+00 5.273e-06 4.406e-02 2.342e-07 5.652e-04
2.778e+00 4.326e-06 4.151e-02 2.041e-07 7.126e-04
3.000e+00 3.710e-06 3.961e-02 1.839e-07 8.386e-04
3.066e+00 3.552e-06 3.908e-02 1.786e-07 8.761e-04
3.385e+00 2.914e-06 3.675e-02 1.567e-07 1.057e-03
3.737e+00 2.391e-06 3.452e-02 1.379e-07 1.253e-03
4.000e+00 2.087e-06 3.304e-02 1.265e-07 1.396e-03
4.125e+00 1.962e-06 3.239e-02 1.218e-07 1.462e-03
4.554e+00 1.610e-06 3.036e-02 1.077e-07 1.686e-03
5.000e+00 1.336e-06 2.854e-02 9.614e-08 1.910e-03
5.027e+00 1.321e-06 2.843e-02 9.552e-08 1.923e-03
5.549e+00 1.085e-06 2.660e-02 8.486e-08 2.175e-03
6.000e+00 9.277e-07 2.522e-02 7.738e-08 2.383e-03
6.126e+00 8.898e-07 2.486e-02 7.552e-08 2.439e-03
6.762e+00 7.301e-07 2.322e-02 6.734e-08 2.712e-03
7.000e+00 6.813e-07 2.267e-02 6.471e-08 2.811e-03
7.465e+00 5.992e-07 2.167e-02 6.011e-08 2.996e-03
8.000e+00 5.218e-07 2.063e-02 5.556e-08 3.201e-03
8.241e+00 4.918e-07 2.020e-02 5.374e-08 3.290e-03
9.000e+00 4.123e-07 1.897e-02 4.869e-08 3.558e-03
9.097e+00 4.035e-07 1.882e-02 4.812e-08 3.590e-03
1.000e+01 3.339e-07 1.757e-02 4.333e-08 3.885e-03
1.004e+01 3.313e-07 1.752e-02 4.314e-08 3.898e-03
1.100e+01 2.760e-07 1.639e-02 3.899e-08 4.185e-03
1.109e+01 2.715e-07 1.629e-02 3.865e-08 4.211e-03
1.200e+01 2.319e-07 1.537e-02 3.546e-08 4.462e-03
1.224e+01 2.229e-07 1.514e-02 3.471e-08 4.525e-03
1.300e+01 1.976e-07 1.448e-02 3.251e-08 4.720e-03
1.351e+01 1.830e-07 1.407e-02 3.119e-08 4.846e-03
1.400e+01 1.704e-07 1.370e-02 3.001e-08 4.962e-03
1.491e+01 1.502e-07 1.306e-02 2.805e-08 5.166e-03
1.500e+01 1.484e-07 1.301e-02 2.787e-08 5.186e-03
1.600e+01 1.304e-07 1.238e-02 2.601e-08 5.402e-03
1.646e+01 1.232e-07 1.212e-02 2.524e-08 5.496e-03
1.800e+01 1.031e-07 1.132e-02 2.295e-08 5.793e-03
1.818e+01 1.010e-07 1.123e-02 2.271e-08 5.826e-03
2.000e+01 8.347e-08 1.044e-02 2.053e-08 6.146e-03
