# EUROPIUM from NIST Database
5.243e+00 0.000e+00 0.000e+00 0.000e+00 0.000e+00
6.300e+01 1.000e+00 3.500e+00 0.000e+00 0.000e+00
0.000e+00 0.000e+00 0.000e+00 0.000e+00 0.000e+00
1.000e-03 9.895e+00 5.810e-03 2.206e+03 0.000e+00
1.020e-03 9.876e+00 5.962e-03 2.126e+03 0.000e+00
1.126e-03 9.774e+00 6.771e-03 1.767e+03 0.000e+00
1.131e-03 9.768e+00 6.808e-03 1.753e+03 0.000e+00
1.131e-03 9.768e+00 6.808e-03 2.329e+03 0.000e+00
1.146e-03 9.753e+00 6.919e-03 3.528e+03 0.000e+00
1.161e-03 9.737e+00 7.030e-03 5.346e+03 0.000e+00
1.161e-03 9.737e+00 7.030e-03 6.467e+03 0.000e+00
1.243e-03 9.653e+00 7.634e-03 6.023e+03 0.000e+00
1.372e-03 9.530e+00 8.564e-03 5.436e+03 0.000e+00
1.481e-03 9.424e+00 9.352e-03 5.021e+03 0.000e+00
1.481e-03 9.424e+00 9.352e-03 5.802e+03 0.000e+00
1.500e-03 9.404e+00 9.495e-03 5.615e+03 0.000e+00
1.515e-03 9.388e+00 9.605e-03 5.491e+03 0.000e+00
1.614e-03 9.285e+00 1.033e-02 4.763e+03 0.000e+00
1.614e-03 9.285e+00 1.033e-02 5.057e+03 0.000e+00
1.672e-03 9.228e+00 1.075e-02 4.675e+03 0.000e+00
1.800e-03 9.103e+00 1.167e-02 3.971e+03 0.000e+00
1.800e-03 9.103e+00 1.167e-02 4.149e+03 0.000e+00
1.846e-03 9.056e+00 1.200e-02 3.919e+03 0.000e+00
2.000e-03 8.893e+00 1.311e-02 3.269e+03 0.000e+00
2.038e-03 8.852e+00 1.338e-02 3.126e+03 0.000e+00
2.250e-03 8.632e+00 1.491e-02 2.472e+03 0.000e+00
2.483e-03 8.396e+00 1.656e-02 1.956e+03 0.000e+00
2.741e-03 8.138e+00 1.837e-02 1.547e+03 0.000e+00
3.000e-03 7.882e+00 2.015e-02 1.248e+03 0.000e+00
3.026e-03 7.857e+00 2.033e-02 1.222e+03 0.000e+00
3.341e-03 7.552e+00 2.244e-02 9.562e+02 0.000e+00
3.688e-03 7.225e+00 2.470e-02 7.486e+02 0.000e+00
4.000e-03 6.943e+00 2.667e-02 6.123e+02 0.000e+00
4.071e-03 6.880e+00 2.712e-02 5.856e+02 0.000e+00
4.494e-03 6.519e+00 2.969e-02 4.560e+02 0.000e+00
4.961e-03 6.148e+00 3.241e-02 3.550e+02 0.000e+00
5.000e-03 6.119e+00 3.263e-02 3.481e+02 0.000e+00
5.477e-03 5.772e+00 3.525e-02 2.754e+02 0.000e+00
6.000e-03 5.421e+00 3.796e-02 2.179e+02 0.000e+00
6.046e-03 5.392e+00 3.819e-02 2.136e+02 0.000e+00
6.675e-03 5.009e+00 4.124e-02 1.652e+02 0.000e+00
6.977e-03 4.839e+00 4.264e-02 1.473e+02 0.000e+00
6.977e-03 4.839e+00 4.264e-02 4.078e+02 0.000e+00
7.368e-03 4.631e+00 4.440e-02 3.546e+02 0.000e+00
7.617e-03 4.506e+00 4.545e-02 3.257e+02 0.000e+00
7.617e-03 4.506e+00 4.545e-02 4.446e+02 0.000e+00
8.000e-03 4.323e+00 4.704e-02 3.946e+02 0.000e+00
8.052e-03 4.300e+00 4.728e-02 3.878e+02 0.000e+00
8.052e-03 4.300e+00 4.728e-02 4.482e+02 0.000e+00
8.134e-03 4.263e+00 4.765e-02 4.369e+02 0.000e+00
8.979e-03 3.902e+00 5.110e-02 3.404e+02 0.000e+00
9.912e-03 3.550e+00 5.443e-02 2.652e+02 0.000e+00
1.000e-02 3.519e+00 5.473e-02 2.594e+02 0.000e+00
1.094e-02 3.214e+00 5.788e-02 2.044e+02 0.000e+00
1.208e-02 2.897e+00 6.154e-02 1.572e+02 0.000e+00
1.334e-02 2.602e+00 6.535e-02 1.208e+02 0.000e+00
1.472e-02 2.333e+00 6.920e-02 9.306e+01 0.000e+00
1.500e-02 2.284e+00 6.994e-02 8.853e+01 0.000e+00
1.625e-02 2.086e+00 7.309e-02 7.132e+01 0.000e+00
1.794e-02 1.860e+00 7.693e-02 5.459e+01 0.000e+00
1.980e-02 1.654e+00 8.067e-02 4.182e+01 0.000e+00
2.000e-02 1.634e+00 8.104e-02 4.070e+01 0.000e+00
2.186e-02 1.465e+00 8.427e-02 3.187e+01 0.000e+00
2.413e-02 1.291e+00 8.768e-02 2.430e+01 0.000e+00
2.664e-02 1.132e+00 9.088e-02 1.851e+01 0.000e+00
2.941e-02 9.869e-01 9.387e-02 1.410e+01 0.000e+00
3.000e-02 9.594e-01 9.443e-02 1.335e+01 0.000e+00
3.247e-02 8.552e-01 9.660e-02 1.071e+01 0.000e+00
3.584e-02 7.379e-01 9.907e-02 8.136e+00 0.000e+00
3.957e-02 6.349e-01 1.013e-01 6.175e+00 0.000e+00
4.000e-02 6.245e-01 1.015e-01 5.992e+00 0.000e+00
4.368e-02 5.460e-01 1.032e-01 4.679e+00 0.000e+00
4.822e-02 4.686e-01 1.048e-01 3.544e+00 0.000e+00
4.852e-02 4.640e-01 1.049e-01 3.483e+00 0.000e+00
4.852e-02 4.640e-01 1.049e-01 1.944e+01 0.000e+00
5.000e-02 4.426e-01 1.053e-01 1.795e+01 0.000e+00
5.323e-02 4.014e-01 1.061e-01 1.522e+01 0.000e+00
5.876e-02 3.438e-01 1.071e-01 1.174e+01 0.000e+00
6.000e-02 3.327e-01 1.073e-01 1.111e+01 0.000e+00
6.486e-02 2.937e-01 1.078e-01 9.039e+00 0.000e+00
7.161e-02 2.499e-01 1.082e-01 6.934e+00 0.000e+00
7.905e-02 2.119e-01 1.083e-01 5.309e+00 0.000e+00
8.000e-02 2.077e-01 1.083e-01 5.140e+00 0.000e+00
8.726e-02 1.790e-01 1.081e-01 4.057e+00 0.000e+00
9.633e-02 1.509e-01 1.076e-01 3.094e+00 0.000e+00
1.000e-01 1.413e-01 1.073e-01 2.792e+00 0.000e+00
1.063e-01 1.270e-01 1.067e-01 2.359e+00 0.000e+00
1.174e-01 1.065e-01 1.056e-01 1.792e+00 0.000e+00
1.296e-01 8.939e-02 1.042e-01 1.361e+00 0.000e+00
1.431e-01 7.489e-02 1.025e-01 1.033e+00 0.000e+00
1.500e-01 6.883e-02 1.016e-01 9.055e-01 0.000e+00
1.579e-01 6.278e-02 1.007e-01 7.847e-01 0.000e+00
1.743e-01 5.254e-02 9.861e-02 5.956e-01 0.000e+00
1.925e-01 4.389e-02 9.640e-02 4.517e-01 0.000e+00
2.000e-01 4.094e-02 9.550e-02 4.062e-01 0.000e+00
2.125e-01 3.664e-02 9.405e-02 3.433e-01 0.000e+00
2.345e-01 3.055e-02 9.160e-02 2.615e-01 0.000e+00
2.589e-01 2.542e-02 8.905e-02 1.993e-01 0.000e+00
2.858e-01 2.112e-02 8.643e-02 1.523e-01 0.000e+00
3.000e-01 1.928e-02 8.512e-02 1.336e-01 0.000e+00
3.155e-01 1.753e-02 8.375e-02 1.167e-01 0.000e+00
3.483e-01 1.453e-02 8.104e-02 8.976e-02 0.000e+00
3.845e-01 1.202e-02 7.830e-02 6.930e-02 0.000e+00
4.000e-01 1.115e-02 7.720e-02 6.257e-02 0.000e+00
4.245e-01 9.944e-03 7.554e-02 5.374e-02 0.000e+00
4.686e-01 8.220e-03 7.278e-02 4.189e-02 0.000e+00
5.000e-01 7.252e-03 7.097e-02 3.567e-02 0.000e+00
5.173e-01 6.790e-03 7.003e-02 3.282e-02 0.000e+00
5.710e-01 5.607e-03 6.730e-02 2.586e-02 0.000e+00
6.000e-01 5.092e-03 6.594e-02 2.300e-02 0.000e+00
6.304e-01 4.625e-03 6.459e-02 2.050e-02 0.000e+00
6.959e-01 3.813e-03 6.191e-02 1.635e-02 0.000e+00
7.682e-01 3.142e-03 5.928e-02 1.312e-02 0.000e+00
8.000e-01 2.902e-03 5.821e-02 1.201e-02 0.000e+00
8.480e-01 2.588e-03 5.670e-02 1.059e-02 0.000e+00
9.361e-01 2.130e-03 5.416e-02 8.602e-03 0.000e+00
1.000e+00 1.870e-03 5.247e-02 7.518e-03 0.000e+00
1.022e+00 1.792e-03 5.191e-02 7.197e-03 0.000e+00
1.033e+00 1.755e-03 5.164e-02 7.044e-03 6.162e-08
1.141e+00 1.442e-03 4.919e-02 5.786e-03 5.172e-05
1.250e+00 1.204e-03 4.700e-02 4.851e-03 2.515e-04
1.259e+00 1.187e-03 4.683e-02 4.785e-03 2.746e-04
1.390e+00 9.752e-04 4.451e-02 3.978e-03 7.024e-04
1.500e+00 8.381e-04 4.276e-02 3.464e-03 1.163e-03
1.535e+00 8.005e-04 4.224e-02 3.324e-03 1.323e-03
1.694e+00 6.575e-04 4.005e-02 2.793e-03 2.106e-03
1.870e+00 5.399e-04 3.792e-02 2.355e-03 3.040e-03
2.000e+00 4.728e-04 3.652e-02 2.103e-03 3.754e-03
2.044e+00 4.530e-04 3.607e-02 2.028e-03 3.999e-03
2.065e+00 4.439e-04 3.586e-02 1.994e-03 4.115e-03
2.279e+00 3.652e-04 3.388e-02 1.697e-03 5.296e-03
2.516e+00 2.997e-04 3.197e-02 1.451e-03 6.575e-03
2.778e+00 2.458e-04 3.013e-02 1.245e-03 7.938e-03
3.000e+00 2.107e-04 2.876e-02 1.109e-03 9.049e-03
3.066e+00 2.017e-04 2.838e-02 1.073e-03 9.373e-03
3.385e+00 1.655e-04 2.669e-02 9.280e-04 1.089e-02
3.737e+00 1.359e-04 2.507e-02 8.049e-04 1.247e-02
4.000e+00 1.186e-04 2.400e-02 7.311e-04 1.360e-02
4.125e+00 1.116e-04 2.353e-02 7.003e-04 1.413e-02
4.554e+00 9.157e-05 2.205e-02 6.110e-04 1.584e-02
5.000e+00 7.597e-05 2.073e-02 5.386e-04 1.750e-02
5.027e+00 7.515e-05 2.066e-02 5.347e-04 1.760e-02
5.549e+00 6.167e-05 1.933e-02 4.693e-04 1.941e-02
6.000e+00 5.275e-05 1.832e-02 4.240e-04 2.088e-02
6.126e+00 5.060e-05 1.806e-02 4.128e-04 2.126e-02
6.762e+00 4.154e-05 1.687e-02 3.639e-04 2.318e-02
7.000e+00 3.877e-05 1.647e-02 3.483e-04 2.386e-02
7.465e+00 3.409e-05 1.574e-02 3.214e-04 2.514e-02
8.000e+00 2.969e-05 1.499e-02 2.950e-04 2.654e-02
8.241e+00 2.797e-05 1.468e-02 2.845e-04 2.714e-02
9.000e+00 2.346e-05 1.378e-02 2.556e-04 2.897e-02
9.097e+00 2.296e-05 1.368e-02 2.523e-04 2.919e-02
1.000e+01 1.900e-05 1.277e-02 2.252e-04 3.121e-02
1.004e+01 1.885e-05 1.273e-02 2.242e-04 3.130e-02
1.100e+01 1.570e-05 1.191e-02 2.012e-04 3.328e-02
1.109e+01 1.545e-05 1.184e-02 1.993e-04 3.346e-02
1.200e+01 1.320e-05 1.117e-02 1.818e-04 3.520e-02
1.224e+01 1.268e-05 1.101e-02 1.776e-04 3.564e-02
1.300e+01 1.124e-05 1.052e-02 1.657e-04 3.699e-02
1.351e+01 1.041e-05 1.022e-02 1.585e-04 3.786e-02
1.400e+01 9.693e-06 9.955e-03 1.522e-04 3.865e-02
1.491e+01 8.547e-06 9.494e-03 1.417e-04 4.006e-02
1.500e+01 8.445e-06 9.451e-03 1.407e-04 4.020e-02
1.600e+01 7.422e-06 9.000e-03 1.308e-04 4.165e-02
1.646e+01 7.013e-06 8.808e-03 1.267e-04 4.228e-02
1.800e+01 5.865e-06 8.227e-03 1.146e-04 4.424e-02
1.818e+01 5.750e-06 8.164e-03 1.134e-04 4.445e-02
2.000e+01 4.751e-06 7.585e-03 1.020e-04 4.654e-02
