# EYE LENS (ICRP) from NIST Database
1.100e+00 0.000e+00 0.000e+00 0.000e+00 0.000e+00
1.000e+00 9.848e-02 3.500e+00 0.000e+00 0.000e+00
6.000e+00 1.613e-02 3.500e+00 0.000e+00 0.000e+00
7.000e+00 3.803e-03 3.500e+00 0.000e+00 0.000e+00
8.000e+00 4.086e-02 3.500e+00 0.000e+00 0.000e+00
0.000e+00 0.000e+00 0.000e+00 0.000e+00 0.000e+00
1.000e-03 1.294e+00 1.360e-02 3.605e+03 0.000e+00
1.020e-03 1.289e+00 1.408e-02 3.419e+03 0.000e+00
1.126e-03 1.267e+00 1.677e-02 2.623e+03 0.000e+00
1.243e-03 1.243e+00 1.993e-02 2.011e+03 0.000e+00
1.372e-03 1.216e+00 2.361e-02 1.538e+03 0.000e+00
1.500e-03 1.188e+00 2.739e-02 1.205e+03 0.000e+00
1.515e-03 1.184e+00 2.784e-02 1.172e+03 0.000e+00
1.672e-03 1.148e+00 3.259e-02 8.912e+02 0.000e+00
1.846e-03 1.105e+00 3.792e-02 6.746e+02 0.000e+00
2.000e-03 1.067e+00 4.265e-02 5.374e+02 0.000e+00
2.038e-03 1.058e+00 4.381e-02 5.093e+02 0.000e+00
2.250e-03 1.006e+00 5.025e-02 3.837e+02 0.000e+00
2.483e-03 9.497e-01 5.715e-02 2.888e+02 0.000e+00
2.741e-03 8.900e-01 6.452e-02 2.166e+02 0.000e+00
3.000e-03 8.330e-01 7.154e-02 1.663e+02 0.000e+00
3.026e-03 8.274e-01 7.222e-02 1.621e+02 0.000e+00
3.341e-03 7.629e-01 8.016e-02 1.211e+02 0.000e+00
3.688e-03 6.979e-01 8.818e-02 9.025e+01 0.000e+00
4.000e-03 6.449e-01 9.478e-02 7.080e+01 0.000e+00
4.071e-03 6.336e-01 9.620e-02 6.717e+01 0.000e+00
4.494e-03 5.711e-01 1.041e-01 4.989e+01 0.000e+00
4.961e-03 5.116e-01 1.117e-01 3.699e+01 0.000e+00
5.000e-03 5.071e-01 1.123e-01 3.612e+01 0.000e+00
5.477e-03 4.559e-01 1.190e-01 2.736e+01 0.000e+00
6.000e-03 4.084e-01 1.253e-01 2.070e+01 0.000e+00
6.046e-03 4.046e-01 1.258e-01 2.022e+01 0.000e+00
6.675e-03 3.578e-01 1.322e-01 1.491e+01 0.000e+00
7.368e-03 3.156e-01 1.381e-01 1.098e+01 0.000e+00
8.000e-03 2.839e-01 1.427e-01 8.505e+00 0.000e+00
8.134e-03 2.778e-01 1.436e-01 8.076e+00 0.000e+00
8.979e-03 2.444e-01 1.485e-01 5.932e+00 0.000e+00
9.912e-03 2.148e-01 1.531e-01 4.350e+00 0.000e+00
1.000e-02 2.123e-01 1.534e-01 4.230e+00 0.000e+00
1.094e-02 1.887e-01 1.572e-01 3.187e+00 0.000e+00
1.208e-02 1.656e-01 1.611e-01 2.328e+00 0.000e+00
1.334e-02 1.450e-01 1.646e-01 1.698e+00 0.000e+00
1.472e-02 1.269e-01 1.678e-01 1.240e+00 0.000e+00
1.500e-02 1.237e-01 1.684e-01 1.168e+00 0.000e+00
1.625e-02 1.107e-01 1.707e-01 9.035e-01 0.000e+00
1.794e-02 9.624e-02 1.734e-01 6.573e-01 0.000e+00
1.980e-02 8.337e-02 1.757e-01 4.781e-01 0.000e+00
2.000e-02 8.214e-02 1.759e-01 4.628e-01 0.000e+00
2.186e-02 7.186e-02 1.777e-01 3.470e-01 0.000e+00
2.413e-02 6.167e-02 1.793e-01 2.518e-01 0.000e+00
2.664e-02 5.268e-02 1.805e-01 1.824e-01 0.000e+00
2.941e-02 4.482e-02 1.812e-01 1.320e-01 0.000e+00
3.000e-02 4.337e-02 1.814e-01 1.237e-01 0.000e+00
3.247e-02 3.799e-02 1.816e-01 9.549e-02 0.000e+00
3.584e-02 3.210e-02 1.816e-01 6.906e-02 0.000e+00
3.957e-02 2.703e-02 1.811e-01 4.988e-02 0.000e+00
4.000e-02 2.652e-02 1.811e-01 4.814e-02 0.000e+00
4.368e-02 2.272e-02 1.803e-01 3.603e-02 0.000e+00
4.822e-02 1.905e-02 1.791e-01 2.600e-02 0.000e+00
5.000e-02 1.785e-02 1.786e-01 2.307e-02 0.000e+00
5.323e-02 1.595e-02 1.776e-01 1.876e-02 0.000e+00
5.876e-02 1.332e-02 1.757e-01 1.353e-02 0.000e+00
6.000e-02 1.282e-02 1.752e-01 1.263e-02 0.000e+00
6.486e-02 1.111e-02 1.735e-01 9.760e-03 0.000e+00
7.161e-02 9.246e-03 1.710e-01 7.035e-03 0.000e+00
7.905e-02 7.683e-03 1.683e-01 5.073e-03 0.000e+00
8.000e-02 7.512e-03 1.679e-01 4.876e-03 0.000e+00
8.726e-02 6.375e-03 1.653e-01 3.659e-03 0.000e+00
9.633e-02 5.281e-03 1.621e-01 2.639e-03 0.000e+00
1.000e-01 4.917e-03 1.609e-01 2.333e-03 0.000e+00
1.063e-01 4.373e-03 1.588e-01 1.907e-03 0.000e+00
1.174e-01 3.611e-03 1.552e-01 1.375e-03 0.000e+00
1.296e-01 2.981e-03 1.515e-01 9.942e-04 0.000e+00
1.431e-01 2.458e-03 1.476e-01 7.189e-04 0.000e+00
1.500e-01 2.242e-03 1.457e-01 6.166e-04 0.000e+00
1.579e-01 2.027e-03 1.436e-01 5.217e-04 0.000e+00
1.743e-01 1.670e-03 1.396e-01 3.788e-04 0.000e+00
1.925e-01 1.373e-03 1.354e-01 2.752e-04 0.000e+00
2.000e-01 1.273e-03 1.338e-01 2.435e-04 0.000e+00
2.125e-01 1.129e-03 1.313e-01 2.007e-04 0.000e+00
2.345e-01 9.293e-04 1.271e-01 1.471e-04 0.000e+00
2.589e-01 7.637e-04 1.229e-01 1.080e-04 0.000e+00
2.858e-01 6.276e-04 1.187e-01 7.968e-05 0.000e+00
3.000e-01 5.700e-04 1.166e-01 6.875e-05 0.000e+00
3.155e-01 5.156e-04 1.145e-01 5.906e-05 0.000e+00
3.483e-01 4.235e-04 1.103e-01 4.399e-05 0.000e+00
3.845e-01 3.478e-04 1.062e-01 3.296e-05 0.000e+00
4.000e-01 3.214e-04 1.046e-01 2.942e-05 0.000e+00
4.245e-01 2.855e-04 1.021e-01 2.485e-05 0.000e+00
4.686e-01 2.344e-04 9.813e-02 1.888e-05 0.000e+00
5.000e-01 2.060e-04 9.553e-02 1.586e-05 0.000e+00
5.173e-01 1.925e-04 9.418e-02 1.450e-05 0.000e+00
5.710e-01 1.580e-04 9.030e-02 1.122e-05 0.000e+00
6.000e-01 1.431e-04 8.838e-02 9.875e-06 0.000e+00
6.304e-01 1.297e-04 8.649e-02 8.687e-06 0.000e+00
6.959e-01 1.065e-04 8.277e-02 6.764e-06 0.000e+00
7.682e-01 8.738e-05 7.914e-02 5.401e-06 0.000e+00
8.000e-01 8.057e-05 7.767e-02 4.984e-06 0.000e+00
8.480e-01 7.171e-05 7.558e-02 4.493e-06 0.000e+00
9.361e-01 5.884e-05 7.211e-02 3.711e-06 0.000e+00
1.000e+00 5.158e-05 6.985e-02 3.098e-06 0.000e+00
1.022e+00 4.939e-05 6.912e-02 2.884e-06 0.000e+00
1.033e+00 4.835e-05 6.876e-02 2.791e-06 3.287e-09
1.141e+00 3.964e-05 6.544e-02 2.243e-06 3.117e-06
1.250e+00 3.303e-05 6.246e-02 1.958e-06 1.685e-05
1.259e+00 3.256e-05 6.223e-02 1.937e-06 1.854e-05
1.390e+00 2.670e-05 5.910e-02 1.633e-06 5.248e-05
1.500e+00 2.293e-05 5.677e-02 1.421e-06 9.320e-05
1.535e+00 2.190e-05 5.607e-02 1.364e-06 1.082e-04
1.694e+00 1.798e-05 5.318e-02 1.157e-06 1.866e-04
1.870e+00 1.476e-05 5.035e-02 9.908e-07 2.887e-04
2.000e+00 1.290e-05 4.845e-02 8.940e-07 3.711e-04
2.044e+00 1.235e-05 4.784e-02 8.648e-07 3.999e-04
2.065e+00 1.210e-05 4.756e-02 8.515e-07 4.138e-04
2.279e+00 9.930e-06 4.489e-02 7.352e-07 5.593e-04
2.516e+00 8.148e-06 4.236e-02 6.374e-07 7.263e-04
2.778e+00 6.686e-06 3.993e-02 5.550e-07 9.144e-04
3.000e+00 5.734e-06 3.811e-02 4.997e-07 1.074e-03
3.066e+00 5.490e-06 3.761e-02 4.853e-07 1.121e-03
3.385e+00 4.505e-06 3.536e-02 4.255e-07 1.350e-03
3.737e+00 3.696e-06 3.321e-02 3.742e-07 1.596e-03
4.000e+00 3.226e-06 3.179e-02 3.431e-07 1.775e-03
4.125e+00 3.033e-06 3.116e-02 3.300e-07 1.860e-03
4.554e+00 2.488e-06 2.921e-02 2.917e-07 2.138e-03
5.000e+00 2.064e-06 2.745e-02 2.602e-07 2.417e-03
5.027e+00 2.042e-06 2.736e-02 2.585e-07 2.434e-03
5.549e+00 1.676e-06 2.559e-02 2.295e-07 2.747e-03
6.000e+00 1.433e-06 2.427e-02 2.092e-07 3.005e-03
6.126e+00 1.375e-06 2.392e-02 2.041e-07 3.074e-03
6.762e+00 1.129e-06 2.234e-02 1.819e-07 3.412e-03
7.000e+00 1.053e-06 2.181e-02 1.748e-07 3.534e-03
7.465e+00 9.260e-07 2.085e-02 1.623e-07 3.761e-03
8.000e+00 8.064e-07 1.985e-02 1.500e-07 4.013e-03
8.241e+00 7.599e-07 1.943e-02 1.450e-07 4.122e-03
9.000e+00 6.372e-07 1.825e-02 1.313e-07 4.453e-03
9.097e+00 6.237e-07 1.811e-02 1.298e-07 4.494e-03
1.000e+01 5.161e-07 1.691e-02 1.168e-07 4.854e-03
1.004e+01 5.120e-07 1.686e-02 1.163e-07 4.869e-03
1.100e+01 4.265e-07 1.577e-02 1.051e-07 5.220e-03
1.109e+01 4.196e-07 1.567e-02 1.042e-07 5.252e-03
1.200e+01 3.583e-07 1.479e-02 9.554e-08 5.559e-03
1.224e+01 3.444e-07 1.457e-02 9.350e-08 5.636e-03
1.300e+01 3.054e-07 1.393e-02 8.757e-08 5.874e-03
1.351e+01 2.827e-07 1.353e-02 8.399e-08 6.027e-03
1.400e+01 2.633e-07 1.318e-02 8.081e-08 6.169e-03
1.491e+01 2.321e-07 1.257e-02 7.552e-08 6.420e-03
1.500e+01 2.294e-07 1.251e-02 7.504e-08 6.445e-03
1.600e+01 2.016e-07 1.192e-02 7.003e-08 6.706e-03
1.646e+01 1.905e-07 1.166e-02 6.794e-08 6.821e-03
1.800e+01 1.593e-07 1.089e-02 6.177e-08 7.183e-03
1.818e+01 1.561e-07 1.081e-02 6.112e-08 7.224e-03
2.000e+01 1.290e-07 1.004e-02 5.524e-08 7.612e-03
