# FLUORINE from NIST Database
1.580e-03 0.000e+00 0.000e+00 0.000e+00 0.000e+00
9.000e+00 1.000e+00 3.500e+00 0.000e+00 0.000e+00
0.000e+00 0.000e+00 0.000e+00 0.000e+00 0.000e+00
1.000e-03 1.620e+00 6.432e-03 5.649e+03 0.000e+00
1.020e-03 1.616e+00 6.673e-03 5.370e+03 0.000e+00
1.126e-03 1.596e+00 8.021e-03 4.170e+03 0.000e+00
1.243e-03 1.574e+00 9.630e-03 3.234e+03 0.000e+00
1.372e-03 1.549e+00 1.153e-02 2.502e+03 0.000e+00
1.500e-03 1.522e+00 1.354e-02 1.977e+03 0.000e+00
1.515e-03 1.519e+00 1.378e-02 1.925e+03 0.000e+00
1.672e-03 1.483e+00 1.637e-02 1.477e+03 0.000e+00
1.846e-03 1.441e+00 1.939e-02 1.127e+03 0.000e+00
2.000e-03 1.403e+00 2.215e-02 9.034e+02 0.000e+00
2.038e-03 1.394e+00 2.284e-02 8.574e+02 0.000e+00
2.250e-03 1.340e+00 2.677e-02 6.506e+02 0.000e+00
2.483e-03 1.280e+00 3.117e-02 4.930e+02 0.000e+00
2.741e-03 1.214e+00 3.608e-02 3.724e+02 0.000e+00
3.000e-03 1.149e+00 4.099e-02 2.876e+02 0.000e+00
3.026e-03 1.143e+00 4.148e-02 2.806e+02 0.000e+00
3.341e-03 1.066e+00 4.733e-02 2.108e+02 0.000e+00
3.688e-03 9.867e-01 5.359e-02 1.581e+02 0.000e+00
4.000e-03 9.199e-01 5.899e-02 1.246e+02 0.000e+00
4.071e-03 9.053e-01 6.019e-02 1.183e+02 0.000e+00
4.494e-03 8.236e-01 6.704e-02 8.834e+01 0.000e+00
4.961e-03 7.432e-01 7.406e-02 6.584e+01 0.000e+00
5.000e-03 7.370e-01 7.462e-02 6.432e+01 0.000e+00
5.477e-03 6.656e-01 8.112e-02 4.897e+01 0.000e+00
6.000e-03 5.978e-01 8.755e-02 3.721e+01 0.000e+00
6.046e-03 5.923e-01 8.808e-02 3.637e+01 0.000e+00
6.675e-03 5.242e-01 9.483e-02 2.694e+01 0.000e+00
7.368e-03 4.618e-01 1.012e-01 1.994e+01 0.000e+00
8.000e-03 4.143e-01 1.063e-01 1.549e+01 0.000e+00
8.134e-03 4.052e-01 1.073e-01 1.472e+01 0.000e+00
8.979e-03 3.545e-01 1.128e-01 1.086e+01 0.000e+00
9.912e-03 3.095e-01 1.180e-01 7.998e+00 0.000e+00
1.000e-02 3.058e-01 1.184e-01 7.782e+00 0.000e+00
1.094e-02 2.700e-01 1.226e-01 5.885e+00 0.000e+00
1.208e-02 2.352e-01 1.269e-01 4.317e+00 0.000e+00
1.334e-02 2.046e-01 1.308e-01 3.162e+00 0.000e+00
1.472e-02 1.781e-01 1.343e-01 2.318e+00 0.000e+00
1.500e-02 1.734e-01 1.349e-01 2.184e+00 0.000e+00
1.625e-02 1.547e-01 1.375e-01 1.695e+00 0.000e+00
1.794e-02 1.342e-01 1.405e-01 1.238e+00 0.000e+00
1.980e-02 1.162e-01 1.431e-01 9.034e-01 0.000e+00
2.000e-02 1.145e-01 1.434e-01 8.749e-01 0.000e+00
2.186e-02 1.002e-01 1.455e-01 6.580e-01 0.000e+00
2.413e-02 8.613e-02 1.476e-01 4.789e-01 0.000e+00
2.664e-02 7.375e-02 1.493e-01 3.481e-01 0.000e+00
2.941e-02 6.290e-02 1.507e-01 2.527e-01 0.000e+00
3.000e-02 6.089e-02 1.509e-01 2.370e-01 0.000e+00
3.247e-02 5.342e-02 1.516e-01 1.833e-01 0.000e+00
3.584e-02 4.523e-02 1.522e-01 1.330e-01 0.000e+00
3.957e-02 3.814e-02 1.524e-01 9.631e-02 0.000e+00
4.000e-02 3.744e-02 1.524e-01 9.297e-02 0.000e+00
4.368e-02 3.210e-02 1.522e-01 6.975e-02 0.000e+00
4.822e-02 2.694e-02 1.517e-01 5.047e-02 0.000e+00
5.000e-02 2.525e-02 1.514e-01 4.482e-02 0.000e+00
5.323e-02 2.257e-02 1.507e-01 3.650e-02 0.000e+00
5.876e-02 1.887e-02 1.495e-01 2.638e-02 0.000e+00
6.000e-02 1.817e-02 1.492e-01 2.463e-02 0.000e+00
6.486e-02 1.575e-02 1.479e-01 1.906e-02 0.000e+00
7.161e-02 1.313e-02 1.461e-01 1.377e-02 0.000e+00
7.905e-02 1.092e-02 1.440e-01 9.946e-03 0.000e+00
8.000e-02 1.068e-02 1.437e-01 9.563e-03 0.000e+00
8.726e-02 9.075e-03 1.416e-01 7.187e-03 0.000e+00
9.633e-02 7.528e-03 1.390e-01 5.193e-03 0.000e+00
1.000e-01 7.012e-03 1.380e-01 4.593e-03 0.000e+00
1.063e-01 6.241e-03 1.363e-01 3.759e-03 0.000e+00
1.174e-01 5.159e-03 1.333e-01 2.715e-03 0.000e+00
1.296e-01 4.264e-03 1.302e-01 1.966e-03 0.000e+00
1.431e-01 3.519e-03 1.269e-01 1.424e-03 0.000e+00
1.500e-01 3.211e-03 1.254e-01 1.222e-03 0.000e+00
1.579e-01 2.905e-03 1.236e-01 1.034e-03 0.000e+00
1.743e-01 2.394e-03 1.202e-01 7.519e-04 0.000e+00
1.925e-01 1.970e-03 1.167e-01 5.468e-04 0.000e+00
2.000e-01 1.827e-03 1.153e-01 4.840e-04 0.000e+00
2.125e-01 1.621e-03 1.131e-01 3.993e-04 0.000e+00
2.345e-01 1.335e-03 1.095e-01 2.929e-04 0.000e+00
2.589e-01 1.097e-03 1.059e-01 2.153e-04 0.000e+00
2.858e-01 9.021e-04 1.023e-01 1.590e-04 0.000e+00
3.000e-01 8.194e-04 1.005e-01 1.373e-04 0.000e+00
3.155e-01 7.414e-04 9.872e-02 1.180e-04 0.000e+00
3.483e-01 6.091e-04 9.515e-02 8.797e-05 0.000e+00
3.845e-01 5.004e-04 9.162e-02 6.597e-05 0.000e+00
4.000e-01 4.625e-04 9.021e-02 5.890e-05 0.000e+00
4.245e-01 4.108e-04 8.811e-02 4.975e-05 0.000e+00
4.686e-01 3.373e-04 8.465e-02 3.782e-05 0.000e+00
5.000e-01 2.963e-04 8.242e-02 3.176e-05 0.000e+00
5.173e-01 2.769e-04 8.125e-02 2.904e-05 0.000e+00
5.710e-01 2.274e-04 7.791e-02 2.248e-05 0.000e+00
6.000e-01 2.060e-04 7.627e-02 1.980e-05 0.000e+00
6.304e-01 1.866e-04 7.464e-02 1.743e-05 0.000e+00
6.959e-01 1.532e-04 7.144e-02 1.360e-05 0.000e+00
7.682e-01 1.257e-04 6.831e-02 1.085e-05 0.000e+00
8.000e-01 1.160e-04 6.704e-02 9.994e-06 0.000e+00
8.480e-01 1.032e-04 6.524e-02 8.968e-06 0.000e+00
9.361e-01 8.473e-05 6.224e-02 7.380e-06 0.000e+00
1.000e+00 7.424e-05 6.029e-02 6.213e-06 0.000e+00
1.022e+00 7.107e-05 5.966e-02 5.813e-06 0.000e+00
1.033e+00 6.956e-05 5.935e-02 5.637e-06 4.022e-09
1.141e+00 5.701e-05 5.648e-02 4.549e-06 3.815e-06
1.250e+00 4.752e-05 5.392e-02 3.943e-06 2.062e-05
1.259e+00 4.684e-05 5.372e-02 3.898e-06 2.269e-05
1.390e+00 3.843e-05 5.103e-02 3.283e-06 6.427e-05
1.500e+00 3.300e-05 4.901e-02 2.862e-06 1.141e-04
1.535e+00 3.151e-05 4.840e-02 2.748e-06 1.325e-04
1.694e+00 2.587e-05 4.586e-02 2.330e-06 2.284e-04
1.870e+00 2.124e-05 4.341e-02 1.993e-06 3.534e-04
2.000e+00 1.857e-05 4.181e-02 1.797e-06 4.546e-04
2.044e+00 1.778e-05 4.130e-02 1.738e-06 4.901e-04
2.065e+00 1.742e-05 4.107e-02 1.711e-06 5.071e-04
2.279e+00 1.431e-05 3.881e-02 1.476e-06 6.859e-04
2.516e+00 1.174e-05 3.661e-02 1.279e-06 8.900e-04
2.778e+00 9.627e-06 3.449e-02 1.113e-06 1.118e-03
3.000e+00 8.254e-06 3.290e-02 1.002e-06 1.312e-03
3.066e+00 7.903e-06 3.246e-02 9.726e-07 1.368e-03
3.385e+00 6.484e-06 3.052e-02 8.522e-07 1.643e-03
3.737e+00 5.320e-06 2.867e-02 7.491e-07 1.940e-03
4.000e+00 4.644e-06 2.744e-02 6.866e-07 2.155e-03
4.125e+00 4.367e-06 2.690e-02 6.603e-07 2.255e-03
4.554e+00 3.582e-06 2.522e-02 5.834e-07 2.590e-03
5.000e+00 2.971e-06 2.370e-02 5.202e-07 2.923e-03
5.027e+00 2.940e-06 2.362e-02 5.168e-07 2.942e-03
5.549e+00 2.413e-06 2.210e-02 4.588e-07 3.313e-03
6.000e+00 2.064e-06 2.095e-02 4.181e-07 3.618e-03
6.126e+00 1.980e-06 2.065e-02 4.080e-07 3.700e-03
6.762e+00 1.625e-06 1.929e-02 3.633e-07 4.102e-03
7.000e+00 1.516e-06 1.883e-02 3.490e-07 4.245e-03
7.465e+00 1.333e-06 1.800e-02 3.240e-07 4.515e-03
8.000e+00 1.161e-06 1.714e-02 2.994e-07 4.811e-03
8.241e+00 1.094e-06 1.678e-02 2.894e-07 4.939e-03
9.000e+00 9.170e-07 1.575e-02 2.620e-07 5.326e-03
9.097e+00 8.976e-07 1.563e-02 2.589e-07 5.374e-03
1.000e+01 7.430e-07 1.459e-02 2.329e-07 5.799e-03
1.004e+01 7.371e-07 1.455e-02 2.319e-07 5.816e-03
1.100e+01 6.140e-07 1.361e-02 2.096e-07 6.231e-03
1.109e+01 6.040e-07 1.353e-02 2.077e-07 6.268e-03
1.200e+01 5.157e-07 1.276e-02 1.905e-07 6.626e-03
1.224e+01 4.957e-07 1.258e-02 1.864e-07 6.716e-03
1.300e+01 4.397e-07 1.203e-02 1.746e-07 6.992e-03
1.351e+01 4.071e-07 1.168e-02 1.674e-07 7.171e-03
1.400e+01 3.791e-07 1.138e-02 1.611e-07 7.336e-03
1.491e+01 3.343e-07 1.085e-02 1.505e-07 7.631e-03
1.500e+01 3.303e-07 1.080e-02 1.495e-07 7.659e-03
1.600e+01 2.902e-07 1.029e-02 1.395e-07 7.961e-03
1.646e+01 2.742e-07 1.007e-02 1.354e-07 8.094e-03
1.800e+01 2.293e-07 9.402e-03 1.231e-07 8.519e-03
1.818e+01 2.248e-07 9.330e-03 1.218e-07 8.566e-03
2.000e+01 1.857e-07 8.669e-03 1.100e-07 9.018e-03
