# IRON from NIST Database
7.874e+00 0.000e+00 0.000e+00 0.000e+00 0.000e+00
2.600e+01 1.000e+00 3.500e+00 0.000e+00 0.000e+00
0.000e+00 0.000e+00 0.000e+00 0.000e+00 0.000e+00
1.000e-03 4.537e+00 8.777e-03 9.081e+03 0.000e+00
1.020e-03 4.524e+00 9.029e-03 8.655e+03 0.000e+00
1.126e-03 4.459e+00 1.040e-02 6.809e+03 0.000e+00
1.243e-03 4.391e+00 1.194e-02 5.357e+03 0.000e+00
1.372e-03 4.317e+00 1.365e-02 4.216e+03 0.000e+00
1.500e-03 4.241e+00 1.530e-02 3.396e+03 0.000e+00
1.515e-03 4.232e+00 1.549e-02 3.310e+03 0.000e+00
1.672e-03 4.136e+00 1.743e-02 2.570e+03 0.000e+00
1.846e-03 4.028e+00 1.948e-02 1.993e+03 0.000e+00
2.000e-03 3.933e+00 2.124e-02 1.623e+03 0.000e+00
2.038e-03 3.909e+00 2.167e-02 1.544e+03 0.000e+00
2.250e-03 3.781e+00 2.404e-02 1.188e+03 0.000e+00
2.483e-03 3.644e+00 2.658e-02 9.149e+02 0.000e+00
2.741e-03 3.497e+00 2.934e-02 7.041e+02 0.000e+00
3.000e-03 3.354e+00 3.206e-02 5.543e+02 0.000e+00
3.026e-03 3.340e+00 3.233e-02 5.414e+02 0.000e+00
3.341e-03 3.173e+00 3.557e-02 4.138e+02 0.000e+00
3.688e-03 2.998e+00 3.906e-02 3.164e+02 0.000e+00
4.000e-03 2.849e+00 4.212e-02 2.538e+02 0.000e+00
4.071e-03 2.816e+00 4.280e-02 2.418e+02 0.000e+00
4.494e-03 2.628e+00 4.678e-02 1.843e+02 0.000e+00
4.961e-03 2.436e+00 5.099e-02 1.404e+02 0.000e+00
5.000e-03 2.421e+00 5.133e-02 1.374e+02 0.000e+00
5.477e-03 2.243e+00 5.541e-02 1.066e+02 0.000e+00
6.000e-03 2.065e+00 5.966e-02 8.272e+01 0.000e+00
6.046e-03 2.050e+00 6.003e-02 8.097e+01 0.000e+00
6.675e-03 1.861e+00 6.484e-02 6.137e+01 0.000e+00
7.112e-03 1.745e+00 6.800e-02 5.138e+01 0.000e+00
7.112e-03 1.745e+00 6.800e-02 4.059e+02 0.000e+00
7.368e-03 1.682e+00 6.978e-02 3.724e+02 0.000e+00
8.000e-03 1.542e+00 7.395e-02 3.040e+02 0.000e+00
8.134e-03 1.515e+00 7.480e-02 2.915e+02 0.000e+00
8.979e-03 1.358e+00 7.989e-02 2.257e+02 0.000e+00
9.912e-03 1.213e+00 8.496e-02 1.735e+02 0.000e+00
1.000e-02 1.201e+00 8.541e-02 1.694e+02 0.000e+00
1.094e-02 1.083e+00 8.993e-02 1.331e+02 0.000e+00
1.208e-02 9.653e-01 9.476e-02 1.018e+02 0.000e+00
1.334e-02 8.587e-01 9.943e-02 7.767e+01 0.000e+00
1.472e-02 7.630e-01 1.039e-01 5.925e+01 0.000e+00
1.500e-02 7.458e-01 1.047e-01 5.623e+01 0.000e+00
1.625e-02 6.759e-01 1.081e-01 4.501e+01 0.000e+00
1.794e-02 5.966e-01 1.121e-01 3.409e+01 0.000e+00
1.980e-02 5.240e-01 1.159e-01 2.578e+01 0.000e+00
2.000e-02 5.170e-01 1.162e-01 2.505e+01 0.000e+00
2.186e-02 4.572e-01 1.194e-01 1.943e+01 0.000e+00
2.413e-02 3.966e-01 1.226e-01 1.462e+01 0.000e+00
2.664e-02 3.422e-01 1.256e-01 1.098e+01 0.000e+00
2.941e-02 2.939e-01 1.282e-01 8.228e+00 0.000e+00
3.000e-02 2.849e-01 1.286e-01 7.763e+00 0.000e+00
3.247e-02 2.514e-01 1.304e-01 6.153e+00 0.000e+00
3.584e-02 2.146e-01 1.322e-01 4.596e+00 0.000e+00
3.957e-02 1.827e-01 1.337e-01 3.424e+00 0.000e+00
4.000e-02 1.795e-01 1.338e-01 3.316e+00 0.000e+00
4.368e-02 1.555e-01 1.347e-01 2.548e+00 0.000e+00
4.822e-02 1.321e-01 1.354e-01 1.893e+00 0.000e+00
5.000e-02 1.244e-01 1.355e-01 1.697e+00 0.000e+00
5.323e-02 1.122e-01 1.357e-01 1.405e+00 0.000e+00
5.876e-02 9.506e-02 1.356e-01 1.042e+00 0.000e+00
6.000e-02 9.178e-02 1.355e-01 9.776e-01 0.000e+00
6.486e-02 8.045e-02 1.352e-01 7.713e-01 0.000e+00
7.161e-02 6.792e-02 1.344e-01 5.701e-01 0.000e+00
7.905e-02 5.722e-02 1.333e-01 4.211e-01 0.000e+00
8.000e-02 5.604e-02 1.332e-01 4.060e-01 0.000e+00
8.726e-02 4.809e-02 1.320e-01 3.109e-01 0.000e+00
9.633e-02 4.030e-02 1.303e-01 2.294e-01 0.000e+00
1.000e-01 3.768e-02 1.296e-01 2.045e-01 0.000e+00
1.063e-01 3.372e-02 1.284e-01 1.694e-01 0.000e+00
1.174e-01 2.811e-02 1.263e-01 1.247e-01 0.000e+00
1.296e-01 2.341e-02 1.239e-01 9.192e-02 0.000e+00
1.431e-01 1.946e-02 1.213e-01 6.774e-02 0.000e+00
1.500e-01 1.781e-02 1.200e-01 5.861e-02 0.000e+00
1.579e-01 1.617e-02 1.186e-01 5.006e-02 0.000e+00
1.743e-01 1.342e-02 1.157e-01 3.699e-02 0.000e+00
1.925e-01 1.111e-02 1.126e-01 2.732e-02 0.000e+00
2.000e-01 1.033e-02 1.114e-01 2.433e-02 0.000e+00
2.125e-01 9.200e-03 1.094e-01 2.025e-02 0.000e+00
2.345e-01 7.615e-03 1.062e-01 1.505e-02 0.000e+00
2.589e-01 6.292e-03 1.029e-01 1.120e-02 0.000e+00
2.858e-01 5.196e-03 9.953e-02 8.371e-03 0.000e+00
3.000e-01 4.728e-03 9.788e-02 7.266e-03 0.000e+00
3.155e-01 4.286e-03 9.616e-02 6.279e-03 0.000e+00
3.483e-01 3.533e-03 9.279e-02 4.730e-03 0.000e+00
3.845e-01 2.911e-03 8.944e-02 3.581e-03 0.000e+00
4.000e-01 2.694e-03 8.810e-02 3.209e-03 0.000e+00
4.245e-01 2.397e-03 8.610e-02 2.726e-03 0.000e+00
4.686e-01 1.973e-03 8.280e-02 2.089e-03 0.000e+00
5.000e-01 1.736e-03 8.065e-02 1.762e-03 0.000e+00
5.173e-01 1.623e-03 7.953e-02 1.614e-03 0.000e+00
5.710e-01 1.335e-03 7.631e-02 1.256e-03 0.000e+00
6.000e-01 1.210e-03 7.472e-02 1.110e-03 0.000e+00
6.304e-01 1.097e-03 7.314e-02 9.818e-04 0.000e+00
6.959e-01 9.015e-04 7.003e-02 7.732e-04 0.000e+00
7.682e-01 7.408e-04 6.698e-02 6.168e-04 0.000e+00
8.000e-01 6.833e-04 6.575e-02 5.650e-04 0.000e+00
8.480e-01 6.084e-04 6.399e-02 5.008e-04 0.000e+00
9.361e-01 4.996e-04 6.107e-02 4.080e-04 0.000e+00
1.000e+00 4.381e-04 5.916e-02 3.514e-04 0.000e+00
1.022e+00 4.196e-04 5.853e-02 3.335e-04 0.000e+00
1.033e+00 4.107e-04 5.823e-02 3.253e-04 1.568e-08
1.141e+00 3.369e-04 5.543e-02 2.654e-04 1.382e-05
1.250e+00 2.808e-04 5.292e-02 2.256e-04 7.031e-05
1.259e+00 2.768e-04 5.273e-02 2.227e-04 7.703e-05
1.390e+00 2.271e-04 5.009e-02 1.865e-04 2.074e-04
1.500e+00 1.951e-04 4.811e-02 1.627e-04 3.580e-04
1.535e+00 1.863e-04 4.753e-02 1.562e-04 4.128e-04
1.694e+00 1.532e-04 4.506e-02 1.319e-04 6.976e-04
1.870e+00 1.258e-04 4.266e-02 1.119e-04 1.067e-03
2.000e+00 1.099e-04 4.107e-02 1.003e-04 1.364e-03
2.044e+00 1.052e-04 4.057e-02 9.692e-05 1.468e-03
2.065e+00 1.030e-04 4.033e-02 9.536e-05 1.517e-03
2.279e+00 8.450e-05 3.810e-02 8.175e-05 2.034e-03
2.516e+00 6.935e-05 3.594e-02 7.038e-05 2.615e-03
2.778e+00 5.692e-05 3.387e-02 6.084e-05 3.255e-03
3.000e+00 4.884e-05 3.232e-02 5.448e-05 3.792e-03
3.066e+00 4.676e-05 3.189e-02 5.282e-05 3.950e-03
3.385e+00 3.837e-05 2.999e-02 4.600e-05 4.703e-03
3.737e+00 3.148e-05 2.817e-02 4.019e-05 5.506e-03
4.000e+00 2.748e-05 2.697e-02 3.670e-05 6.085e-03
4.125e+00 2.584e-05 2.644e-02 3.523e-05 6.353e-03
4.554e+00 2.120e-05 2.478e-02 3.096e-05 7.244e-03
5.000e+00 1.759e-05 2.329e-02 2.747e-05 8.124e-03
5.027e+00 1.740e-05 2.321e-02 2.728e-05 8.176e-03
5.549e+00 1.428e-05 2.171e-02 2.410e-05 9.153e-03
6.000e+00 1.222e-05 2.059e-02 2.188e-05 9.951e-03
6.126e+00 1.172e-05 2.029e-02 2.133e-05 1.017e-02
6.762e+00 9.616e-06 1.895e-02 1.892e-05 1.121e-02
7.000e+00 8.973e-06 1.850e-02 1.815e-05 1.158e-02
7.465e+00 7.890e-06 1.769e-02 1.681e-05 1.228e-02
8.000e+00 6.870e-06 1.684e-02 1.548e-05 1.305e-02
8.241e+00 6.474e-06 1.649e-02 1.496e-05 1.338e-02
9.000e+00 5.428e-06 1.547e-02 1.350e-05 1.437e-02
9.097e+00 5.313e-06 1.536e-02 1.333e-05 1.450e-02
1.000e+01 4.396e-06 1.434e-02 1.196e-05 1.559e-02
1.004e+01 4.361e-06 1.430e-02 1.190e-05 1.563e-02
1.100e+01 3.634e-06 1.337e-02 1.073e-05 1.669e-02
1.109e+01 3.575e-06 1.329e-02 1.063e-05 1.678e-02
1.200e+01 3.054e-06 1.254e-02 9.725e-06 1.770e-02
1.224e+01 2.935e-06 1.236e-02 9.512e-06 1.792e-02
1.300e+01 2.602e-06 1.182e-02 8.894e-06 1.861e-02
1.351e+01 2.409e-06 1.148e-02 8.522e-06 1.907e-02
1.400e+01 2.243e-06 1.118e-02 8.192e-06 1.949e-02
1.491e+01 1.978e-06 1.066e-02 7.643e-06 2.023e-02
1.500e+01 1.954e-06 1.062e-02 7.593e-06 2.030e-02
1.600e+01 1.718e-06 1.011e-02 7.074e-06 2.106e-02
1.646e+01 1.623e-06 9.893e-03 6.858e-06 2.140e-02
1.800e+01 1.358e-06 9.239e-03 6.223e-06 2.246e-02
1.818e+01 1.331e-06 9.169e-03 6.156e-06 2.258e-02
2.000e+01 1.099e-06 8.520e-03 5.554e-06 2.370e-02
