# FERROUS OXIDE from NIST Database
5.700e+00 0.000e+00 0.000e+00 0.000e+00 0.000e+00
8.000e+00 1.392e-02 3.500e+00 0.000e+00 0.000e+00
2.600e+01 1.392e-02 3.500e+00 0.000e+00 0.000e+00
0.000e+00 0.000e+00 0.000e+00 0.000e+00 0.000e+00
1.000e-03 3.861e+00 8.718e-03 8.080e+03 0.000e+00
1.020e-03 3.850e+00 8.985e-03 7.697e+03 0.000e+00
1.126e-03 3.795e+00 1.044e-02 6.038e+03 0.000e+00
1.243e-03 3.736e+00 1.210e-02 4.737e+03 0.000e+00
1.372e-03 3.672e+00 1.397e-02 3.716e+03 0.000e+00
1.500e-03 3.607e+00 1.583e-02 2.984e+03 0.000e+00
1.515e-03 3.599e+00 1.605e-02 2.908e+03 0.000e+00
1.672e-03 3.515e+00 1.828e-02 2.253e+03 0.000e+00
1.846e-03 3.421e+00 2.072e-02 1.743e+03 0.000e+00
2.000e-03 3.338e+00 2.285e-02 1.416e+03 0.000e+00
2.038e-03 3.318e+00 2.337e-02 1.347e+03 0.000e+00
2.250e-03 3.206e+00 2.628e-02 1.034e+03 0.000e+00
2.483e-03 3.085e+00 2.943e-02 7.944e+02 0.000e+00
2.741e-03 2.956e+00 3.287e-02 6.099e+02 0.000e+00
3.000e-03 2.830e+00 3.625e-02 4.789e+02 0.000e+00
3.026e-03 2.818e+00 3.659e-02 4.678e+02 0.000e+00
3.341e-03 2.672e+00 4.059e-02 3.567e+02 0.000e+00
3.688e-03 2.519e+00 4.486e-02 2.721e+02 0.000e+00
4.000e-03 2.389e+00 4.855e-02 2.179e+02 0.000e+00
4.071e-03 2.360e+00 4.937e-02 2.075e+02 0.000e+00
4.494e-03 2.198e+00 5.409e-02 1.577e+02 0.000e+00
4.961e-03 2.032e+00 5.898e-02 1.199e+02 0.000e+00
5.000e-03 2.019e+00 5.937e-02 1.173e+02 0.000e+00
5.477e-03 1.867e+00 6.400e-02 9.084e+01 0.000e+00
6.000e-03 1.716e+00 6.872e-02 7.033e+01 0.000e+00
6.046e-03 1.703e+00 6.911e-02 6.883e+01 0.000e+00
6.675e-03 1.544e+00 7.430e-02 5.205e+01 0.000e+00
7.112e-03 1.446e+00 7.764e-02 4.352e+01 0.000e+00
7.112e-03 1.446e+00 7.764e-02 3.191e+02 0.000e+00
7.368e-03 1.393e+00 7.949e-02 2.927e+02 0.000e+00
8.000e-03 1.275e+00 8.379e-02 2.388e+02 0.000e+00
8.134e-03 1.252e+00 8.466e-02 2.290e+02 0.000e+00
8.979e-03 1.121e+00 8.977e-02 1.772e+02 0.000e+00
9.912e-03 1.001e+00 9.478e-02 1.361e+02 0.000e+00
1.000e-02 9.909e-01 9.522e-02 1.329e+02 0.000e+00
1.094e-02 8.927e-01 9.962e-02 1.044e+02 0.000e+00
1.208e-02 7.948e-01 1.043e-01 7.980e+01 0.000e+00
1.334e-02 7.063e-01 1.088e-01 6.087e+01 0.000e+00
1.472e-02 6.271e-01 1.130e-01 4.642e+01 0.000e+00
1.500e-02 6.128e-01 1.138e-01 4.406e+01 0.000e+00
1.625e-02 5.550e-01 1.170e-01 3.525e+01 0.000e+00
1.794e-02 4.895e-01 1.208e-01 2.669e+01 0.000e+00
1.980e-02 4.297e-01 1.243e-01 2.018e+01 0.000e+00
2.000e-02 4.239e-01 1.247e-01 1.961e+01 0.000e+00
2.186e-02 3.747e-01 1.276e-01 1.521e+01 0.000e+00
2.413e-02 3.249e-01 1.306e-01 1.144e+01 0.000e+00
2.664e-02 2.801e-01 1.332e-01 8.588e+00 0.000e+00
2.941e-02 2.405e-01 1.355e-01 6.434e+00 0.000e+00
3.000e-02 2.331e-01 1.359e-01 6.071e+00 0.000e+00
3.247e-02 2.057e-01 1.374e-01 4.811e+00 0.000e+00
3.584e-02 1.755e-01 1.390e-01 3.593e+00 0.000e+00
3.957e-02 1.493e-01 1.401e-01 2.677e+00 0.000e+00
4.000e-02 1.467e-01 1.402e-01 2.592e+00 0.000e+00
4.368e-02 1.270e-01 1.408e-01 1.992e+00 0.000e+00
4.822e-02 1.079e-01 1.412e-01 1.479e+00 0.000e+00
5.000e-02 1.016e-01 1.412e-01 1.326e+00 0.000e+00
5.323e-02 9.149e-02 1.411e-01 1.098e+00 0.000e+00
5.876e-02 7.749e-02 1.408e-01 8.137e-01 0.000e+00
6.000e-02 7.481e-02 1.406e-01 7.637e-01 0.000e+00
6.486e-02 6.554e-02 1.400e-01 6.024e-01 0.000e+00
7.161e-02 5.530e-02 1.390e-01 4.452e-01 0.000e+00
7.905e-02 4.656e-02 1.376e-01 3.289e-01 0.000e+00
8.000e-02 4.560e-02 1.374e-01 3.170e-01 0.000e+00
8.726e-02 3.911e-02 1.360e-01 2.428e-01 0.000e+00
9.633e-02 3.276e-02 1.341e-01 1.791e-01 0.000e+00
1.000e-01 3.062e-02 1.333e-01 1.596e-01 0.000e+00
1.063e-01 2.740e-02 1.319e-01 1.322e-01 0.000e+00
1.174e-01 2.283e-02 1.295e-01 9.732e-02 0.000e+00
1.296e-01 1.901e-02 1.270e-01 7.174e-02 0.000e+00
1.431e-01 1.579e-02 1.242e-01 5.287e-02 0.000e+00
1.500e-01 1.446e-02 1.228e-01 4.574e-02 0.000e+00
1.579e-01 1.312e-02 1.213e-01 3.907e-02 0.000e+00
1.743e-01 1.088e-02 1.182e-01 2.886e-02 0.000e+00
1.925e-01 9.010e-03 1.150e-01 2.132e-02 0.000e+00
2.000e-01 8.376e-03 1.137e-01 1.898e-02 0.000e+00
2.125e-01 7.458e-03 1.117e-01 1.580e-02 0.000e+00
2.345e-01 6.172e-03 1.083e-01 1.174e-02 0.000e+00
2.589e-01 5.099e-03 1.049e-01 8.741e-03 0.000e+00
2.858e-01 4.209e-03 1.014e-01 6.531e-03 0.000e+00
3.000e-01 3.830e-03 9.973e-02 5.668e-03 0.000e+00
3.155e-01 3.472e-03 9.796e-02 4.898e-03 0.000e+00
3.483e-01 2.862e-03 9.450e-02 3.689e-03 0.000e+00
3.845e-01 2.357e-03 9.106e-02 2.793e-03 0.000e+00
4.000e-01 2.181e-03 8.969e-02 2.503e-03 0.000e+00
4.245e-01 1.941e-03 8.764e-02 2.126e-03 0.000e+00
4.686e-01 1.598e-03 8.426e-02 1.630e-03 0.000e+00
5.000e-01 1.406e-03 8.207e-02 1.374e-03 0.000e+00
5.173e-01 1.314e-03 8.092e-02 1.259e-03 0.000e+00
5.710e-01 1.081e-03 7.764e-02 9.794e-04 0.000e+00
6.000e-01 9.794e-04 7.601e-02 8.654e-04 0.000e+00
6.304e-01 8.879e-04 7.440e-02 7.658e-04 0.000e+00
6.959e-01 7.297e-04 7.122e-02 6.031e-04 0.000e+00
7.682e-01 5.996e-04 6.812e-02 4.811e-04 0.000e+00
8.000e-01 5.531e-04 6.686e-02 4.407e-04 0.000e+00
8.480e-01 4.925e-04 6.508e-02 3.906e-04 0.000e+00
9.361e-01 4.044e-04 6.211e-02 3.183e-04 0.000e+00
1.000e+00 3.546e-04 6.016e-02 2.741e-04 0.000e+00
1.022e+00 3.396e-04 5.952e-02 2.601e-04 0.000e+00
1.033e+00 3.324e-04 5.921e-02 2.537e-04 1.303e-08
1.141e+00 2.727e-04 5.636e-02 2.070e-04 1.154e-05
1.250e+00 2.273e-04 5.381e-02 1.759e-04 5.897e-05
1.259e+00 2.240e-04 5.361e-02 1.737e-04 6.464e-05
1.390e+00 1.838e-04 5.093e-02 1.455e-04 1.746e-04
1.500e+00 1.579e-04 4.892e-02 1.269e-04 3.022e-04
1.535e+00 1.508e-04 4.832e-02 1.219e-04 3.486e-04
1.694e+00 1.239e-04 4.582e-02 1.028e-04 5.901e-04
1.870e+00 1.018e-04 4.338e-02 8.726e-05 9.033e-04
2.000e+00 8.892e-05 4.176e-02 7.827e-05 1.155e-03
2.044e+00 8.510e-05 4.124e-02 7.559e-05 1.243e-03
2.065e+00 8.337e-05 4.100e-02 7.438e-05 1.285e-03
2.279e+00 6.839e-05 3.872e-02 6.377e-05 1.724e-03
2.516e+00 5.612e-05 3.653e-02 5.490e-05 2.218e-03
2.778e+00 4.607e-05 3.443e-02 4.745e-05 2.764e-03
3.000e+00 3.952e-05 3.285e-02 4.249e-05 3.221e-03
3.066e+00 3.784e-05 3.242e-02 4.120e-05 3.356e-03
3.385e+00 3.105e-05 3.049e-02 3.588e-05 3.999e-03
3.737e+00 2.548e-05 2.864e-02 3.135e-05 4.686e-03
4.000e+00 2.223e-05 2.741e-02 2.863e-05 5.181e-03
4.125e+00 2.091e-05 2.687e-02 2.748e-05 5.411e-03
4.554e+00 1.715e-05 2.519e-02 2.415e-05 6.174e-03
5.000e+00 1.423e-05 2.368e-02 2.143e-05 6.929e-03
5.027e+00 1.408e-05 2.359e-02 2.128e-05 6.973e-03
5.549e+00 1.156e-05 2.207e-02 1.880e-05 7.810e-03
6.000e+00 9.887e-06 2.092e-02 1.707e-05 8.495e-03
6.126e+00 9.484e-06 2.063e-02 1.664e-05 8.680e-03
6.762e+00 7.782e-06 1.927e-02 1.476e-05 9.573e-03
7.000e+00 7.261e-06 1.881e-02 1.416e-05 9.891e-03
7.465e+00 6.385e-06 1.798e-02 1.311e-05 1.050e-02
8.000e+00 5.560e-06 1.712e-02 1.208e-05 1.115e-02
8.241e+00 5.239e-06 1.676e-02 1.167e-05 1.144e-02
9.000e+00 4.393e-06 1.573e-02 1.053e-05 1.230e-02
9.097e+00 4.300e-06 1.561e-02 1.040e-05 1.240e-02
1.000e+01 3.558e-06 1.458e-02 9.330e-06 1.333e-02
1.004e+01 3.529e-06 1.454e-02 9.288e-06 1.337e-02
1.100e+01 2.941e-06 1.359e-02 8.370e-06 1.428e-02
1.109e+01 2.893e-06 1.351e-02 8.293e-06 1.436e-02
1.200e+01 2.471e-06 1.275e-02 7.588e-06 1.514e-02
1.224e+01 2.375e-06 1.256e-02 7.422e-06 1.534e-02
1.300e+01 2.106e-06 1.201e-02 6.939e-06 1.594e-02
1.351e+01 1.949e-06 1.167e-02 6.649e-06 1.633e-02
1.400e+01 1.815e-06 1.137e-02 6.392e-06 1.670e-02
1.491e+01 1.600e-06 1.084e-02 5.963e-06 1.734e-02
1.500e+01 1.581e-06 1.079e-02 5.924e-06 1.739e-02
1.600e+01 1.390e-06 1.028e-02 5.519e-06 1.805e-02
1.646e+01 1.314e-06 1.006e-02 5.351e-06 1.835e-02
1.800e+01 1.099e-06 9.391e-03 4.856e-06 1.925e-02
1.818e+01 1.077e-06 9.320e-03 4.804e-06 1.936e-02
2.000e+01 8.892e-07 8.660e-03 4.334e-06 2.034e-02
