# FERROBORIDE from NIST Database
7.150e+00 0.000e+00 0.000e+00 0.000e+00 0.000e+00
5.000e+00 1.500e-02 3.500e+00 0.000e+00 0.000e+00
2.600e+01 1.500e-02 3.500e+00 0.000e+00 0.000e+00
0.000e+00 0.000e+00 0.000e+00 0.000e+00 0.000e+00
1.000e-03 3.931e+00 9.967e-03 7.807e+03 0.000e+00
1.020e-03 3.920e+00 1.027e-02 7.439e+03 0.000e+00
1.126e-03 3.862e+00 1.189e-02 5.846e+03 0.000e+00
1.243e-03 3.801e+00 1.374e-02 4.594e+03 0.000e+00
1.372e-03 3.734e+00 1.580e-02 3.612e+03 0.000e+00
1.500e-03 3.666e+00 1.782e-02 2.906e+03 0.000e+00
1.515e-03 3.658e+00 1.806e-02 2.832e+03 0.000e+00
1.672e-03 3.572e+00 2.045e-02 2.197e+03 0.000e+00
1.846e-03 3.475e+00 2.301e-02 1.703e+03 0.000e+00
2.000e-03 3.390e+00 2.521e-02 1.385e+03 0.000e+00
2.038e-03 3.369e+00 2.574e-02 1.318e+03 0.000e+00
2.250e-03 3.256e+00 2.867e-02 1.013e+03 0.000e+00
2.483e-03 3.134e+00 3.178e-02 7.799e+02 0.000e+00
2.741e-03 3.004e+00 3.509e-02 5.998e+02 0.000e+00
3.000e-03 2.878e+00 3.828e-02 4.719e+02 0.000e+00
3.026e-03 2.866e+00 3.859e-02 4.609e+02 0.000e+00
3.341e-03 2.720e+00 4.229e-02 3.521e+02 0.000e+00
3.688e-03 2.568e+00 4.616e-02 2.691e+02 0.000e+00
4.000e-03 2.438e+00 4.945e-02 2.157e+02 0.000e+00
4.071e-03 2.410e+00 5.018e-02 2.055e+02 0.000e+00
4.494e-03 2.247e+00 5.436e-02 1.565e+02 0.000e+00
4.961e-03 2.082e+00 5.867e-02 1.192e+02 0.000e+00
5.000e-03 2.069e+00 5.902e-02 1.166e+02 0.000e+00
5.477e-03 1.916e+00 6.313e-02 9.046e+01 0.000e+00
6.000e-03 1.764e+00 6.737e-02 7.015e+01 0.000e+00
6.046e-03 1.751e+00 6.773e-02 6.866e+01 0.000e+00
6.675e-03 1.590e+00 7.247e-02 5.202e+01 0.000e+00
7.112e-03 1.490e+00 7.555e-02 4.354e+01 0.000e+00
7.112e-03 1.490e+00 7.555e-02 3.405e+02 0.000e+00
7.368e-03 1.437e+00 7.728e-02 3.125e+02 0.000e+00
8.000e-03 1.317e+00 8.135e-02 2.550e+02 0.000e+00
8.134e-03 1.294e+00 8.217e-02 2.445e+02 0.000e+00
8.979e-03 1.160e+00 8.710e-02 1.893e+02 0.000e+00
9.912e-03 1.037e+00 9.201e-02 1.455e+02 0.000e+00
1.000e-02 1.026e+00 9.245e-02 1.421e+02 0.000e+00
1.094e-02 9.255e-01 9.681e-02 1.116e+02 0.000e+00
1.208e-02 8.247e-01 1.015e-01 8.536e+01 0.000e+00
1.334e-02 7.334e-01 1.060e-01 6.514e+01 0.000e+00
1.472e-02 6.515e-01 1.102e-01 4.968e+01 0.000e+00
1.500e-02 6.367e-01 1.110e-01 4.716e+01 0.000e+00
1.625e-02 5.769e-01 1.143e-01 3.774e+01 0.000e+00
1.794e-02 5.090e-01 1.181e-01 2.858e+01 0.000e+00
1.980e-02 4.469e-01 1.216e-01 2.161e+01 0.000e+00
2.000e-02 4.409e-01 1.219e-01 2.100e+01 0.000e+00
2.186e-02 3.898e-01 1.248e-01 1.629e+01 0.000e+00
2.413e-02 3.380e-01 1.277e-01 1.226e+01 0.000e+00
2.664e-02 2.915e-01 1.303e-01 9.205e+00 0.000e+00
2.941e-02 2.503e-01 1.326e-01 6.898e+00 0.000e+00
3.000e-02 2.426e-01 1.330e-01 6.508e+00 0.000e+00
3.247e-02 2.141e-01 1.345e-01 5.159e+00 0.000e+00
3.584e-02 1.827e-01 1.360e-01 3.853e+00 0.000e+00
3.957e-02 1.555e-01 1.371e-01 2.871e+00 0.000e+00
4.000e-02 1.528e-01 1.372e-01 2.780e+00 0.000e+00
4.368e-02 1.323e-01 1.378e-01 2.136e+00 0.000e+00
4.822e-02 1.124e-01 1.382e-01 1.587e+00 0.000e+00
5.000e-02 1.058e-01 1.382e-01 1.423e+00 0.000e+00
5.323e-02 9.538e-02 1.382e-01 1.178e+00 0.000e+00
5.876e-02 8.082e-02 1.378e-01 8.731e-01 0.000e+00
6.000e-02 7.802e-02 1.377e-01 8.195e-01 0.000e+00
6.486e-02 6.838e-02 1.371e-01 6.466e-01 0.000e+00
7.161e-02 5.771e-02 1.361e-01 4.779e-01 0.000e+00
7.905e-02 4.861e-02 1.348e-01 3.530e-01 0.000e+00
8.000e-02 4.761e-02 1.346e-01 3.403e-01 0.000e+00
8.726e-02 4.084e-02 1.332e-01 2.606e-01 0.000e+00
9.633e-02 3.422e-02 1.314e-01 1.923e-01 0.000e+00
1.000e-01 3.199e-02 1.307e-01 1.714e-01 0.000e+00
1.063e-01 2.863e-02 1.293e-01 1.420e-01 0.000e+00
1.174e-01 2.386e-02 1.270e-01 1.045e-01 0.000e+00
1.296e-01 1.987e-02 1.245e-01 7.704e-02 0.000e+00
1.431e-01 1.651e-02 1.218e-01 5.678e-02 0.000e+00
1.500e-01 1.512e-02 1.205e-01 4.912e-02 0.000e+00
1.579e-01 1.372e-02 1.190e-01 4.196e-02 0.000e+00
1.743e-01 1.138e-02 1.160e-01 3.100e-02 0.000e+00
1.925e-01 9.426e-03 1.129e-01 2.290e-02 0.000e+00
2.000e-01 8.763e-03 1.116e-01 2.039e-02 0.000e+00
2.125e-01 7.804e-03 1.096e-01 1.697e-02 0.000e+00
2.345e-01 6.459e-03 1.064e-01 1.262e-02 0.000e+00
2.589e-01 5.337e-03 1.030e-01 9.390e-03 0.000e+00
2.858e-01 4.406e-03 9.962e-02 7.016e-03 0.000e+00
3.000e-01 4.010e-03 9.795e-02 6.090e-03 0.000e+00
3.155e-01 3.635e-03 9.622e-02 5.262e-03 0.000e+00
3.483e-01 2.996e-03 9.283e-02 3.964e-03 0.000e+00
3.845e-01 2.468e-03 8.945e-02 3.001e-03 0.000e+00
4.000e-01 2.284e-03 8.811e-02 2.690e-03 0.000e+00
4.245e-01 2.032e-03 8.610e-02 2.285e-03 0.000e+00
4.686e-01 1.673e-03 8.279e-02 1.751e-03 0.000e+00
5.000e-01 1.472e-03 8.063e-02 1.477e-03 0.000e+00
5.173e-01 1.376e-03 7.951e-02 1.352e-03 0.000e+00
5.710e-01 1.132e-03 7.629e-02 1.052e-03 0.000e+00
6.000e-01 1.026e-03 7.469e-02 9.300e-04 0.000e+00
6.304e-01 9.300e-04 7.311e-02 8.229e-04 0.000e+00
6.959e-01 7.643e-04 6.999e-02 6.480e-04 0.000e+00
7.682e-01 6.280e-04 6.693e-02 5.169e-04 0.000e+00
8.000e-01 5.793e-04 6.570e-02 4.736e-04 0.000e+00
8.480e-01 5.158e-04 6.394e-02 4.197e-04 0.000e+00
9.361e-01 4.236e-04 6.102e-02 3.420e-04 0.000e+00
1.000e+00 3.714e-04 5.911e-02 2.945e-04 0.000e+00
1.022e+00 3.557e-04 5.849e-02 2.795e-04 0.000e+00
1.033e+00 3.482e-04 5.818e-02 2.726e-04 1.348e-08
1.141e+00 2.856e-04 5.538e-02 2.225e-04 1.190e-05
1.250e+00 2.380e-04 5.288e-02 1.891e-04 6.069e-05
1.259e+00 2.347e-04 5.268e-02 1.867e-04 6.651e-05
1.390e+00 1.925e-04 5.005e-02 1.563e-04 1.793e-04
1.500e+00 1.654e-04 4.807e-02 1.364e-04 3.099e-04
1.535e+00 1.579e-04 4.748e-02 1.309e-04 3.575e-04
1.694e+00 1.298e-04 4.502e-02 1.105e-04 6.045e-04
1.870e+00 1.066e-04 4.262e-02 9.377e-05 9.249e-04
2.000e+00 9.315e-05 4.103e-02 8.410e-05 1.183e-03
2.044e+00 8.915e-05 4.053e-02 8.123e-05 1.273e-03
2.065e+00 8.733e-05 4.029e-02 7.992e-05 1.316e-03
2.279e+00 7.164e-05 3.806e-02 6.852e-05 1.764e-03
2.516e+00 5.879e-05 3.590e-02 5.898e-05 2.269e-03
2.778e+00 4.826e-05 3.383e-02 5.099e-05 2.826e-03
3.000e+00 4.140e-05 3.229e-02 4.566e-05 3.293e-03
3.066e+00 3.964e-05 3.186e-02 4.427e-05 3.430e-03
3.385e+00 3.253e-05 2.996e-02 3.855e-05 4.086e-03
3.737e+00 2.669e-05 2.814e-02 3.369e-05 4.786e-03
4.000e+00 2.329e-05 2.694e-02 3.076e-05 5.291e-03
4.125e+00 2.190e-05 2.641e-02 2.953e-05 5.525e-03
4.554e+00 1.797e-05 2.476e-02 2.595e-05 6.302e-03
5.000e+00 1.491e-05 2.327e-02 2.302e-05 7.071e-03
5.027e+00 1.475e-05 2.318e-02 2.286e-05 7.116e-03
5.549e+00 1.211e-05 2.169e-02 2.020e-05 7.969e-03
6.000e+00 1.036e-05 2.056e-02 1.834e-05 8.666e-03
6.126e+00 9.935e-06 2.027e-02 1.788e-05 8.854e-03
6.762e+00 8.152e-06 1.893e-02 1.586e-05 9.763e-03
7.000e+00 7.607e-06 1.848e-02 1.521e-05 1.009e-02
7.465e+00 6.688e-06 1.767e-02 1.409e-05 1.070e-02
8.000e+00 5.824e-06 1.682e-02 1.298e-05 1.138e-02
8.241e+00 5.488e-06 1.647e-02 1.253e-05 1.167e-02
9.000e+00 4.602e-06 1.546e-02 1.132e-05 1.253e-02
9.097e+00 4.504e-06 1.534e-02 1.118e-05 1.265e-02
1.000e+01 3.727e-06 1.433e-02 1.002e-05 1.360e-02
1.004e+01 3.697e-06 1.429e-02 9.977e-06 1.363e-02
1.100e+01 3.081e-06 1.336e-02 8.991e-06 1.456e-02
1.109e+01 3.031e-06 1.328e-02 8.908e-06 1.464e-02
1.200e+01 2.589e-06 1.253e-02 8.151e-06 1.544e-02
1.224e+01 2.488e-06 1.235e-02 7.973e-06 1.564e-02
1.300e+01 2.206e-06 1.181e-02 7.454e-06 1.624e-02
1.351e+01 2.042e-06 1.147e-02 7.142e-06 1.664e-02
1.400e+01 1.901e-06 1.117e-02 6.866e-06 1.701e-02
1.491e+01 1.676e-06 1.065e-02 6.406e-06 1.766e-02
1.500e+01 1.656e-06 1.060e-02 6.364e-06 1.772e-02
1.600e+01 1.456e-06 1.010e-02 5.929e-06 1.839e-02
1.646e+01 1.376e-06 9.882e-03 5.748e-06 1.869e-02
1.800e+01 1.151e-06 9.230e-03 5.216e-06 1.961e-02
1.818e+01 1.128e-06 9.159e-03 5.160e-06 1.972e-02
2.000e+01 9.315e-07 8.510e-03 4.655e-06 2.072e-02
