# FERROUS SULFATE DOSIMETER SOLUTION from NIST Database
1.024e+00 0.000e+00 0.000e+00 0.000e+00 0.000e+00
1.000e+00 1.074e-01 3.500e+00 0.000e+00 0.000e+00
8.000e+00 5.491e-02 3.500e+00 0.000e+00 0.000e+00
1.600e+01 4.044e-04 3.500e+00 0.000e+00 0.000e+00
0.000e+00 0.000e+00 0.000e+00 0.000e+00 0.000e+00
1.000e-03 1.395e+00 1.306e-02 4.064e+03 0.000e+00
1.020e-03 1.391e+00 1.353e-02 3.856e+03 0.000e+00
1.126e-03 1.369e+00 1.614e-02 2.966e+03 0.000e+00
1.243e-03 1.345e+00 1.921e-02 2.278e+03 0.000e+00
1.372e-03 1.319e+00 2.278e-02 1.747e+03 0.000e+00
1.500e-03 1.290e+00 2.646e-02 1.371e+03 0.000e+00
1.515e-03 1.287e+00 2.690e-02 1.334e+03 0.000e+00
1.672e-03 1.250e+00 3.155e-02 1.016e+03 0.000e+00
1.846e-03 1.207e+00 3.677e-02 7.704e+02 0.000e+00
2.000e-03 1.168e+00 4.141e-02 6.146e+02 0.000e+00
2.038e-03 1.159e+00 4.256e-02 5.827e+02 0.000e+00
2.250e-03 1.105e+00 4.890e-02 4.397e+02 0.000e+00
2.472e-03 1.050e+00 5.542e-02 3.357e+02 0.000e+00
2.472e-03 1.050e+00 5.542e-02 3.598e+02 0.000e+00
2.483e-03 1.047e+00 5.574e-02 3.553e+02 0.000e+00
2.741e-03 9.843e-01 6.305e-02 2.683e+02 0.000e+00
3.000e-03 9.240e-01 7.005e-02 2.072e+02 0.000e+00
3.026e-03 9.181e-01 7.073e-02 2.021e+02 0.000e+00
3.341e-03 8.490e-01 7.867e-02 1.516e+02 0.000e+00
3.688e-03 7.789e-01 8.674e-02 1.135e+02 0.000e+00
4.000e-03 7.212e-01 9.340e-02 8.931e+01 0.000e+00
4.071e-03 7.088e-01 9.484e-02 8.478e+01 0.000e+00
4.494e-03 6.402e-01 1.029e-01 6.323e+01 0.000e+00
4.961e-03 5.744e-01 1.107e-01 4.708e+01 0.000e+00
5.000e-03 5.693e-01 1.113e-01 4.598e+01 0.000e+00
5.477e-03 5.124e-01 1.182e-01 3.497e+01 0.000e+00
6.000e-03 4.593e-01 1.248e-01 2.654e+01 0.000e+00
6.046e-03 4.550e-01 1.253e-01 2.593e+01 0.000e+00
6.675e-03 4.023e-01 1.320e-01 1.920e+01 0.000e+00
7.368e-03 3.546e-01 1.381e-01 1.420e+01 0.000e+00
8.000e-03 3.187e-01 1.428e-01 1.103e+01 0.000e+00
8.134e-03 3.118e-01 1.437e-01 1.048e+01 0.000e+00
8.979e-03 2.738e-01 1.488e-01 7.725e+00 0.000e+00
9.912e-03 2.402e-01 1.535e-01 5.686e+00 0.000e+00
1.000e-02 2.374e-01 1.539e-01 5.532e+00 0.000e+00
1.094e-02 2.107e-01 1.577e-01 4.181e+00 0.000e+00
1.208e-02 1.845e-01 1.616e-01 3.065e+00 0.000e+00
1.334e-02 1.614e-01 1.651e-01 2.243e+00 0.000e+00
1.472e-02 1.410e-01 1.683e-01 1.644e+00 0.000e+00
1.500e-02 1.374e-01 1.689e-01 1.549e+00 0.000e+00
1.625e-02 1.230e-01 1.712e-01 1.202e+00 0.000e+00
1.794e-02 1.069e-01 1.738e-01 8.770e-01 0.000e+00
1.980e-02 9.264e-02 1.762e-01 6.400e-01 0.000e+00
2.000e-02 9.127e-02 1.764e-01 6.198e-01 0.000e+00
2.186e-02 7.990e-02 1.782e-01 4.660e-01 0.000e+00
2.413e-02 6.864e-02 1.798e-01 3.391e-01 0.000e+00
2.664e-02 5.871e-02 1.810e-01 2.464e-01 0.000e+00
2.941e-02 5.000e-02 1.819e-01 1.789e-01 0.000e+00
3.000e-02 4.840e-02 1.820e-01 1.677e-01 0.000e+00
3.247e-02 4.242e-02 1.823e-01 1.298e-01 0.000e+00
3.584e-02 3.587e-02 1.824e-01 9.412e-02 0.000e+00
3.957e-02 3.024e-02 1.820e-01 6.816e-02 0.000e+00
4.000e-02 2.967e-02 1.819e-01 6.580e-02 0.000e+00
4.368e-02 2.543e-02 1.812e-01 4.936e-02 0.000e+00
4.822e-02 2.135e-02 1.801e-01 3.572e-02 0.000e+00
5.000e-02 2.001e-02 1.796e-01 3.172e-02 0.000e+00
5.323e-02 1.788e-02 1.786e-01 2.584e-02 0.000e+00
5.876e-02 1.495e-02 1.768e-01 1.868e-02 0.000e+00
6.000e-02 1.439e-02 1.763e-01 1.744e-02 0.000e+00
6.486e-02 1.248e-02 1.746e-01 1.351e-02 0.000e+00
7.161e-02 1.039e-02 1.722e-01 9.756e-03 0.000e+00
7.905e-02 8.640e-03 1.694e-01 7.051e-03 0.000e+00
8.000e-02 8.449e-03 1.691e-01 6.780e-03 0.000e+00
8.726e-02 7.174e-03 1.665e-01 5.097e-03 0.000e+00
9.633e-02 5.947e-03 1.633e-01 3.684e-03 0.000e+00
1.000e-01 5.538e-03 1.620e-01 3.259e-03 0.000e+00
1.063e-01 4.927e-03 1.599e-01 2.667e-03 0.000e+00
1.174e-01 4.071e-03 1.563e-01 1.927e-03 0.000e+00
1.296e-01 3.363e-03 1.526e-01 1.396e-03 0.000e+00
1.431e-01 2.774e-03 1.487e-01 1.011e-03 0.000e+00
1.500e-01 2.530e-03 1.468e-01 8.676e-04 0.000e+00
1.579e-01 2.289e-03 1.448e-01 7.348e-04 0.000e+00
1.743e-01 1.886e-03 1.407e-01 5.343e-04 0.000e+00
1.925e-01 1.551e-03 1.365e-01 3.887e-04 0.000e+00
2.000e-01 1.439e-03 1.349e-01 3.441e-04 0.000e+00
2.125e-01 1.276e-03 1.323e-01 2.840e-04 0.000e+00
2.345e-01 1.051e-03 1.281e-01 2.083e-04 0.000e+00
2.589e-01 8.636e-04 1.239e-01 1.532e-04 0.000e+00
2.858e-01 7.098e-04 1.196e-01 1.131e-04 0.000e+00
3.000e-01 6.447e-04 1.175e-01 9.768e-05 0.000e+00
3.155e-01 5.833e-04 1.154e-01 8.395e-05 0.000e+00
3.483e-01 4.791e-04 1.112e-01 6.260e-05 0.000e+00
3.845e-01 3.935e-04 1.070e-01 4.695e-05 0.000e+00
4.000e-01 3.637e-04 1.054e-01 4.192e-05 0.000e+00
4.245e-01 3.231e-04 1.030e-01 3.542e-05 0.000e+00
4.686e-01 2.653e-04 9.893e-02 2.694e-05 0.000e+00
5.000e-01 2.331e-04 9.631e-02 2.263e-05 0.000e+00
5.173e-01 2.178e-04 9.495e-02 2.069e-05 0.000e+00
5.710e-01 1.788e-04 9.104e-02 1.603e-05 0.000e+00
6.000e-01 1.620e-04 8.910e-02 1.411e-05 0.000e+00
6.304e-01 1.468e-04 8.719e-02 1.242e-05 0.000e+00
6.959e-01 1.205e-04 8.345e-02 9.689e-06 0.000e+00
7.682e-01 9.892e-05 7.978e-02 7.734e-06 0.000e+00
8.000e-01 9.121e-05 7.831e-02 7.126e-06 0.000e+00
8.480e-01 8.117e-05 7.621e-02 6.404e-06 0.000e+00
9.361e-01 6.661e-05 7.272e-02 5.277e-06 0.000e+00
1.000e+00 5.839e-05 7.043e-02 4.430e-06 0.000e+00
1.022e+00 5.591e-05 6.968e-02 4.138e-06 0.000e+00
1.033e+00 5.474e-05 6.932e-02 4.010e-06 3.543e-09
1.141e+00 4.488e-05 6.597e-02 3.232e-06 3.354e-06
1.250e+00 3.739e-05 6.297e-02 2.809e-06 1.810e-05
1.259e+00 3.686e-05 6.274e-02 2.777e-06 1.992e-05
1.390e+00 3.023e-05 5.958e-02 2.339e-06 5.632e-05
1.500e+00 2.596e-05 5.723e-02 2.037e-06 9.997e-05
1.535e+00 2.479e-05 5.653e-02 1.956e-06 1.160e-04
1.694e+00 2.036e-05 5.362e-02 1.658e-06 2.001e-04
1.870e+00 1.671e-05 5.077e-02 1.418e-06 3.094e-04
2.000e+00 1.460e-05 4.885e-02 1.279e-06 3.977e-04
2.044e+00 1.398e-05 4.823e-02 1.237e-06 4.286e-04
2.065e+00 1.370e-05 4.795e-02 1.218e-06 4.434e-04
2.279e+00 1.124e-05 4.525e-02 1.050e-06 5.992e-04
2.516e+00 9.225e-06 4.270e-02 9.101e-07 7.779e-04
2.778e+00 7.569e-06 4.025e-02 7.918e-07 9.790e-04
3.000e+00 6.491e-06 3.842e-02 7.125e-07 1.149e-03
3.066e+00 6.215e-06 3.792e-02 6.918e-07 1.201e-03
3.385e+00 5.100e-06 3.565e-02 6.061e-07 1.444e-03
3.737e+00 4.184e-06 3.349e-02 5.327e-07 1.706e-03
4.000e+00 3.652e-06 3.205e-02 4.882e-07 1.898e-03
4.125e+00 3.434e-06 3.142e-02 4.695e-07 1.987e-03
4.554e+00 2.817e-06 2.945e-02 4.148e-07 2.284e-03
5.000e+00 2.337e-06 2.768e-02 3.698e-07 2.581e-03
5.027e+00 2.312e-06 2.758e-02 3.673e-07 2.599e-03
5.549e+00 1.897e-06 2.580e-02 3.260e-07 2.931e-03
6.000e+00 1.623e-06 2.447e-02 2.970e-07 3.206e-03
6.126e+00 1.557e-06 2.412e-02 2.898e-07 3.279e-03
6.762e+00 1.278e-06 2.253e-02 2.582e-07 3.639e-03
7.000e+00 1.192e-06 2.199e-02 2.480e-07 3.768e-03
7.465e+00 1.048e-06 2.102e-02 2.302e-07 4.009e-03
8.000e+00 9.129e-07 2.001e-02 2.127e-07 4.276e-03
8.241e+00 8.603e-07 1.959e-02 2.056e-07 4.393e-03
9.000e+00 7.213e-07 1.840e-02 1.861e-07 4.745e-03
9.097e+00 7.061e-07 1.826e-02 1.839e-07 4.788e-03
1.000e+01 5.843e-07 1.705e-02 1.654e-07 5.168e-03
1.004e+01 5.796e-07 1.700e-02 1.647e-07 5.185e-03
1.100e+01 4.828e-07 1.590e-02 1.489e-07 5.558e-03
1.109e+01 4.750e-07 1.580e-02 1.476e-07 5.591e-03
1.200e+01 4.057e-07 1.491e-02 1.353e-07 5.917e-03
1.224e+01 3.899e-07 1.469e-02 1.324e-07 5.999e-03
1.300e+01 3.457e-07 1.404e-02 1.240e-07 6.251e-03
1.351e+01 3.201e-07 1.365e-02 1.189e-07 6.413e-03
1.400e+01 2.981e-07 1.329e-02 1.144e-07 6.563e-03
1.491e+01 2.628e-07 1.267e-02 1.069e-07 6.830e-03
1.500e+01 2.597e-07 1.262e-02 1.062e-07 6.856e-03
1.600e+01 2.282e-07 1.202e-02 9.910e-08 7.132e-03
1.646e+01 2.156e-07 1.176e-02 9.614e-08 7.254e-03
1.800e+01 1.803e-07 1.098e-02 8.740e-08 7.638e-03
1.818e+01 1.768e-07 1.090e-02 8.648e-08 7.681e-03
2.000e+01 1.461e-07 1.013e-02 7.814e-08 8.091e-03
