# FERRIC OXIDE from NIST Database
5.200e+00 0.000e+00 0.000e+00 0.000e+00 0.000e+00
8.000e+00 1.879e-02 3.500e+00 0.000e+00 0.000e+00
2.600e+01 1.252e-02 3.500e+00 0.000e+00 0.000e+00
0.000e+00 0.000e+00 0.000e+00 0.000e+00 0.000e+00
1.000e-03 3.624e+00 8.698e-03 7.730e+03 0.000e+00
1.020e-03 3.614e+00 8.969e-03 7.362e+03 0.000e+00
1.126e-03 3.562e+00 1.045e-02 5.769e+03 0.000e+00
1.243e-03 3.507e+00 1.216e-02 4.520e+03 0.000e+00
1.372e-03 3.447e+00 1.409e-02 3.542e+03 0.000e+00
1.500e-03 3.385e+00 1.602e-02 2.840e+03 0.000e+00
1.515e-03 3.377e+00 1.624e-02 2.768e+03 0.000e+00
1.672e-03 3.298e+00 1.858e-02 2.142e+03 0.000e+00
1.846e-03 3.209e+00 2.115e-02 1.656e+03 0.000e+00
2.000e-03 3.130e+00 2.341e-02 1.344e+03 0.000e+00
2.038e-03 3.111e+00 2.397e-02 1.278e+03 0.000e+00
2.250e-03 3.004e+00 2.706e-02 9.800e+02 0.000e+00
2.483e-03 2.890e+00 3.043e-02 7.523e+02 0.000e+00
2.741e-03 2.767e+00 3.410e-02 5.769e+02 0.000e+00
3.000e-03 2.647e+00 3.772e-02 4.526e+02 0.000e+00
3.026e-03 2.635e+00 3.808e-02 4.420e+02 0.000e+00
3.341e-03 2.496e+00 4.235e-02 3.368e+02 0.000e+00
3.688e-03 2.351e+00 4.689e-02 2.567e+02 0.000e+00
4.000e-03 2.228e+00 5.080e-02 2.053e+02 0.000e+00
4.071e-03 2.201e+00 5.166e-02 1.955e+02 0.000e+00
4.494e-03 2.047e+00 5.664e-02 1.484e+02 0.000e+00
4.961e-03 1.891e+00 6.177e-02 1.127e+02 0.000e+00
5.000e-03 1.879e+00 6.218e-02 1.103e+02 0.000e+00
5.477e-03 1.736e+00 6.700e-02 8.533e+01 0.000e+00
6.000e-03 1.594e+00 7.188e-02 6.600e+01 0.000e+00
6.046e-03 1.582e+00 7.229e-02 6.459e+01 0.000e+00
6.675e-03 1.433e+00 7.761e-02 4.880e+01 0.000e+00
7.112e-03 1.341e+00 8.101e-02 4.077e+01 0.000e+00
7.112e-03 1.341e+00 8.101e-02 2.887e+02 0.000e+00
7.368e-03 1.292e+00 8.289e-02 2.648e+02 0.000e+00
8.000e-03 1.182e+00 8.724e-02 2.160e+02 0.000e+00
8.134e-03 1.161e+00 8.811e-02 2.071e+02 0.000e+00
8.979e-03 1.039e+00 9.323e-02 1.602e+02 0.000e+00
9.912e-03 9.267e-01 9.821e-02 1.230e+02 0.000e+00
1.000e-02 9.173e-01 9.865e-02 1.202e+02 0.000e+00
1.094e-02 8.261e-01 1.030e-01 9.433e+01 0.000e+00
1.208e-02 7.351e-01 1.076e-01 7.211e+01 0.000e+00
1.334e-02 6.530e-01 1.120e-01 5.500e+01 0.000e+00
1.472e-02 5.795e-01 1.162e-01 4.193e+01 0.000e+00
1.500e-02 5.663e-01 1.169e-01 3.980e+01 0.000e+00
1.625e-02 5.128e-01 1.201e-01 3.184e+01 0.000e+00
1.794e-02 4.520e-01 1.238e-01 2.410e+01 0.000e+00
1.980e-02 3.967e-01 1.273e-01 1.822e+01 0.000e+00
2.000e-02 3.913e-01 1.276e-01 1.770e+01 0.000e+00
2.186e-02 3.458e-01 1.304e-01 1.373e+01 0.000e+00
2.413e-02 2.998e-01 1.333e-01 1.033e+01 0.000e+00
2.664e-02 2.584e-01 1.359e-01 7.752e+00 0.000e+00
2.941e-02 2.218e-01 1.381e-01 5.807e+00 0.000e+00
3.000e-02 2.150e-01 1.385e-01 5.479e+00 0.000e+00
3.247e-02 1.897e-01 1.399e-01 4.342e+00 0.000e+00
3.584e-02 1.618e-01 1.413e-01 3.242e+00 0.000e+00
3.957e-02 1.377e-01 1.423e-01 2.415e+00 0.000e+00
4.000e-02 1.352e-01 1.424e-01 2.338e+00 0.000e+00
4.368e-02 1.170e-01 1.429e-01 1.797e+00 0.000e+00
4.822e-02 9.936e-02 1.432e-01 1.335e+00 0.000e+00
5.000e-02 9.355e-02 1.432e-01 1.196e+00 0.000e+00
5.323e-02 8.426e-02 1.430e-01 9.902e-01 0.000e+00
5.876e-02 7.135e-02 1.425e-01 7.339e-01 0.000e+00
6.000e-02 6.887e-02 1.424e-01 6.888e-01 0.000e+00
6.486e-02 6.032e-02 1.417e-01 5.434e-01 0.000e+00
7.161e-02 5.088e-02 1.406e-01 4.015e-01 0.000e+00
7.905e-02 4.283e-02 1.391e-01 2.966e-01 0.000e+00
8.000e-02 4.194e-02 1.389e-01 2.859e-01 0.000e+00
8.726e-02 3.597e-02 1.374e-01 2.190e-01 0.000e+00
9.633e-02 3.012e-02 1.354e-01 1.615e-01 0.000e+00
1.000e-01 2.815e-02 1.346e-01 1.439e-01 0.000e+00
1.063e-01 2.519e-02 1.331e-01 1.192e-01 0.000e+00
1.174e-01 2.099e-02 1.307e-01 8.776e-02 0.000e+00
1.296e-01 1.747e-02 1.280e-01 6.469e-02 0.000e+00
1.431e-01 1.451e-02 1.252e-01 4.767e-02 0.000e+00
1.500e-01 1.328e-02 1.238e-01 4.124e-02 0.000e+00
1.579e-01 1.206e-02 1.222e-01 3.522e-02 0.000e+00
1.743e-01 9.998e-03 1.191e-01 2.602e-02 0.000e+00
1.925e-01 8.275e-03 1.158e-01 1.922e-02 0.000e+00
2.000e-01 7.692e-03 1.145e-01 1.711e-02 0.000e+00
2.125e-01 6.849e-03 1.125e-01 1.424e-02 0.000e+00
2.345e-01 5.667e-03 1.091e-01 1.059e-02 0.000e+00
2.589e-01 4.681e-03 1.056e-01 7.880e-03 0.000e+00
2.858e-01 3.864e-03 1.021e-01 5.887e-03 0.000e+00
3.000e-01 3.516e-03 1.004e-01 5.110e-03 0.000e+00
3.155e-01 3.187e-03 9.859e-02 4.415e-03 0.000e+00
3.483e-01 2.627e-03 9.510e-02 3.326e-03 0.000e+00
3.845e-01 2.164e-03 9.162e-02 2.518e-03 0.000e+00
4.000e-01 2.002e-03 9.024e-02 2.256e-03 0.000e+00
4.245e-01 1.781e-03 8.818e-02 1.917e-03 0.000e+00
4.686e-01 1.466e-03 8.478e-02 1.469e-03 0.000e+00
5.000e-01 1.290e-03 8.256e-02 1.239e-03 0.000e+00
5.173e-01 1.206e-03 8.141e-02 1.134e-03 0.000e+00
5.710e-01 9.916e-04 7.810e-02 8.828e-04 0.000e+00
6.000e-01 8.988e-04 7.646e-02 7.801e-04 0.000e+00
6.304e-01 8.148e-04 7.484e-02 6.902e-04 0.000e+00
6.959e-01 6.697e-04 7.164e-02 5.435e-04 0.000e+00
7.682e-01 5.502e-04 6.852e-02 4.336e-04 0.000e+00
8.000e-01 5.075e-04 6.725e-02 3.972e-04 0.000e+00
8.480e-01 4.519e-04 6.546e-02 3.521e-04 0.000e+00
9.361e-01 3.711e-04 6.247e-02 2.869e-04 0.000e+00
1.000e+00 3.254e-04 6.051e-02 2.470e-04 0.000e+00
1.022e+00 3.116e-04 5.987e-02 2.344e-04 0.000e+00
1.033e+00 3.050e-04 5.955e-02 2.287e-04 1.211e-08
1.141e+00 2.502e-04 5.669e-02 1.866e-04 1.074e-05
1.250e+00 2.085e-04 5.412e-02 1.586e-04 5.501e-05
1.259e+00 2.056e-04 5.392e-02 1.566e-04 6.030e-05
1.390e+00 1.686e-04 5.122e-02 1.311e-04 1.632e-04
1.500e+00 1.449e-04 4.920e-02 1.144e-04 2.826e-04
1.535e+00 1.384e-04 4.860e-02 1.098e-04 3.262e-04
1.694e+00 1.137e-04 4.608e-02 9.269e-05 5.525e-04
1.870e+00 9.338e-05 4.363e-02 7.865e-05 8.461e-04
2.000e+00 8.159e-05 4.200e-02 7.055e-05 1.082e-03
2.044e+00 7.809e-05 4.147e-02 6.814e-05 1.165e-03
2.065e+00 7.649e-05 4.123e-02 6.704e-05 1.204e-03
2.279e+00 6.275e-05 3.893e-02 5.748e-05 1.616e-03
2.516e+00 5.150e-05 3.673e-02 4.948e-05 2.080e-03
2.778e+00 4.227e-05 3.462e-02 4.277e-05 2.592e-03
3.000e+00 3.626e-05 3.304e-02 3.830e-05 3.023e-03
3.066e+00 3.472e-05 3.260e-02 3.714e-05 3.149e-03
3.385e+00 2.849e-05 3.066e-02 3.235e-05 3.753e-03
3.737e+00 2.338e-05 2.880e-02 2.826e-05 4.399e-03
4.000e+00 2.040e-05 2.757e-02 2.580e-05 4.865e-03
4.125e+00 1.918e-05 2.703e-02 2.477e-05 5.082e-03
4.554e+00 1.574e-05 2.533e-02 2.177e-05 5.799e-03
5.000e+00 1.306e-05 2.381e-02 1.931e-05 6.510e-03
5.027e+00 1.292e-05 2.372e-02 1.918e-05 6.551e-03
5.549e+00 1.061e-05 2.220e-02 1.695e-05 7.341e-03
6.000e+00 9.072e-06 2.104e-02 1.539e-05 7.985e-03
6.126e+00 8.702e-06 2.075e-02 1.500e-05 8.160e-03
6.762e+00 7.140e-06 1.938e-02 1.331e-05 9.001e-03
7.000e+00 6.663e-06 1.892e-02 1.276e-05 9.302e-03
7.465e+00 5.858e-06 1.808e-02 1.182e-05 9.870e-03
8.000e+00 5.101e-06 1.722e-02 1.089e-05 1.049e-02
8.241e+00 4.807e-06 1.686e-02 1.052e-05 1.076e-02
9.000e+00 4.031e-06 1.582e-02 9.496e-06 1.157e-02
9.097e+00 3.945e-06 1.570e-02 9.379e-06 1.166e-02
1.000e+01 3.264e-06 1.466e-02 8.411e-06 1.254e-02
1.004e+01 3.238e-06 1.462e-02 8.373e-06 1.259e-02
1.100e+01 2.698e-06 1.367e-02 7.545e-06 1.344e-02
1.109e+01 2.655e-06 1.359e-02 7.476e-06 1.352e-02
1.200e+01 2.268e-06 1.282e-02 6.841e-06 1.426e-02
1.224e+01 2.180e-06 1.263e-02 6.691e-06 1.445e-02
1.300e+01 1.932e-06 1.208e-02 6.256e-06 1.500e-02
1.351e+01 1.789e-06 1.174e-02 5.994e-06 1.537e-02
1.400e+01 1.665e-06 1.143e-02 5.762e-06 1.572e-02
1.491e+01 1.468e-06 1.090e-02 5.376e-06 1.632e-02
1.500e+01 1.451e-06 1.085e-02 5.341e-06 1.637e-02
1.600e+01 1.275e-06 1.033e-02 4.976e-06 1.700e-02
1.646e+01 1.205e-06 1.011e-02 4.824e-06 1.727e-02
1.800e+01 1.008e-06 9.444e-03 4.377e-06 1.814e-02
1.818e+01 9.881e-07 9.372e-03 4.331e-06 1.823e-02
2.000e+01 8.159e-07 8.709e-03 3.907e-06 1.915e-02
