# FRANCIUM from NIST Database
1.000e+00 0.000e+00 0.000e+00 0.000e+00 0.000e+00
8.700e+01 1.000e+00 3.500e+00 0.000e+00 0.000e+00
0.000e+00 0.000e+00 0.000e+00 0.000e+00 0.000e+00
1.000e-03 1.296e+01 4.094e-03 6.070e+03 0.000e+00
1.020e-03 1.294e+01 4.203e-03 5.852e+03 0.000e+00
1.126e-03 1.282e+01 4.796e-03 4.873e+03 0.000e+00
1.153e-03 1.279e+01 4.950e-03 4.663e+03 0.000e+00
1.153e-03 1.279e+01 4.950e-03 4.761e+03 0.000e+00
1.243e-03 1.269e+01 5.470e-03 4.104e+03 0.000e+00
1.372e-03 1.254e+01 6.221e-03 3.378e+03 0.000e+00
1.500e-03 1.240e+01 6.950e-03 2.833e+03 0.000e+00
1.515e-03 1.238e+01 7.034e-03 2.774e+03 0.000e+00
1.672e-03 1.223e+01 7.899e-03 2.256e+03 0.000e+00
1.846e-03 1.202e+01 8.909e-03 1.833e+03 0.000e+00
2.000e-03 1.179e+01 9.932e-03 1.550e+03 0.000e+00
2.038e-03 1.172e+01 1.021e-02 1.487e+03 0.000e+00
2.250e-03 1.133e+01 1.190e-02 1.194e+03 0.000e+00
2.483e-03 1.094e+01 1.373e-02 9.594e+02 0.000e+00
2.741e-03 1.066e+01 1.524e-02 7.705e+02 0.000e+00
3.000e-03 1.056e+01 1.580e-02 6.308e+02 0.000e+00
3.000e-03 1.056e+01 1.580e-02 1.985e+03 0.000e+00
3.000e-03 1.056e+01 1.580e-02 1.984e+03 0.000e+00
3.026e-03 1.055e+01 1.584e-02 1.864e+03 0.000e+00
3.136e-03 1.040e+01 1.657e-02 1.439e+03 0.000e+00
3.136e-03 1.040e+01 1.657e-02 2.244e+03 0.000e+00
3.341e-03 1.013e+01 1.790e-02 1.855e+03 0.000e+00
3.663e-03 9.802e+00 1.947e-02 1.406e+03 0.000e+00
3.663e-03 9.802e+00 1.947e-02 1.631e+03 0.000e+00
3.688e-03 9.776e+00 1.959e-02 1.604e+03 0.000e+00
4.000e-03 9.443e+00 2.122e-02 1.312e+03 0.000e+00
4.071e-03 9.369e+00 2.158e-02 1.255e+03 0.000e+00
4.327e-03 9.113e+00 2.283e-02 1.077e+03 0.000e+00
4.327e-03 9.113e+00 2.283e-02 1.144e+03 0.000e+00
4.494e-03 8.950e+00 2.363e-02 1.042e+03 0.000e+00
4.652e-03 8.797e+00 2.438e-02 9.578e+02 0.000e+00
4.652e-03 8.797e+00 2.438e-02 9.991e+02 0.000e+00
4.961e-03 8.511e+00 2.580e-02 8.563e+02 0.000e+00
5.000e-03 8.476e+00 2.598e-02 8.403e+02 0.000e+00
5.477e-03 8.062e+00 2.806e-02 6.720e+02 0.000e+00
6.000e-03 7.639e+00 3.024e-02 5.374e+02 0.000e+00
6.046e-03 7.603e+00 3.043e-02 5.272e+02 0.000e+00
6.675e-03 7.137e+00 3.295e-02 4.119e+02 0.000e+00
7.368e-03 6.668e+00 3.562e-02 3.219e+02 0.000e+00
8.000e-03 6.275e+00 3.794e-02 2.621e+02 0.000e+00
8.134e-03 6.196e+00 3.842e-02 2.513e+02 0.000e+00
8.979e-03 5.729e+00 4.136e-02 1.955e+02 0.000e+00
9.912e-03 5.271e+00 4.448e-02 1.520e+02 0.000e+00
1.000e-02 5.230e+00 4.477e-02 1.486e+02 0.000e+00
1.094e-02 4.829e+00 4.782e-02 1.179e+02 0.000e+00
1.208e-02 4.401e+00 5.129e-02 9.125e+01 0.000e+00
1.334e-02 3.987e+00 5.466e-02 7.062e+01 0.000e+00
1.472e-02 3.592e+00 5.763e-02 5.477e+01 0.000e+00
1.500e-02 3.518e+00 5.814e-02 5.217e+01 0.000e+00
1.503e-02 3.510e+00 5.819e-02 5.187e+01 0.000e+00
1.503e-02 3.510e+00 5.819e-02 1.268e+02 0.000e+00
1.625e-02 3.214e+00 6.055e-02 1.026e+02 0.000e+00
1.791e-02 2.868e+00 6.386e-02 7.890e+01 0.000e+00
1.791e-02 2.868e+00 6.386e-02 1.108e+02 0.000e+00
1.794e-02 2.861e+00 6.392e-02 1.103e+02 0.000e+00
1.864e-02 2.733e+00 6.516e-02 1.003e+02 0.000e+00
1.864e-02 2.733e+00 6.516e-02 1.159e+02 0.000e+00
1.980e-02 2.540e+00 6.712e-02 9.928e+01 0.000e+00
2.000e-02 2.509e+00 6.745e-02 9.675e+01 0.000e+00
2.186e-02 2.245e+00 7.033e-02 7.689e+01 0.000e+00
2.413e-02 1.976e+00 7.344e-02 5.957e+01 0.000e+00
2.664e-02 1.732e+00 7.647e-02 4.613e+01 0.000e+00
2.941e-02 1.516e+00 7.940e-02 3.573e+01 0.000e+00
3.000e-02 1.476e+00 7.998e-02 3.394e+01 0.000e+00
3.247e-02 1.326e+00 8.224e-02 2.753e+01 0.000e+00
3.584e-02 1.157e+00 8.492e-02 2.120e+01 0.000e+00
3.957e-02 1.007e+00 8.742e-02 1.632e+01 0.000e+00
4.000e-02 9.910e-01 8.768e-02 1.586e+01 0.000e+00
4.368e-02 8.712e-01 8.966e-02 1.253e+01 0.000e+00
4.822e-02 7.504e-01 9.162e-02 9.611e+00 0.000e+00
5.000e-02 7.096e-01 9.227e-02 8.722e+00 0.000e+00
5.323e-02 6.436e-01 9.328e-02 7.366e+00 0.000e+00
5.876e-02 5.503e-01 9.464e-02 5.642e+00 0.000e+00
6.000e-02 5.322e-01 9.489e-02 5.333e+00 0.000e+00
6.486e-02 4.697e-01 9.570e-02 4.316e+00 0.000e+00
7.161e-02 4.002e-01 9.644e-02 3.297e+00 0.000e+00
7.905e-02 3.409e-01 9.686e-02 2.520e+00 0.000e+00
8.000e-02 3.343e-01 9.689e-02 2.440e+00 0.000e+00
8.726e-02 2.901e-01 9.695e-02 1.925e+00 0.000e+00
9.633e-02 2.465e-01 9.681e-02 1.469e+00 0.000e+00
1.000e-01 2.316e-01 9.672e-02 1.327e+00 0.000e+00
1.011e-01 2.272e-01 9.670e-02 1.286e+00 0.000e+00
1.011e-01 2.272e-01 9.670e-02 5.765e+00 0.000e+00
1.063e-01 2.089e-01 9.652e-02 5.073e+00 0.000e+00
1.174e-01 1.764e-01 9.586e-02 3.930e+00 0.000e+00
1.296e-01 1.486e-01 9.487e-02 3.047e+00 0.000e+00
1.431e-01 1.250e-01 9.362e-02 2.358e+00 0.000e+00
1.500e-01 1.150e-01 9.294e-02 2.086e+00 0.000e+00
1.579e-01 1.050e-01 9.217e-02 1.826e+00 0.000e+00
1.743e-01 8.797e-02 9.054e-02 1.410e+00 0.000e+00
1.925e-01 7.359e-02 8.874e-02 1.088e+00 0.000e+00
2.000e-01 6.869e-02 8.800e-02 9.845e-01 0.000e+00
2.125e-01 6.158e-02 8.678e-02 8.406e-01 0.000e+00
2.345e-01 5.153e-02 8.469e-02 6.508e-01 0.000e+00
2.589e-01 4.305e-02 8.246e-02 5.041e-01 0.000e+00
2.858e-01 3.595e-02 8.014e-02 3.913e-01 0.000e+00
3.000e-01 3.289e-02 7.898e-02 3.459e-01 0.000e+00
3.155e-01 2.998e-02 7.776e-02 3.045e-01 0.000e+00
3.483e-01 2.497e-02 7.533e-02 2.376e-01 0.000e+00
3.845e-01 2.077e-02 7.287e-02 1.860e-01 0.000e+00
4.000e-01 1.929e-02 7.188e-02 1.689e-01 0.000e+00
4.245e-01 1.725e-02 7.039e-02 1.462e-01 0.000e+00
4.686e-01 1.432e-02 6.790e-02 1.155e-01 0.000e+00
5.000e-01 1.266e-02 6.626e-02 9.910e-02 0.000e+00
5.173e-01 1.187e-02 6.540e-02 9.154e-02 0.000e+00
5.710e-01 9.827e-03 6.290e-02 7.293e-02 0.000e+00
6.000e-01 8.938e-03 6.165e-02 6.518e-02 0.000e+00
6.304e-01 8.130e-03 6.040e-02 5.835e-02 0.000e+00
6.959e-01 6.724e-03 5.794e-02 4.692e-02 0.000e+00
7.682e-01 5.556e-03 5.550e-02 3.791e-02 0.000e+00
8.000e-01 5.136e-03 5.452e-02 3.478e-02 0.000e+00
8.480e-01 4.586e-03 5.312e-02 3.078e-02 0.000e+00
9.361e-01 3.783e-03 5.076e-02 2.511e-02 0.000e+00
1.000e+00 3.327e-03 4.920e-02 2.198e-02 0.000e+00
1.022e+00 3.189e-03 4.869e-02 2.105e-02 0.000e+00
1.033e+00 3.123e-03 4.843e-02 2.060e-02 8.818e-08
1.141e+00 2.572e-03 4.614e-02 1.695e-02 7.992e-05
1.250e+00 2.151e-03 4.410e-02 1.421e-02 4.118e-04
1.259e+00 2.121e-03 4.394e-02 1.402e-02 4.512e-04
1.390e+00 1.746e-03 4.177e-02 1.163e-02 1.197e-03
1.500e+00 1.503e-03 4.015e-02 1.011e-02 1.996e-03
1.535e+00 1.436e-03 3.967e-02 9.695e-03 2.268e-03
1.694e+00 1.182e-03 3.765e-02 8.130e-03 3.537e-03
1.870e+00 9.725e-04 3.566e-02 6.848e-03 4.926e-03
2.000e+00 8.514e-04 3.432e-02 6.111e-03 5.930e-03
2.044e+00 8.155e-04 3.389e-02 5.892e-03 6.267e-03
2.065e+00 7.992e-04 3.369e-02 5.792e-03 6.427e-03
2.279e+00 6.573e-04 3.181e-02 4.923e-03 8.002e-03
2.516e+00 5.402e-04 3.002e-02 4.197e-03 9.631e-03
2.778e+00 4.437e-04 2.831e-02 3.591e-03 1.131e-02
3.000e+00 3.807e-04 2.703e-02 3.189e-03 1.264e-02
3.066e+00 3.646e-04 2.667e-02 3.085e-03 1.302e-02
3.385e+00 2.994e-04 2.509e-02 2.659e-03 1.481e-02
3.737e+00 2.458e-04 2.357e-02 2.299e-03 1.666e-02
4.000e+00 2.146e-04 2.257e-02 2.084e-03 1.796e-02
4.125e+00 2.018e-04 2.212e-02 1.995e-03 1.856e-02
4.554e+00 1.657e-04 2.074e-02 1.736e-03 2.052e-02
5.000e+00 1.375e-04 1.950e-02 1.526e-03 2.242e-02
5.027e+00 1.360e-04 1.943e-02 1.514e-03 2.253e-02
5.549e+00 1.117e-04 1.818e-02 1.325e-03 2.459e-02
6.000e+00 9.556e-05 1.724e-02 1.194e-03 2.626e-02
6.126e+00 9.168e-05 1.699e-02 1.162e-03 2.671e-02
6.762e+00 7.526e-05 1.587e-02 1.022e-03 2.887e-02
7.000e+00 7.023e-05 1.549e-02 9.772e-04 2.965e-02
7.465e+00 6.177e-05 1.481e-02 9.002e-04 3.111e-02
8.000e+00 5.379e-05 1.410e-02 8.249e-04 3.271e-02
8.241e+00 5.069e-05 1.381e-02 7.949e-04 3.341e-02
9.000e+00 4.250e-05 1.296e-02 7.126e-04 3.552e-02
9.097e+00 4.160e-05 1.286e-02 7.033e-04 3.579e-02
1.000e+01 3.443e-05 1.201e-02 6.265e-04 3.810e-02
1.004e+01 3.416e-05 1.198e-02 6.234e-04 3.820e-02
1.100e+01 2.846e-05 1.121e-02 5.587e-04 4.048e-02
1.109e+01 2.800e-05 1.114e-02 5.533e-04 4.069e-02
1.200e+01 2.391e-05 1.051e-02 5.036e-04 4.270e-02
1.224e+01 2.298e-05 1.036e-02 4.920e-04 4.321e-02
1.300e+01 2.038e-05 9.902e-03 4.585e-04 4.478e-02
1.351e+01 1.887e-05 9.621e-03 4.383e-04 4.579e-02
1.400e+01 1.757e-05 9.367e-03 4.204e-04 4.673e-02
1.491e+01 1.549e-05 8.933e-03 3.910e-04 4.841e-02
1.500e+01 1.531e-05 8.892e-03 3.883e-04 4.857e-02
1.600e+01 1.345e-05 8.468e-03 3.605e-04 5.026e-02
1.646e+01 1.271e-05 8.288e-03 3.490e-04 5.100e-02
1.800e+01 1.063e-05 7.742e-03 3.154e-04 5.333e-02
1.818e+01 1.042e-05 7.683e-03 3.119e-04 5.359e-02
2.000e+01 8.611e-06 7.140e-03 2.803e-04 5.607e-02
