# FREON-13 from NIST Database
9.500e-01 0.000e+00 0.000e+00 0.000e+00 0.000e+00
6.000e+00 9.574e-03 3.500e+00 0.000e+00 0.000e+00
9.000e+00 2.872e-02 3.500e+00 0.000e+00 0.000e+00
1.700e+01 9.574e-03 3.500e+00 0.000e+00 0.000e+00
0.000e+00 0.000e+00 0.000e+00 0.000e+00 0.000e+00
1.000e-03 2.038e+00 7.865e-03 4.296e+03 0.000e+00
1.020e-03 2.031e+00 8.149e-03 4.082e+03 0.000e+00
1.126e-03 2.000e+00 9.725e-03 3.160e+03 0.000e+00
1.243e-03 1.967e+00 1.159e-02 2.444e+03 0.000e+00
1.372e-03 1.929e+00 1.376e-02 1.887e+03 0.000e+00
1.500e-03 1.890e+00 1.601e-02 1.490e+03 0.000e+00
1.515e-03 1.885e+00 1.628e-02 1.451e+03 0.000e+00
1.672e-03 1.833e+00 1.913e-02 1.111e+03 0.000e+00
1.846e-03 1.774e+00 2.238e-02 8.481e+02 0.000e+00
2.000e-03 1.720e+00 2.530e-02 6.801e+02 0.000e+00
2.038e-03 1.707e+00 2.602e-02 6.455e+02 0.000e+00
2.250e-03 1.633e+00 3.008e-02 4.900e+02 0.000e+00
2.483e-03 1.554e+00 3.453e-02 3.717e+02 0.000e+00
2.741e-03 1.470e+00 3.939e-02 2.812e+02 0.000e+00
2.822e-03 1.444e+00 4.090e-02 2.588e+02 0.000e+00
2.822e-03 1.444e+00 4.090e-02 7.540e+02 0.000e+00
3.000e-03 1.389e+00 4.415e-02 6.664e+02 0.000e+00
3.026e-03 1.381e+00 4.462e-02 6.540e+02 0.000e+00
3.341e-03 1.289e+00 5.019e-02 5.138e+02 0.000e+00
3.688e-03 1.196e+00 5.603e-02 3.910e+02 0.000e+00
4.000e-03 1.119e+00 6.098e-02 3.105e+02 0.000e+00
4.071e-03 1.102e+00 6.206e-02 2.956e+02 0.000e+00
4.494e-03 1.011e+00 6.823e-02 2.256e+02 0.000e+00
4.961e-03 9.228e-01 7.443e-02 1.728e+02 0.000e+00
5.000e-03 9.160e-01 7.492e-02 1.691e+02 0.000e+00
5.477e-03 8.388e-01 8.060e-02 1.316e+02 0.000e+00
6.000e-03 7.658e-01 8.619e-02 1.020e+02 0.000e+00
6.046e-03 7.599e-01 8.666e-02 9.983e+01 0.000e+00
6.675e-03 6.862e-01 9.254e-02 7.552e+01 0.000e+00
7.368e-03 6.180e-01 9.819e-02 5.705e+01 0.000e+00
8.000e-03 5.649e-01 1.027e-01 4.508e+01 0.000e+00
8.134e-03 5.546e-01 1.036e-01 4.298e+01 0.000e+00
8.979e-03 4.960e-01 1.088e-01 3.232e+01 0.000e+00
9.912e-03 4.418e-01 1.137e-01 2.425e+01 0.000e+00
1.000e-02 4.371e-01 1.141e-01 2.363e+01 0.000e+00
1.094e-02 3.916e-01 1.183e-01 1.816e+01 0.000e+00
1.208e-02 3.453e-01 1.227e-01 1.356e+01 0.000e+00
1.334e-02 3.030e-01 1.268e-01 1.010e+01 0.000e+00
1.472e-02 2.650e-01 1.307e-01 7.532e+00 0.000e+00
1.500e-02 2.581e-01 1.314e-01 7.119e+00 0.000e+00
1.625e-02 2.306e-01 1.343e-01 5.597e+00 0.000e+00
1.794e-02 1.999e-01 1.376e-01 4.152e+00 0.000e+00
1.980e-02 1.728e-01 1.406e-01 3.078e+00 0.000e+00
2.000e-02 1.702e-01 1.409e-01 2.985e+00 0.000e+00
2.186e-02 1.489e-01 1.432e-01 2.275e+00 0.000e+00
2.413e-02 1.279e-01 1.455e-01 1.681e+00 0.000e+00
2.664e-02 1.097e-01 1.474e-01 1.239e+00 0.000e+00
2.941e-02 9.375e-02 1.490e-01 9.122e-01 0.000e+00
3.000e-02 9.082e-02 1.492e-01 8.577e-01 0.000e+00
3.247e-02 7.996e-02 1.501e-01 6.705e-01 0.000e+00
3.584e-02 6.806e-02 1.509e-01 4.926e-01 0.000e+00
3.957e-02 5.777e-02 1.512e-01 3.612e-01 0.000e+00
4.000e-02 5.673e-02 1.512e-01 3.492e-01 0.000e+00
4.368e-02 4.892e-02 1.512e-01 2.648e-01 0.000e+00
4.822e-02 4.132e-02 1.509e-01 1.939e-01 0.000e+00
5.000e-02 3.881e-02 1.507e-01 1.729e-01 0.000e+00
5.323e-02 3.481e-02 1.502e-01 1.418e-01 0.000e+00
5.876e-02 2.925e-02 1.491e-01 1.036e-01 0.000e+00
6.000e-02 2.818e-02 1.489e-01 9.699e-02 0.000e+00
6.486e-02 2.452e-02 1.478e-01 7.572e-02 0.000e+00
7.161e-02 2.050e-02 1.461e-01 5.525e-02 0.000e+00
7.905e-02 1.711e-02 1.442e-01 4.032e-02 0.000e+00
8.000e-02 1.674e-02 1.439e-01 3.881e-02 0.000e+00
8.726e-02 1.426e-02 1.420e-01 2.941e-02 0.000e+00
9.633e-02 1.186e-02 1.395e-01 2.145e-02 0.000e+00
1.000e-01 1.106e-02 1.385e-01 1.903e-02 0.000e+00
1.063e-01 9.857e-03 1.369e-01 1.566e-02 0.000e+00
1.174e-01 8.170e-03 1.340e-01 1.141e-02 0.000e+00
1.296e-01 6.770e-03 1.309e-01 8.324e-03 0.000e+00
1.431e-01 5.601e-03 1.278e-01 6.075e-03 0.000e+00
1.500e-01 5.117e-03 1.262e-01 5.232e-03 0.000e+00
1.579e-01 4.636e-03 1.245e-01 4.447e-03 0.000e+00
1.743e-01 3.830e-03 1.211e-01 3.256e-03 0.000e+00
1.925e-01 3.158e-03 1.176e-01 2.384e-03 0.000e+00
2.000e-01 2.932e-03 1.162e-01 2.115e-03 0.000e+00
2.125e-01 2.605e-03 1.140e-01 1.752e-03 0.000e+00
2.345e-01 2.148e-03 1.105e-01 1.292e-03 0.000e+00
2.589e-01 1.769e-03 1.069e-01 9.546e-04 0.000e+00
2.858e-01 1.456e-03 1.032e-01 7.083e-04 0.000e+00
3.000e-01 1.323e-03 1.015e-01 6.129e-04 0.000e+00
3.155e-01 1.198e-03 9.963e-02 5.279e-04 0.000e+00
3.483e-01 9.853e-04 9.604e-02 3.953e-04 0.000e+00
3.845e-01 8.100e-04 9.248e-02 2.976e-04 0.000e+00
4.000e-01 7.489e-04 9.107e-02 2.662e-04 0.000e+00
4.245e-01 6.655e-04 8.896e-02 2.254e-04 0.000e+00
4.686e-01 5.468e-04 8.548e-02 1.719e-04 0.000e+00
5.000e-01 4.806e-04 8.323e-02 1.446e-04 0.000e+00
5.173e-01 4.492e-04 8.206e-02 1.323e-04 0.000e+00
5.710e-01 3.690e-04 7.870e-02 1.026e-04 0.000e+00
6.000e-01 3.343e-04 7.703e-02 9.050e-05 0.000e+00
6.304e-01 3.029e-04 7.539e-02 7.990e-05 0.000e+00
6.959e-01 2.488e-04 7.216e-02 6.266e-05 0.000e+00
7.682e-01 2.042e-04 6.900e-02 4.995e-05 0.000e+00
8.000e-01 1.884e-04 6.772e-02 4.584e-05 0.000e+00
8.480e-01 1.677e-04 6.590e-02 4.081e-05 0.000e+00
9.361e-01 1.377e-04 6.287e-02 3.338e-05 0.000e+00
1.000e+00 1.206e-04 6.090e-02 2.851e-05 0.000e+00
1.022e+00 1.155e-04 6.026e-02 2.692e-05 0.000e+00
1.033e+00 1.130e-04 5.995e-02 2.620e-05 5.474e-09
1.141e+00 9.267e-05 5.706e-02 2.130e-05 5.114e-06
1.250e+00 7.724e-05 5.447e-02 1.824e-05 2.730e-05
1.259e+00 7.615e-05 5.427e-02 1.802e-05 3.002e-05
1.390e+00 6.248e-05 5.155e-02 1.512e-05 8.413e-05
1.500e+00 5.365e-05 4.951e-02 1.320e-05 1.485e-04
1.535e+00 5.123e-05 4.890e-02 1.267e-05 1.722e-04
1.694e+00 4.207e-05 4.634e-02 1.072e-05 2.955e-04
1.870e+00 3.453e-05 4.386e-02 9.135e-06 4.561e-04
2.000e+00 3.019e-05 4.224e-02 8.214e-06 5.860e-04
2.044e+00 2.890e-05 4.173e-02 7.938e-06 6.316e-04
2.065e+00 2.832e-05 4.149e-02 7.812e-06 6.535e-04
2.279e+00 2.325e-05 3.921e-02 6.719e-06 8.825e-04
2.516e+00 1.908e-05 3.699e-02 5.805e-06 1.143e-03
2.778e+00 1.565e-05 3.485e-02 5.036e-06 1.432e-03
3.000e+00 1.342e-05 3.324e-02 4.523e-06 1.678e-03
3.066e+00 1.285e-05 3.280e-02 4.389e-06 1.749e-03
3.385e+00 1.054e-05 3.084e-02 3.835e-06 2.096e-03
3.737e+00 8.650e-06 2.896e-02 3.361e-06 2.470e-03
4.000e+00 7.550e-06 2.773e-02 3.075e-06 2.740e-03
4.125e+00 7.100e-06 2.718e-02 2.955e-06 2.866e-03
4.554e+00 5.825e-06 2.548e-02 2.605e-06 3.286e-03
5.000e+00 4.832e-06 2.395e-02 2.317e-06 3.702e-03
5.027e+00 4.780e-06 2.386e-02 2.302e-06 3.726e-03
5.549e+00 3.923e-06 2.232e-02 2.039e-06 4.189e-03
6.000e+00 3.356e-06 2.117e-02 1.854e-06 4.570e-03
6.126e+00 3.219e-06 2.087e-02 1.809e-06 4.674e-03
6.762e+00 2.642e-06 1.949e-02 1.608e-06 5.173e-03
7.000e+00 2.466e-06 1.902e-02 1.544e-06 5.351e-03
7.465e+00 2.168e-06 1.818e-02 1.432e-06 5.687e-03
8.000e+00 1.887e-06 1.731e-02 1.322e-06 6.055e-03
8.241e+00 1.779e-06 1.695e-02 1.277e-06 6.215e-03
9.000e+00 1.491e-06 1.592e-02 1.154e-06 6.697e-03
9.097e+00 1.460e-06 1.579e-02 1.140e-06 6.756e-03
1.000e+01 1.208e-06 1.475e-02 1.025e-06 7.282e-03
1.004e+01 1.198e-06 1.470e-02 1.020e-06 7.305e-03
1.100e+01 9.983e-07 1.375e-02 9.209e-07 7.816e-03
1.109e+01 9.822e-07 1.367e-02 9.126e-07 7.861e-03
1.200e+01 8.388e-07 1.290e-02 8.357e-07 8.305e-03
1.224e+01 8.063e-07 1.271e-02 8.176e-07 8.417e-03
1.300e+01 7.149e-07 1.215e-02 7.655e-07 8.760e-03
1.351e+01 6.619e-07 1.181e-02 7.340e-07 8.981e-03
1.400e+01 6.164e-07 1.150e-02 7.059e-07 9.185e-03
1.491e+01 5.435e-07 1.096e-02 6.589e-07 9.548e-03
1.500e+01 5.370e-07 1.092e-02 6.546e-07 9.582e-03
1.600e+01 4.719e-07 1.039e-02 6.104e-07 9.955e-03
1.646e+01 4.459e-07 1.017e-02 5.920e-07 1.012e-02
1.800e+01 3.728e-07 9.499e-03 5.377e-07 1.064e-02
1.818e+01 3.655e-07 9.427e-03 5.320e-07 1.070e-02
2.000e+01 3.020e-07 8.759e-03 4.805e-07 1.126e-02
