# FREON-12B2 from NIST Database
1.800e+00 0.000e+00 0.000e+00 0.000e+00 0.000e+00
6.000e+00 4.766e-03 3.500e+00 0.000e+00 0.000e+00
9.000e+00 9.532e-03 3.500e+00 0.000e+00 0.000e+00
3.500e+01 9.531e-03 3.500e+00 0.000e+00 0.000e+00
0.000e+00 0.000e+00 0.000e+00 0.000e+00 0.000e+00
1.000e-03 4.798e+00 5.828e-03 3.144e+03 0.000e+00
1.020e-03 4.787e+00 6.033e-03 2.994e+03 0.000e+00
1.126e-03 4.732e+00 7.164e-03 2.349e+03 0.000e+00
1.243e-03 4.672e+00 8.488e-03 1.842e+03 0.000e+00
1.372e-03 4.602e+00 1.001e-02 1.443e+03 0.000e+00
1.500e-03 4.528e+00 1.157e-02 1.157e+03 0.000e+00
1.515e-03 4.519e+00 1.175e-02 1.128e+03 0.000e+00
1.550e-03 4.498e+00 1.218e-02 1.065e+03 0.000e+00
1.550e-03 4.498e+00 1.218e-02 3.645e+03 0.000e+00
1.573e-03 4.484e+00 1.247e-02 3.344e+03 0.000e+00
1.596e-03 4.470e+00 1.276e-02 3.069e+03 0.000e+00
1.596e-03 4.470e+00 1.276e-02 4.219e+03 0.000e+00
1.672e-03 4.424e+00 1.371e-02 3.788e+03 0.000e+00
1.782e-03 4.359e+00 1.509e-02 3.269e+03 0.000e+00
1.782e-03 4.359e+00 1.509e-02 3.668e+03 0.000e+00
1.846e-03 4.319e+00 1.590e-02 3.367e+03 0.000e+00
2.000e-03 4.222e+00 1.786e-02 2.772e+03 0.000e+00
2.038e-03 4.198e+00 1.835e-02 2.643e+03 0.000e+00
2.250e-03 4.066e+00 2.104e-02 2.056e+03 0.000e+00
2.483e-03 3.924e+00 2.397e-02 1.602e+03 0.000e+00
2.741e-03 3.771e+00 2.715e-02 1.246e+03 0.000e+00
3.000e-03 3.624e+00 3.026e-02 9.912e+02 0.000e+00
3.026e-03 3.610e+00 3.057e-02 9.689e+02 0.000e+00
3.341e-03 3.441e+00 3.422e-02 7.465e+02 0.000e+00
3.688e-03 3.266e+00 3.807e-02 5.755e+02 0.000e+00
4.000e-03 3.121e+00 4.136e-02 4.646e+02 0.000e+00
4.071e-03 3.089e+00 4.208e-02 4.432e+02 0.000e+00
4.494e-03 2.909e+00 4.622e-02 3.396e+02 0.000e+00
4.961e-03 2.728e+00 5.047e-02 2.603e+02 0.000e+00
5.000e-03 2.714e+00 5.081e-02 2.548e+02 0.000e+00
5.477e-03 2.547e+00 5.479e-02 1.988e+02 0.000e+00
6.000e-03 2.379e+00 5.882e-02 1.550e+02 0.000e+00
6.046e-03 2.365e+00 5.916e-02 1.517e+02 0.000e+00
6.675e-03 2.184e+00 6.358e-02 1.154e+02 0.000e+00
7.368e-03 2.004e+00 6.801e-02 8.786e+01 0.000e+00
8.000e-03 1.856e+00 7.172e-02 6.998e+01 0.000e+00
8.134e-03 1.827e+00 7.247e-02 6.680e+01 0.000e+00
8.979e-03 1.653e+00 7.692e-02 5.066e+01 0.000e+00
9.912e-03 1.485e+00 8.138e-02 3.842e+01 0.000e+00
1.000e-02 1.470e+00 8.178e-02 3.748e+01 0.000e+00
1.094e-02 1.324e+00 8.583e-02 2.907e+01 0.000e+00
1.208e-02 1.173e+00 9.026e-02 2.197e+01 0.000e+00
1.334e-02 1.036e+00 9.461e-02 1.660e+01 0.000e+00
1.347e-02 1.023e+00 9.504e-02 1.613e+01 0.000e+00
1.347e-02 1.023e+00 9.504e-02 1.116e+02 0.000e+00
1.472e-02 9.137e-01 9.877e-02 8.892e+01 0.000e+00
1.500e-02 8.917e-01 9.956e-02 8.470e+01 0.000e+00
1.625e-02 8.030e-01 1.028e-01 6.878e+01 0.000e+00
1.794e-02 7.036e-01 1.068e-01 5.298e+01 0.000e+00
1.980e-02 6.155e-01 1.105e-01 4.070e+01 0.000e+00
2.000e-02 6.071e-01 1.108e-01 3.962e+01 0.000e+00
2.186e-02 5.375e-01 1.139e-01 3.115e+01 0.000e+00
2.413e-02 4.686e-01 1.171e-01 2.378e+01 0.000e+00
2.664e-02 4.073e-01 1.199e-01 1.809e+01 0.000e+00
2.941e-02 3.527e-01 1.224e-01 1.373e+01 0.000e+00
3.000e-02 3.425e-01 1.229e-01 1.299e+01 0.000e+00
3.247e-02 3.039e-01 1.246e-01 1.039e+01 0.000e+00
3.584e-02 2.606e-01 1.265e-01 7.846e+00 0.000e+00
3.957e-02 2.225e-01 1.280e-01 5.914e+00 0.000e+00
4.000e-02 2.186e-01 1.282e-01 5.734e+00 0.000e+00
4.368e-02 1.892e-01 1.291e-01 4.456e+00 0.000e+00
4.822e-02 1.605e-01 1.299e-01 3.351e+00 0.000e+00
5.000e-02 1.510e-01 1.300e-01 3.017e+00 0.000e+00
5.323e-02 1.359e-01 1.302e-01 2.515e+00 0.000e+00
5.876e-02 1.149e-01 1.301e-01 1.883e+00 0.000e+00
6.000e-02 1.109e-01 1.301e-01 1.771e+00 0.000e+00
6.486e-02 9.702e-02 1.297e-01 1.408e+00 0.000e+00
7.161e-02 8.182e-02 1.290e-01 1.051e+00 0.000e+00
7.905e-02 6.895e-02 1.280e-01 7.835e-01 0.000e+00
8.000e-02 6.753e-02 1.278e-01 7.561e-01 0.000e+00
8.726e-02 5.803e-02 1.267e-01 5.837e-01 0.000e+00
9.633e-02 4.876e-02 1.250e-01 4.343e-01 0.000e+00
1.000e-01 4.564e-02 1.244e-01 3.883e-01 0.000e+00
1.063e-01 4.093e-02 1.232e-01 3.233e-01 0.000e+00
1.174e-01 3.423e-02 1.211e-01 2.400e-01 0.000e+00
1.296e-01 2.859e-02 1.188e-01 1.784e-01 0.000e+00
1.431e-01 2.383e-02 1.164e-01 1.325e-01 0.000e+00
1.500e-01 2.184e-02 1.151e-01 1.150e-01 0.000e+00
1.579e-01 1.985e-02 1.138e-01 9.864e-02 0.000e+00
1.743e-01 1.650e-02 1.110e-01 7.339e-02 0.000e+00
1.925e-01 1.368e-02 1.081e-01 5.459e-02 0.000e+00
2.000e-01 1.273e-02 1.069e-01 4.873e-02 0.000e+00
2.125e-01 1.134e-02 1.050e-01 4.072e-02 0.000e+00
2.345e-01 9.399e-03 1.020e-01 3.046e-02 0.000e+00
2.589e-01 7.774e-03 9.880e-02 2.281e-02 0.000e+00
2.858e-01 6.426e-03 9.560e-02 1.715e-02 0.000e+00
3.000e-01 5.852e-03 9.403e-02 1.492e-02 0.000e+00
3.155e-01 5.308e-03 9.240e-02 1.293e-02 0.000e+00
3.483e-01 4.382e-03 8.919e-02 9.792e-03 0.000e+00
3.845e-01 3.614e-03 8.598e-02 7.449e-03 0.000e+00
4.000e-01 3.346e-03 8.470e-02 6.687e-03 0.000e+00
4.245e-01 2.979e-03 8.278e-02 5.695e-03 0.000e+00
4.686e-01 2.454e-03 7.960e-02 4.382e-03 0.000e+00
5.000e-01 2.161e-03 7.754e-02 3.704e-03 0.000e+00
5.173e-01 2.021e-03 7.647e-02 3.395e-03 0.000e+00
5.710e-01 1.663e-03 7.338e-02 2.650e-03 0.000e+00
6.000e-01 1.508e-03 7.186e-02 2.345e-03 0.000e+00
6.304e-01 1.368e-03 7.034e-02 2.078e-03 0.000e+00
6.959e-01 1.125e-03 6.735e-02 1.641e-03 0.000e+00
7.682e-01 9.248e-04 6.442e-02 1.311e-03 0.000e+00
8.000e-01 8.534e-04 6.324e-02 1.201e-03 0.000e+00
8.480e-01 7.602e-04 6.155e-02 1.063e-03 0.000e+00
9.361e-01 6.247e-04 5.875e-02 8.653e-04 0.000e+00
1.000e+00 5.478e-04 5.691e-02 7.475e-04 0.000e+00
1.022e+00 5.246e-04 5.631e-02 7.106e-04 0.000e+00
1.033e+00 5.136e-04 5.602e-02 6.936e-04 1.894e-08
1.141e+00 4.213e-04 5.332e-02 5.666e-04 1.631e-05
1.250e+00 3.513e-04 5.092e-02 4.800e-04 8.142e-05
1.259e+00 3.463e-04 5.073e-02 4.738e-04 8.909e-05
1.390e+00 2.843e-04 4.819e-02 3.960e-04 2.355e-04
1.500e+00 2.442e-04 4.629e-02 3.451e-04 4.016e-04
1.535e+00 2.332e-04 4.573e-02 3.313e-04 4.616e-04
1.694e+00 1.916e-04 4.335e-02 2.790e-04 7.699e-04
1.870e+00 1.572e-04 4.104e-02 2.363e-04 1.164e-03
2.000e+00 1.375e-04 3.952e-02 2.117e-04 1.477e-03
2.044e+00 1.316e-04 3.904e-02 2.043e-04 1.585e-03
2.065e+00 1.290e-04 3.881e-02 2.010e-04 1.637e-03
2.279e+00 1.059e-04 3.667e-02 1.720e-04 2.177e-03
2.516e+00 8.692e-05 3.459e-02 1.477e-04 2.786e-03
2.778e+00 7.131e-05 3.260e-02 1.273e-04 3.457e-03
3.000e+00 6.115e-05 3.110e-02 1.138e-04 4.018e-03
3.066e+00 5.855e-05 3.069e-02 1.103e-04 4.183e-03
3.385e+00 4.804e-05 2.886e-02 9.584e-05 4.962e-03
3.737e+00 3.942e-05 2.711e-02 8.357e-05 5.788e-03
4.000e+00 3.441e-05 2.595e-02 7.619e-05 6.383e-03
4.125e+00 3.236e-05 2.544e-02 7.310e-05 6.660e-03
4.554e+00 2.655e-05 2.384e-02 6.409e-05 7.575e-03
5.000e+00 2.203e-05 2.241e-02 5.675e-05 8.475e-03
5.027e+00 2.179e-05 2.233e-02 5.635e-05 8.529e-03
5.549e+00 1.788e-05 2.089e-02 4.968e-05 9.517e-03
6.000e+00 1.530e-05 1.981e-02 4.504e-05 1.033e-02
6.126e+00 1.467e-05 1.953e-02 4.389e-05 1.054e-02
6.762e+00 1.204e-05 1.824e-02 3.886e-05 1.160e-02
7.000e+00 1.124e-05 1.781e-02 3.725e-05 1.198e-02
7.465e+00 9.880e-06 1.702e-02 3.446e-05 1.269e-02
8.000e+00 8.603e-06 1.620e-02 3.172e-05 1.347e-02
8.241e+00 8.108e-06 1.586e-02 3.062e-05 1.381e-02
9.000e+00 6.801e-06 1.489e-02 2.760e-05 1.482e-02
9.097e+00 6.656e-06 1.478e-02 2.725e-05 1.495e-02
1.000e+01 5.507e-06 1.380e-02 2.441e-05 1.606e-02
1.004e+01 5.463e-06 1.376e-02 2.430e-05 1.612e-02
1.100e+01 4.551e-06 1.287e-02 2.188e-05 1.719e-02
1.109e+01 4.478e-06 1.280e-02 2.167e-05 1.730e-02
1.200e+01 3.824e-06 1.207e-02 1.981e-05 1.823e-02
1.224e+01 3.676e-06 1.189e-02 1.937e-05 1.847e-02
1.300e+01 3.259e-06 1.137e-02 1.810e-05 1.919e-02
1.351e+01 3.018e-06 1.105e-02 1.734e-05 1.965e-02
1.400e+01 2.810e-06 1.076e-02 1.666e-05 2.008e-02
1.491e+01 2.478e-06 1.026e-02 1.553e-05 2.083e-02
1.500e+01 2.448e-06 1.021e-02 1.543e-05 2.090e-02
1.600e+01 2.151e-06 9.728e-03 1.437e-05 2.167e-02
1.646e+01 2.033e-06 9.520e-03 1.392e-05 2.202e-02
1.800e+01 1.700e-06 8.889e-03 1.262e-05 2.309e-02
1.818e+01 1.666e-06 8.821e-03 1.249e-05 2.321e-02
2.000e+01 1.377e-06 8.201e-03 1.126e-05 2.436e-02
