# FREON-12 from NIST Database
1.120e+00 0.000e+00 0.000e+00 0.000e+00 0.000e+00
6.000e+00 8.271e-03 3.500e+00 0.000e+00 0.000e+00
9.000e+00 1.654e-02 3.500e+00 0.000e+00 0.000e+00
1.700e+01 1.654e-02 3.500e+00 0.000e+00 0.000e+00
0.000e+00 0.000e+00 0.000e+00 0.000e+00 0.000e+00
1.000e-03 2.395e+00 8.293e-03 3.653e+03 0.000e+00
1.020e-03 2.388e+00 8.588e-03 3.470e+03 0.000e+00
1.126e-03 2.349e+00 1.022e-02 2.682e+03 0.000e+00
1.243e-03 2.308e+00 1.214e-02 2.071e+03 0.000e+00
1.372e-03 2.261e+00 1.437e-02 1.598e+03 0.000e+00
1.500e-03 2.213e+00 1.666e-02 1.262e+03 0.000e+00
1.515e-03 2.207e+00 1.693e-02 1.229e+03 0.000e+00
1.672e-03 2.144e+00 1.982e-02 9.415e+02 0.000e+00
1.846e-03 2.072e+00 2.306e-02 7.191e+02 0.000e+00
2.000e-03 2.008e+00 2.596e-02 5.774e+02 0.000e+00
2.038e-03 1.992e+00 2.667e-02 5.481e+02 0.000e+00
2.250e-03 1.903e+00 3.065e-02 4.166e+02 0.000e+00
2.483e-03 1.809e+00 3.496e-02 3.166e+02 0.000e+00
2.741e-03 1.710e+00 3.963e-02 2.401e+02 0.000e+00
2.822e-03 1.680e+00 4.107e-02 2.212e+02 0.000e+00
2.822e-03 1.680e+00 4.107e-02 1.077e+03 0.000e+00
3.000e-03 1.617e+00 4.416e-02 9.617e+02 0.000e+00
3.026e-03 1.608e+00 4.460e-02 9.450e+02 0.000e+00
3.341e-03 1.503e+00 4.985e-02 7.488e+02 0.000e+00
3.688e-03 1.396e+00 5.530e-02 5.715e+02 0.000e+00
4.000e-03 1.309e+00 5.989e-02 4.545e+02 0.000e+00
4.071e-03 1.291e+00 6.089e-02 4.330e+02 0.000e+00
4.494e-03 1.189e+00 6.656e-02 3.318e+02 0.000e+00
4.961e-03 1.091e+00 7.223e-02 2.553e+02 0.000e+00
5.000e-03 1.084e+00 7.268e-02 2.500e+02 0.000e+00
5.477e-03 9.987e-01 7.785e-02 1.953e+02 0.000e+00
6.000e-03 9.184e-01 8.294e-02 1.518e+02 0.000e+00
6.046e-03 9.119e-01 8.336e-02 1.486e+02 0.000e+00
6.675e-03 8.306e-01 8.875e-02 1.128e+02 0.000e+00
7.368e-03 7.546e-01 9.398e-02 8.549e+01 0.000e+00
8.000e-03 6.949e-01 9.823e-02 6.774e+01 0.000e+00
8.134e-03 6.832e-01 9.908e-02 6.461e+01 0.000e+00
8.979e-03 6.160e-01 1.040e-01 4.873e+01 0.000e+00
9.912e-03 5.525e-01 1.089e-01 3.666e+01 0.000e+00
1.000e-02 5.470e-01 1.093e-01 3.573e+01 0.000e+00
1.094e-02 4.925e-01 1.135e-01 2.753e+01 0.000e+00
1.208e-02 4.360e-01 1.181e-01 2.061e+01 0.000e+00
1.334e-02 3.836e-01 1.224e-01 1.539e+01 0.000e+00
1.472e-02 3.359e-01 1.265e-01 1.150e+01 0.000e+00
1.500e-02 3.273e-01 1.272e-01 1.087e+01 0.000e+00
1.625e-02 2.925e-01 1.303e-01 8.563e+00 0.000e+00
1.794e-02 2.535e-01 1.339e-01 6.365e+00 0.000e+00
1.980e-02 2.190e-01 1.371e-01 4.727e+00 0.000e+00
2.000e-02 2.157e-01 1.374e-01 4.586e+00 0.000e+00
2.186e-02 1.886e-01 1.400e-01 3.502e+00 0.000e+00
2.413e-02 1.621e-01 1.425e-01 2.591e+00 0.000e+00
2.664e-02 1.390e-01 1.446e-01 1.914e+00 0.000e+00
2.941e-02 1.190e-01 1.463e-01 1.411e+00 0.000e+00
3.000e-02 1.153e-01 1.466e-01 1.327e+00 0.000e+00
3.247e-02 1.017e-01 1.476e-01 1.039e+00 0.000e+00
3.584e-02 8.671e-02 1.485e-01 7.644e-01 0.000e+00
3.957e-02 7.377e-02 1.491e-01 5.613e-01 0.000e+00
4.000e-02 7.247e-02 1.491e-01 5.427e-01 0.000e+00
4.368e-02 6.262e-02 1.493e-01 4.121e-01 0.000e+00
4.822e-02 5.300e-02 1.492e-01 3.021e-01 0.000e+00
5.000e-02 4.983e-02 1.490e-01 2.695e-01 0.000e+00
5.323e-02 4.474e-02 1.486e-01 2.213e-01 0.000e+00
5.876e-02 3.767e-02 1.478e-01 1.619e-01 0.000e+00
6.000e-02 3.631e-02 1.476e-01 1.515e-01 0.000e+00
6.486e-02 3.163e-02 1.466e-01 1.184e-01 0.000e+00
7.161e-02 2.648e-02 1.451e-01 8.650e-02 0.000e+00
7.905e-02 2.212e-02 1.434e-01 6.319e-02 0.000e+00
8.000e-02 2.164e-02 1.431e-01 6.084e-02 0.000e+00
8.726e-02 1.845e-02 1.413e-01 4.614e-02 0.000e+00
9.633e-02 1.536e-02 1.390e-01 3.368e-02 0.000e+00
1.000e-01 1.433e-02 1.381e-01 2.990e-02 0.000e+00
1.063e-01 1.278e-02 1.364e-01 2.461e-02 0.000e+00
1.174e-01 1.060e-02 1.337e-01 1.794e-02 0.000e+00
1.296e-01 8.794e-03 1.307e-01 1.310e-02 0.000e+00
1.431e-01 7.283e-03 1.276e-01 9.570e-03 0.000e+00
1.500e-01 6.656e-03 1.261e-01 8.245e-03 0.000e+00
1.579e-01 6.033e-03 1.244e-01 7.011e-03 0.000e+00
1.743e-01 4.988e-03 1.210e-01 5.136e-03 0.000e+00
1.925e-01 4.117e-03 1.176e-01 3.763e-03 0.000e+00
2.000e-01 3.823e-03 1.162e-01 3.340e-03 0.000e+00
2.125e-01 3.398e-03 1.141e-01 2.767e-03 0.000e+00
2.345e-01 2.804e-03 1.105e-01 2.042e-03 0.000e+00
2.589e-01 2.310e-03 1.069e-01 1.509e-03 0.000e+00
2.858e-01 1.902e-03 1.033e-01 1.121e-03 0.000e+00
3.000e-01 1.729e-03 1.016e-01 9.697e-04 0.000e+00
3.155e-01 1.566e-03 9.974e-02 8.354e-04 0.000e+00
3.483e-01 1.288e-03 9.616e-02 6.259e-04 0.000e+00
3.845e-01 1.059e-03 9.261e-02 4.714e-04 0.000e+00
4.000e-01 9.794e-04 9.120e-02 4.216e-04 0.000e+00
4.245e-01 8.705e-04 8.909e-02 3.571e-04 0.000e+00
4.686e-01 7.154e-04 8.562e-02 2.725e-04 0.000e+00
5.000e-01 6.289e-04 8.337e-02 2.292e-04 0.000e+00
5.173e-01 5.878e-04 8.220e-02 2.097e-04 0.000e+00
5.710e-01 4.829e-04 7.884e-02 1.627e-04 0.000e+00
6.000e-01 4.375e-04 7.717e-02 1.435e-04 0.000e+00
6.304e-01 3.965e-04 7.553e-02 1.267e-04 0.000e+00
6.959e-01 3.256e-04 7.230e-02 9.942e-05 0.000e+00
7.682e-01 2.674e-04 6.913e-02 7.926e-05 0.000e+00
8.000e-01 2.466e-04 6.784e-02 7.271e-05 0.000e+00
8.480e-01 2.196e-04 6.602e-02 6.468e-05 0.000e+00
9.361e-01 1.802e-04 6.300e-02 5.287e-05 0.000e+00
1.000e+00 1.579e-04 6.102e-02 4.523e-05 0.000e+00
1.022e+00 1.512e-04 6.038e-02 4.274e-05 0.000e+00
1.033e+00 1.480e-04 6.006e-02 4.161e-05 6.654e-09
1.141e+00 1.213e-04 5.717e-02 3.385e-05 6.174e-06
1.250e+00 1.012e-04 5.458e-02 2.895e-05 3.278e-05
1.259e+00 9.972e-05 5.438e-02 2.860e-05 3.603e-05
1.390e+00 8.182e-05 5.165e-02 2.400e-05 1.005e-04
1.500e+00 7.026e-05 4.961e-02 2.094e-05 1.770e-04
1.535e+00 6.710e-05 4.900e-02 2.011e-05 2.050e-04
1.694e+00 5.510e-05 4.643e-02 1.702e-05 3.512e-04
1.870e+00 4.522e-05 4.395e-02 1.449e-05 5.413e-04
2.000e+00 3.953e-05 4.233e-02 1.302e-05 6.952e-04
2.044e+00 3.785e-05 4.182e-02 1.259e-05 7.491e-04
2.065e+00 3.709e-05 4.158e-02 1.239e-05 7.751e-04
2.279e+00 3.045e-05 3.930e-02 1.065e-05 1.046e-03
2.516e+00 2.498e-05 3.707e-02 9.198e-06 1.353e-03
2.778e+00 2.049e-05 3.492e-02 7.979e-06 1.694e-03
3.000e+00 1.757e-05 3.331e-02 7.163e-06 1.982e-03
3.066e+00 1.682e-05 3.286e-02 6.951e-06 2.067e-03
3.385e+00 1.380e-05 3.090e-02 6.072e-06 2.474e-03
3.737e+00 1.133e-05 2.902e-02 5.321e-06 2.912e-03
4.000e+00 9.888e-06 2.779e-02 4.867e-06 3.228e-03
4.125e+00 9.298e-06 2.724e-02 4.677e-06 3.375e-03
4.554e+00 7.629e-06 2.553e-02 4.122e-06 3.866e-03
5.000e+00 6.328e-06 2.400e-02 3.666e-06 4.352e-03
5.027e+00 6.261e-06 2.391e-02 3.642e-06 4.380e-03
5.549e+00 5.138e-06 2.237e-02 3.224e-06 4.922e-03
6.000e+00 4.395e-06 2.121e-02 2.932e-06 5.365e-03
6.126e+00 4.216e-06 2.091e-02 2.860e-06 5.485e-03
6.762e+00 3.460e-06 1.953e-02 2.543e-06 6.066e-03
7.000e+00 3.229e-06 1.907e-02 2.441e-06 6.274e-03
7.465e+00 2.839e-06 1.822e-02 2.264e-06 6.666e-03
8.000e+00 2.472e-06 1.735e-02 2.089e-06 7.094e-03
8.241e+00 2.329e-06 1.699e-02 2.018e-06 7.280e-03
9.000e+00 1.953e-06 1.595e-02 1.824e-06 7.841e-03
9.097e+00 1.912e-06 1.583e-02 1.802e-06 7.909e-03
1.000e+01 1.582e-06 1.478e-02 1.619e-06 8.520e-03
1.004e+01 1.569e-06 1.473e-02 1.612e-06 8.545e-03
1.100e+01 1.307e-06 1.378e-02 1.455e-06 9.139e-03
1.109e+01 1.286e-06 1.370e-02 1.442e-06 9.192e-03
1.200e+01 1.099e-06 1.293e-02 1.320e-06 9.708e-03
1.224e+01 1.056e-06 1.274e-02 1.292e-06 9.837e-03
1.300e+01 9.362e-07 1.218e-02 1.209e-06 1.023e-02
1.351e+01 8.669e-07 1.183e-02 1.159e-06 1.049e-02
1.400e+01 8.073e-07 1.152e-02 1.115e-06 1.073e-02
1.491e+01 7.117e-07 1.099e-02 1.041e-06 1.115e-02
1.500e+01 7.032e-07 1.094e-02 1.034e-06 1.119e-02
1.600e+01 6.180e-07 1.042e-02 9.640e-07 1.162e-02
1.646e+01 5.840e-07 1.019e-02 9.349e-07 1.181e-02
1.800e+01 4.883e-07 9.519e-03 8.491e-07 1.241e-02
1.818e+01 4.787e-07 9.447e-03 8.401e-07 1.248e-02
2.000e+01 3.956e-07 8.778e-03 7.586e-07 1.312e-02
