# FREON-13B1 from NIST Database
1.500e+00 0.000e+00 0.000e+00 0.000e+00 0.000e+00
6.000e+00 6.716e-03 3.500e+00 0.000e+00 0.000e+00
9.000e+00 2.015e-02 3.500e+00 0.000e+00 0.000e+00
3.500e+01 6.715e-03 3.500e+00 0.000e+00 0.000e+00
0.000e+00 0.000e+00 0.000e+00 0.000e+00 0.000e+00
1.000e-03 3.837e+00 6.256e-03 3.745e+03 0.000e+00
1.020e-03 3.828e+00 6.480e-03 3.564e+03 0.000e+00
1.126e-03 3.783e+00 7.719e-03 2.783e+03 0.000e+00
1.243e-03 3.734e+00 9.178e-03 2.171e+03 0.000e+00
1.372e-03 3.677e+00 1.087e-02 1.692e+03 0.000e+00
1.500e-03 3.617e+00 1.261e-02 1.348e+03 0.000e+00
1.515e-03 3.610e+00 1.282e-02 1.314e+03 0.000e+00
1.550e-03 3.593e+00 1.331e-02 1.239e+03 0.000e+00
1.550e-03 3.593e+00 1.331e-02 3.056e+03 0.000e+00
1.573e-03 3.581e+00 1.363e-02 2.825e+03 0.000e+00
1.596e-03 3.570e+00 1.396e-02 2.613e+03 0.000e+00
1.596e-03 3.570e+00 1.396e-02 3.423e+03 0.000e+00
1.672e-03 3.532e+00 1.503e-02 3.066e+03 0.000e+00
1.782e-03 3.478e+00 1.661e-02 2.637e+03 0.000e+00
1.782e-03 3.478e+00 1.661e-02 2.918e+03 0.000e+00
1.846e-03 3.446e+00 1.754e-02 2.675e+03 0.000e+00
2.000e-03 3.366e+00 1.979e-02 2.196e+03 0.000e+00
2.038e-03 3.347e+00 2.035e-02 2.092e+03 0.000e+00
2.250e-03 3.237e+00 2.348e-02 1.623e+03 0.000e+00
2.483e-03 3.120e+00 2.691e-02 1.261e+03 0.000e+00
2.741e-03 2.993e+00 3.067e-02 9.779e+02 0.000e+00
3.000e-03 2.871e+00 3.436e-02 7.753e+02 0.000e+00
3.026e-03 2.859e+00 3.473e-02 7.577e+02 0.000e+00
3.341e-03 2.718e+00 3.908e-02 5.823e+02 0.000e+00
3.688e-03 2.573e+00 4.367e-02 4.477e+02 0.000e+00
4.000e-03 2.452e+00 4.760e-02 3.606e+02 0.000e+00
4.071e-03 2.425e+00 4.846e-02 3.438e+02 0.000e+00
4.494e-03 2.276e+00 5.340e-02 2.629e+02 0.000e+00
4.961e-03 2.126e+00 5.844e-02 2.009e+02 0.000e+00
5.000e-03 2.114e+00 5.885e-02 1.967e+02 0.000e+00
5.477e-03 1.977e+00 6.354e-02 1.531e+02 0.000e+00
6.000e-03 1.840e+00 6.823e-02 1.191e+02 0.000e+00
6.046e-03 1.829e+00 6.862e-02 1.166e+02 0.000e+00
6.675e-03 1.683e+00 7.367e-02 8.850e+01 0.000e+00
7.368e-03 1.539e+00 7.864e-02 6.721e+01 0.000e+00
8.000e-03 1.422e+00 8.269e-02 5.343e+01 0.000e+00
8.134e-03 1.399e+00 8.350e-02 5.098e+01 0.000e+00
8.979e-03 1.263e+00 8.825e-02 3.858e+01 0.000e+00
9.912e-03 1.132e+00 9.287e-02 2.919e+01 0.000e+00
1.000e-02 1.121e+00 9.328e-02 2.847e+01 0.000e+00
1.094e-02 1.008e+00 9.737e-02 2.205e+01 0.000e+00
1.208e-02 8.919e-01 1.017e-01 1.662e+01 0.000e+00
1.334e-02 7.866e-01 1.059e-01 1.253e+01 0.000e+00
1.347e-02 7.767e-01 1.064e-01 1.218e+01 0.000e+00
1.347e-02 7.767e-01 1.064e-01 7.941e+01 0.000e+00
1.472e-02 6.932e-01 1.099e-01 6.326e+01 0.000e+00
1.500e-02 6.764e-01 1.107e-01 6.025e+01 0.000e+00
1.625e-02 6.088e-01 1.137e-01 4.890e+01 0.000e+00
1.794e-02 5.330e-01 1.174e-01 3.765e+01 0.000e+00
1.980e-02 4.659e-01 1.208e-01 2.892e+01 0.000e+00
2.000e-02 4.595e-01 1.211e-01 2.814e+01 0.000e+00
2.186e-02 4.065e-01 1.239e-01 2.212e+01 0.000e+00
2.413e-02 3.541e-01 1.267e-01 1.688e+01 0.000e+00
2.664e-02 3.074e-01 1.292e-01 1.284e+01 0.000e+00
2.941e-02 2.659e-01 1.314e-01 9.740e+00 0.000e+00
3.000e-02 2.582e-01 1.318e-01 9.211e+00 0.000e+00
3.247e-02 2.289e-01 1.332e-01 7.366e+00 0.000e+00
3.584e-02 1.962e-01 1.347e-01 5.563e+00 0.000e+00
3.957e-02 1.673e-01 1.357e-01 4.192e+00 0.000e+00
4.000e-02 1.644e-01 1.358e-01 4.064e+00 0.000e+00
4.368e-02 1.422e-01 1.365e-01 3.158e+00 0.000e+00
4.822e-02 1.205e-01 1.368e-01 2.374e+00 0.000e+00
5.000e-02 1.134e-01 1.368e-01 2.138e+00 0.000e+00
5.323e-02 1.020e-01 1.367e-01 1.781e+00 0.000e+00
5.876e-02 8.615e-02 1.363e-01 1.333e+00 0.000e+00
6.000e-02 8.313e-02 1.361e-01 1.254e+00 0.000e+00
6.486e-02 7.272e-02 1.355e-01 9.967e-01 0.000e+00
7.161e-02 6.128e-02 1.345e-01 7.438e-01 0.000e+00
7.905e-02 5.160e-02 1.331e-01 5.546e-01 0.000e+00
8.000e-02 5.053e-02 1.329e-01 5.352e-01 0.000e+00
8.726e-02 4.339e-02 1.314e-01 4.131e-01 0.000e+00
9.633e-02 3.644e-02 1.295e-01 3.073e-01 0.000e+00
1.000e-01 3.409e-02 1.287e-01 2.748e-01 0.000e+00
1.063e-01 3.056e-02 1.274e-01 2.288e-01 0.000e+00
1.174e-01 2.554e-02 1.250e-01 1.698e-01 0.000e+00
1.296e-01 2.132e-02 1.225e-01 1.262e-01 0.000e+00
1.431e-01 1.776e-02 1.198e-01 9.372e-02 0.000e+00
1.500e-01 1.628e-02 1.185e-01 8.137e-02 0.000e+00
1.579e-01 1.479e-02 1.170e-01 6.977e-02 0.000e+00
1.743e-01 1.229e-02 1.140e-01 5.191e-02 0.000e+00
1.925e-01 1.018e-02 1.109e-01 3.860e-02 0.000e+00
2.000e-01 9.471e-03 1.096e-01 3.446e-02 0.000e+00
2.125e-01 8.439e-03 1.077e-01 2.879e-02 0.000e+00
2.345e-01 6.990e-03 1.044e-01 2.154e-02 0.000e+00
2.589e-01 5.780e-03 1.011e-01 1.613e-02 0.000e+00
2.858e-01 4.777e-03 9.782e-02 1.212e-02 0.000e+00
3.000e-01 4.349e-03 9.619e-02 1.055e-02 0.000e+00
3.155e-01 3.944e-03 9.449e-02 9.141e-03 0.000e+00
3.483e-01 3.255e-03 9.117e-02 6.921e-03 0.000e+00
3.845e-01 2.684e-03 8.785e-02 5.265e-03 0.000e+00
4.000e-01 2.485e-03 8.653e-02 4.727e-03 0.000e+00
4.245e-01 2.212e-03 8.455e-02 4.025e-03 0.000e+00
4.686e-01 1.822e-03 8.128e-02 3.097e-03 0.000e+00
5.000e-01 1.604e-03 7.916e-02 2.618e-03 0.000e+00
5.173e-01 1.500e-03 7.806e-02 2.400e-03 0.000e+00
5.710e-01 1.235e-03 7.490e-02 1.873e-03 0.000e+00
6.000e-01 1.120e-03 7.333e-02 1.657e-03 0.000e+00
6.304e-01 1.015e-03 7.178e-02 1.469e-03 0.000e+00
6.959e-01 8.348e-04 6.872e-02 1.160e-03 0.000e+00
7.682e-01 6.863e-04 6.572e-02 9.263e-04 0.000e+00
8.000e-01 6.332e-04 6.451e-02 8.484e-04 0.000e+00
8.480e-01 5.641e-04 6.278e-02 7.512e-04 0.000e+00
9.361e-01 4.635e-04 5.992e-02 6.115e-04 0.000e+00
1.000e+00 4.065e-04 5.804e-02 5.282e-04 0.000e+00
1.022e+00 3.892e-04 5.743e-02 5.022e-04 0.000e+00
1.033e+00 3.810e-04 5.713e-02 4.901e-04 1.448e-08
1.141e+00 3.126e-04 5.438e-02 4.004e-04 1.257e-05
1.250e+00 2.606e-04 5.192e-02 3.392e-04 6.321e-05
1.259e+00 2.569e-04 5.173e-02 3.348e-04 6.919e-05
1.390e+00 2.109e-04 4.914e-02 2.798e-04 1.841e-04
1.500e+00 1.812e-04 4.720e-02 2.439e-04 3.153e-04
1.535e+00 1.730e-04 4.662e-02 2.341e-04 3.627e-04
1.694e+00 1.421e-04 4.419e-02 1.972e-04 6.072e-04
1.870e+00 1.166e-04 4.184e-02 1.670e-04 9.202e-04
2.000e+00 1.020e-04 4.029e-02 1.496e-04 1.169e-03
2.044e+00 9.765e-05 3.980e-02 1.444e-04 1.256e-03
2.065e+00 9.568e-05 3.957e-02 1.421e-04 1.297e-03
2.279e+00 7.857e-05 3.739e-02 1.216e-04 1.728e-03
2.516e+00 6.448e-05 3.527e-02 1.044e-04 2.215e-03
2.778e+00 5.290e-05 3.323e-02 9.000e-05 2.753e-03
3.000e+00 4.536e-05 3.171e-02 8.043e-05 3.202e-03
3.066e+00 4.343e-05 3.128e-02 7.795e-05 3.335e-03
3.385e+00 3.564e-05 2.941e-02 6.774e-05 3.961e-03
3.737e+00 2.924e-05 2.763e-02 5.908e-05 4.629e-03
4.000e+00 2.552e-05 2.645e-02 5.386e-05 5.109e-03
4.125e+00 2.400e-05 2.593e-02 5.167e-05 5.331e-03
4.554e+00 1.969e-05 2.431e-02 4.531e-05 6.071e-03
5.000e+00 1.634e-05 2.284e-02 4.012e-05 6.801e-03
5.027e+00 1.616e-05 2.276e-02 3.984e-05 6.843e-03
5.549e+00 1.327e-05 2.129e-02 3.512e-05 7.647e-03
6.000e+00 1.135e-05 2.019e-02 3.184e-05 8.301e-03
6.126e+00 1.088e-05 1.990e-02 3.103e-05 8.480e-03
6.762e+00 8.933e-06 1.859e-02 2.747e-05 9.339e-03
7.000e+00 8.336e-06 1.815e-02 2.634e-05 9.647e-03
7.465e+00 7.329e-06 1.735e-02 2.437e-05 1.023e-02
8.000e+00 6.381e-06 1.652e-02 2.243e-05 1.086e-02
8.241e+00 6.014e-06 1.617e-02 2.165e-05 1.113e-02
9.000e+00 5.044e-06 1.518e-02 1.951e-05 1.196e-02
9.097e+00 4.937e-06 1.506e-02 1.927e-05 1.206e-02
1.000e+01 4.085e-06 1.407e-02 1.726e-05 1.297e-02
1.004e+01 4.052e-06 1.403e-02 1.718e-05 1.300e-02
1.100e+01 3.376e-06 1.312e-02 1.547e-05 1.389e-02
1.109e+01 3.321e-06 1.304e-02 1.532e-05 1.396e-02
1.200e+01 2.837e-06 1.230e-02 1.401e-05 1.473e-02
1.224e+01 2.727e-06 1.212e-02 1.370e-05 1.493e-02
1.300e+01 2.417e-06 1.159e-02 1.280e-05 1.551e-02
1.351e+01 2.238e-06 1.126e-02 1.226e-05 1.588e-02
1.400e+01 2.084e-06 1.097e-02 1.178e-05 1.623e-02
1.491e+01 1.838e-06 1.046e-02 1.098e-05 1.685e-02
1.500e+01 1.816e-06 1.041e-02 1.091e-05 1.690e-02
1.600e+01 1.596e-06 9.915e-03 1.016e-05 1.753e-02
1.646e+01 1.508e-06 9.703e-03 9.845e-06 1.782e-02
1.800e+01 1.261e-06 9.061e-03 8.926e-06 1.869e-02
1.818e+01 1.236e-06 8.992e-03 8.830e-06 1.880e-02
2.000e+01 1.021e-06 8.358e-03 7.962e-06 1.973e-02
