# FREON-13I1 from NIST Database
1.800e+00 0.000e+00 0.000e+00 0.000e+00 0.000e+00
6.000e+00 5.105e-03 3.500e+00 0.000e+00 0.000e+00
9.000e+00 1.531e-02 3.500e+00 0.000e+00 0.000e+00
5.300e+01 5.105e-03 3.500e+00 0.000e+00 0.000e+00
0.000e+00 0.000e+00 0.000e+00 0.000e+00 0.000e+00
1.000e-03 5.991e+00 5.682e-03 7.665e+03 0.000e+00
1.020e-03 5.978e+00 5.883e-03 7.338e+03 0.000e+00
1.072e-03 5.945e+00 6.419e-03 6.577e+03 0.000e+00
1.072e-03 5.945e+00 6.419e-03 6.796e+03 0.000e+00
1.126e-03 5.911e+00 6.990e-03 6.075e+03 0.000e+00
1.243e-03 5.835e+00 8.278e-03 4.847e+03 0.000e+00
1.372e-03 5.747e+00 9.761e-03 3.867e+03 0.000e+00
1.500e-03 5.656e+00 1.128e-02 3.152e+03 0.000e+00
1.515e-03 5.646e+00 1.147e-02 3.077e+03 0.000e+00
1.672e-03 5.530e+00 1.339e-02 2.424e+03 0.000e+00
1.846e-03 5.399e+00 1.556e-02 1.907e+03 0.000e+00
2.000e-03 5.282e+00 1.751e-02 1.570e+03 0.000e+00
2.038e-03 5.253e+00 1.799e-02 1.497e+03 0.000e+00
2.250e-03 5.094e+00 2.068e-02 1.167e+03 0.000e+00
2.483e-03 4.922e+00 2.364e-02 9.110e+02 0.000e+00
2.741e-03 4.737e+00 2.686e-02 7.102e+02 0.000e+00
3.000e-03 4.559e+00 3.004e-02 5.656e+02 0.000e+00
3.026e-03 4.541e+00 3.035e-02 5.531e+02 0.000e+00
3.341e-03 4.335e+00 3.407e-02 4.281e+02 0.000e+00
3.688e-03 4.121e+00 3.799e-02 3.314e+02 0.000e+00
4.000e-03 3.941e+00 4.133e-02 2.686e+02 0.000e+00
4.071e-03 3.902e+00 4.207e-02 2.564e+02 0.000e+00
4.494e-03 3.680e+00 4.627e-02 1.978e+02 0.000e+00
4.557e-03 3.648e+00 4.687e-02 1.906e+02 0.000e+00
4.557e-03 3.648e+00 4.687e-02 5.119e+02 0.000e+00
4.702e-03 3.577e+00 4.823e-02 4.790e+02 0.000e+00
4.852e-03 3.506e+00 4.960e-02 4.484e+02 0.000e+00
4.852e-03 3.506e+00 4.960e-02 5.972e+02 0.000e+00
4.961e-03 3.455e+00 5.057e-02 5.715e+02 0.000e+00
5.000e-03 3.436e+00 5.092e-02 5.627e+02 0.000e+00
5.188e-03 3.350e+00 5.255e-02 5.111e+02 0.000e+00
5.188e-03 3.350e+00 5.255e-02 5.871e+02 0.000e+00
5.477e-03 3.224e+00 5.494e-02 5.129e+02 0.000e+00
6.000e-03 3.014e+00 5.899e-02 4.086e+02 0.000e+00
6.046e-03 2.996e+00 5.932e-02 4.005e+02 0.000e+00
6.675e-03 2.769e+00 6.371e-02 3.087e+02 0.000e+00
7.368e-03 2.546e+00 6.806e-02 2.381e+02 0.000e+00
8.000e-03 2.366e+00 7.167e-02 1.917e+02 0.000e+00
8.134e-03 2.330e+00 7.240e-02 1.834e+02 0.000e+00
8.979e-03 2.123e+00 7.669e-02 1.410e+02 0.000e+00
9.912e-03 1.928e+00 8.094e-02 1.084e+02 0.000e+00
1.000e-02 1.912e+00 8.131e-02 1.059e+02 0.000e+00
1.094e-02 1.747e+00 8.509e-02 8.290e+01 0.000e+00
1.208e-02 1.579e+00 8.917e-02 6.331e+01 0.000e+00
1.334e-02 1.422e+00 9.312e-02 4.833e+01 0.000e+00
1.472e-02 1.277e+00 9.690e-02 3.698e+01 0.000e+00
1.500e-02 1.250e+00 9.761e-02 3.513e+01 0.000e+00
1.625e-02 1.142e+00 1.005e-01 2.814e+01 0.000e+00
1.794e-02 1.016e+00 1.040e-01 2.140e+01 0.000e+00
1.980e-02 8.987e-01 1.072e-01 1.628e+01 0.000e+00
2.000e-02 8.872e-01 1.075e-01 1.584e+01 0.000e+00
2.186e-02 7.890e-01 1.102e-01 1.234e+01 0.000e+00
2.413e-02 6.886e-01 1.130e-01 9.347e+00 0.000e+00
2.664e-02 5.979e-01 1.155e-01 7.079e+00 0.000e+00
2.941e-02 5.176e-01 1.178e-01 5.362e+00 0.000e+00
3.000e-02 5.027e-01 1.182e-01 5.071e+00 0.000e+00
3.247e-02 4.472e-01 1.198e-01 4.052e+00 0.000e+00
3.317e-02 4.333e-01 1.202e-01 3.815e+00 0.000e+00
3.317e-02 4.333e-01 1.202e-01 2.278e+01 0.000e+00
3.584e-02 3.859e-01 1.215e-01 1.861e+01 0.000e+00
3.957e-02 3.323e-01 1.228e-01 1.436e+01 0.000e+00
4.000e-02 3.269e-01 1.230e-01 1.396e+01 0.000e+00
4.368e-02 2.859e-01 1.239e-01 1.106e+01 0.000e+00
4.822e-02 2.453e-01 1.247e-01 8.493e+00 0.000e+00
5.000e-02 2.318e-01 1.248e-01 7.702e+00 0.000e+00
5.323e-02 2.099e-01 1.251e-01 6.497e+00 0.000e+00
5.876e-02 1.788e-01 1.252e-01 4.954e+00 0.000e+00
6.000e-02 1.728e-01 1.251e-01 4.677e+00 0.000e+00
6.486e-02 1.518e-01 1.249e-01 3.771e+00 0.000e+00
7.161e-02 1.284e-01 1.244e-01 2.865e+00 0.000e+00
7.905e-02 1.083e-01 1.235e-01 2.173e+00 0.000e+00
8.000e-02 1.061e-01 1.234e-01 2.102e+00 0.000e+00
8.726e-02 9.121e-02 1.224e-01 1.646e+00 0.000e+00
9.633e-02 7.669e-02 1.210e-01 1.244e+00 0.000e+00
1.000e-01 7.180e-02 1.204e-01 1.119e+00 0.000e+00
1.063e-01 6.446e-02 1.193e-01 9.403e-01 0.000e+00
1.174e-01 5.406e-02 1.174e-01 7.083e-01 0.000e+00
1.296e-01 4.532e-02 1.153e-01 5.340e-01 0.000e+00
1.431e-01 3.794e-02 1.129e-01 4.021e-01 0.000e+00
1.500e-01 3.485e-02 1.117e-01 3.514e-01 0.000e+00
1.579e-01 3.176e-02 1.104e-01 3.034e-01 0.000e+00
1.743e-01 2.652e-02 1.078e-01 2.287e-01 0.000e+00
1.925e-01 2.209e-02 1.050e-01 1.723e-01 0.000e+00
2.000e-01 2.059e-02 1.039e-01 1.545e-01 0.000e+00
2.125e-01 1.839e-02 1.021e-01 1.301e-01 0.000e+00
2.345e-01 1.530e-02 9.920e-02 9.848e-02 0.000e+00
2.589e-01 1.269e-02 9.620e-02 7.461e-02 0.000e+00
2.858e-01 1.052e-02 9.315e-02 5.669e-02 0.000e+00
3.000e-01 9.594e-03 9.165e-02 4.959e-02 0.000e+00
3.155e-01 8.714e-03 9.008e-02 4.320e-02 0.000e+00
3.483e-01 7.210e-03 8.699e-02 3.304e-02 0.000e+00
3.845e-01 5.960e-03 8.391e-02 2.537e-02 0.000e+00
4.000e-01 5.522e-03 8.268e-02 2.285e-02 0.000e+00
4.245e-01 4.922e-03 8.083e-02 1.956e-02 0.000e+00
4.686e-01 4.063e-03 7.778e-02 1.517e-02 0.000e+00
5.000e-01 3.581e-03 7.579e-02 1.289e-02 0.000e+00
5.173e-01 3.352e-03 7.475e-02 1.184e-02 0.000e+00
5.710e-01 2.764e-03 7.176e-02 9.302e-03 0.000e+00
6.000e-01 2.509e-03 7.028e-02 8.256e-03 0.000e+00
6.304e-01 2.278e-03 6.881e-02 7.338e-03 0.000e+00
6.959e-01 1.876e-03 6.590e-02 5.823e-03 0.000e+00
7.682e-01 1.544e-03 6.305e-02 4.665e-03 0.000e+00
8.000e-01 1.426e-03 6.189e-02 4.276e-03 0.000e+00
8.480e-01 1.271e-03 6.026e-02 3.787e-03 0.000e+00
9.361e-01 1.045e-03 5.752e-02 3.085e-03 0.000e+00
1.000e+00 9.172e-04 5.571e-02 2.671e-03 0.000e+00
1.022e+00 8.787e-04 5.512e-02 2.542e-03 0.000e+00
1.033e+00 8.604e-04 5.483e-02 2.483e-03 3.190e-08
1.141e+00 7.065e-04 5.220e-02 2.029e-03 2.658e-05
1.250e+00 5.892e-04 4.986e-02 1.714e-03 1.289e-04
1.259e+00 5.809e-04 4.968e-02 1.692e-03 1.407e-04
1.390e+00 4.770e-04 4.720e-02 1.410e-03 3.611e-04
1.500e+00 4.100e-04 4.534e-02 1.227e-03 6.025e-04
1.535e+00 3.916e-04 4.478e-02 1.177e-03 6.878e-04
1.694e+00 3.218e-04 4.245e-02 9.896e-04 1.115e-03
1.870e+00 2.643e-04 4.019e-02 8.358e-04 1.644e-03
2.000e+00 2.312e-04 3.871e-02 7.469e-04 2.055e-03
2.044e+00 2.214e-04 3.824e-02 7.204e-04 2.197e-03
2.065e+00 2.169e-04 3.801e-02 7.084e-04 2.265e-03
2.279e+00 1.782e-04 3.592e-02 6.039e-04 2.959e-03
2.516e+00 1.462e-04 3.389e-02 5.170e-04 3.725e-03
2.778e+00 1.200e-04 3.194e-02 4.444e-04 4.557e-03
3.000e+00 1.029e-04 3.047e-02 3.962e-04 5.244e-03
3.066e+00 9.853e-05 3.007e-02 3.837e-04 5.444e-03
3.385e+00 8.086e-05 2.827e-02 3.322e-04 6.391e-03
3.737e+00 6.637e-05 2.655e-02 2.885e-04 7.389e-03
4.000e+00 5.794e-05 2.542e-02 2.623e-04 8.103e-03
4.125e+00 5.448e-05 2.492e-02 2.514e-04 8.434e-03
4.554e+00 4.470e-05 2.336e-02 2.197e-04 9.526e-03
5.000e+00 3.708e-05 2.196e-02 1.940e-04 1.059e-02
5.027e+00 3.668e-05 2.188e-02 1.926e-04 1.066e-02
5.549e+00 3.011e-05 2.047e-02 1.692e-04 1.181e-02
6.000e+00 2.576e-05 1.941e-02 1.531e-04 1.275e-02
6.126e+00 2.471e-05 1.913e-02 1.491e-04 1.301e-02
6.762e+00 2.028e-05 1.787e-02 1.316e-04 1.424e-02
7.000e+00 1.892e-05 1.744e-02 1.260e-04 1.468e-02
7.465e+00 1.664e-05 1.667e-02 1.164e-04 1.551e-02
8.000e+00 1.449e-05 1.588e-02 1.069e-04 1.641e-02
8.241e+00 1.365e-05 1.555e-02 1.032e-04 1.681e-02
9.000e+00 1.145e-05 1.459e-02 9.276e-05 1.800e-02
9.097e+00 1.121e-05 1.448e-02 9.158e-05 1.814e-02
1.000e+01 9.274e-06 1.352e-02 8.184e-05 1.945e-02
1.004e+01 9.200e-06 1.348e-02 8.145e-05 1.950e-02
1.100e+01 7.665e-06 1.261e-02 7.319e-05 2.078e-02
1.109e+01 7.541e-06 1.254e-02 7.250e-05 2.090e-02
1.200e+01 6.440e-06 1.183e-02 6.618e-05 2.201e-02
1.224e+01 6.190e-06 1.165e-02 6.469e-05 2.230e-02
1.300e+01 5.487e-06 1.114e-02 6.036e-05 2.316e-02
1.351e+01 5.082e-06 1.083e-02 5.777e-05 2.371e-02
1.400e+01 4.733e-06 1.054e-02 5.547e-05 2.422e-02
1.491e+01 4.171e-06 1.006e-02 5.167e-05 2.512e-02
1.500e+01 4.121e-06 1.001e-02 5.132e-05 2.520e-02
1.600e+01 3.623e-06 9.532e-03 4.775e-05 2.612e-02
1.646e+01 3.423e-06 9.327e-03 4.626e-05 2.651e-02
1.800e+01 2.863e-06 8.710e-03 4.187e-05 2.778e-02
1.818e+01 2.806e-06 8.644e-03 4.141e-05 2.793e-02
2.000e+01 2.319e-06 8.032e-03 3.729e-05 2.928e-02
