# GADOLINIUM OXYSULFIDE from NIST Database
7.440e+00 0.000e+00 0.000e+00 0.000e+00 0.000e+00
8.000e+00 5.283e-03 3.500e+00 0.000e+00 0.000e+00
1.600e+01 2.641e-03 3.500e+00 0.000e+00 0.000e+00
6.400e+01 5.283e-03 3.500e+00 0.000e+00 0.000e+00
0.000e+00 0.000e+00 0.000e+00 0.000e+00 0.000e+00
1.000e-03 8.582e+00 6.250e-03 2.489e+03 0.000e+00
1.020e-03 8.564e+00 6.429e-03 2.389e+03 0.000e+00
1.126e-03 8.472e+00 7.401e-03 1.951e+03 0.000e+00
1.185e-03 8.418e+00 7.951e-03 1.757e+03 0.000e+00
1.185e-03 8.418e+00 7.951e-03 1.902e+03 0.000e+00
1.201e-03 8.403e+00 8.098e-03 2.615e+03 0.000e+00
1.217e-03 8.387e+00 8.248e-03 3.664e+03 0.000e+00
1.217e-03 8.387e+00 8.248e-03 4.345e+03 0.000e+00
1.243e-03 8.363e+00 8.486e-03 4.344e+03 0.000e+00
1.372e-03 8.249e+00 9.670e-03 4.355e+03 0.000e+00
1.500e-03 8.134e+00 1.086e-02 4.382e+03 0.000e+00
1.515e-03 8.121e+00 1.100e-02 4.277e+03 0.000e+00
1.544e-03 8.093e+00 1.127e-02 4.083e+03 0.000e+00
1.544e-03 8.093e+00 1.127e-02 4.691e+03 0.000e+00
1.672e-03 7.972e+00 1.247e-02 3.898e+03 0.000e+00
1.688e-03 7.957e+00 1.262e-02 3.811e+03 0.000e+00
1.688e-03 7.957e+00 1.262e-02 4.037e+03 0.000e+00
1.846e-03 7.813e+00 1.407e-02 3.303e+03 0.000e+00
1.881e-03 7.781e+00 1.439e-02 3.167e+03 0.000e+00
1.881e-03 7.781e+00 1.439e-02 3.302e+03 0.000e+00
2.000e-03 7.668e+00 1.550e-02 2.875e+03 0.000e+00
2.038e-03 7.632e+00 1.586e-02 2.749e+03 0.000e+00
2.250e-03 7.435e+00 1.782e-02 2.172e+03 0.000e+00
2.472e-03 7.233e+00 1.984e-02 1.737e+03 0.000e+00
2.472e-03 7.233e+00 1.984e-02 1.894e+03 0.000e+00
2.483e-03 7.223e+00 1.994e-02 1.874e+03 0.000e+00
2.741e-03 6.994e+00 2.225e-02 1.484e+03 0.000e+00
3.000e-03 6.769e+00 2.452e-02 1.198e+03 0.000e+00
3.026e-03 6.747e+00 2.474e-02 1.173e+03 0.000e+00
3.341e-03 6.479e+00 2.740e-02 9.176e+02 0.000e+00
3.688e-03 6.195e+00 3.022e-02 7.173e+02 0.000e+00
4.000e-03 5.951e+00 3.266e-02 5.857e+02 0.000e+00
4.071e-03 5.897e+00 3.320e-02 5.600e+02 0.000e+00
4.494e-03 5.586e+00 3.631e-02 4.354e+02 0.000e+00
4.961e-03 5.267e+00 3.954e-02 3.385e+02 0.000e+00
5.000e-03 5.242e+00 3.980e-02 3.318e+02 0.000e+00
5.477e-03 4.943e+00 4.287e-02 2.622e+02 0.000e+00
6.000e-03 4.643e+00 4.599e-02 2.071e+02 0.000e+00
6.046e-03 4.618e+00 4.626e-02 2.030e+02 0.000e+00
6.675e-03 4.294e+00 4.968e-02 1.567e+02 0.000e+00
7.243e-03 4.025e+00 5.258e-02 1.265e+02 0.000e+00
7.243e-03 4.025e+00 5.258e-02 3.272e+02 0.000e+00
7.368e-03 3.968e+00 5.320e-02 3.130e+02 0.000e+00
7.930e-03 3.731e+00 5.582e-02 2.588e+02 0.000e+00
7.930e-03 3.731e+00 5.582e-02 3.499e+02 0.000e+00
8.000e-03 3.705e+00 5.612e-02 3.433e+02 0.000e+00
8.134e-03 3.653e+00 5.671e-02 3.293e+02 0.000e+00
8.376e-03 3.560e+00 5.777e-02 3.060e+02 0.000e+00
8.376e-03 3.560e+00 5.777e-02 3.523e+02 0.000e+00
8.979e-03 3.341e+00 6.031e-02 2.957e+02 0.000e+00
9.912e-03 3.041e+00 6.393e-02 2.305e+02 0.000e+00
1.000e-02 3.015e+00 6.425e-02 2.254e+02 0.000e+00
1.094e-02 2.754e+00 6.759e-02 1.777e+02 0.000e+00
1.208e-02 2.482e+00 7.133e-02 1.366e+02 0.000e+00
1.334e-02 2.227e+00 7.512e-02 1.050e+02 0.000e+00
1.472e-02 1.994e+00 7.889e-02 8.093e+01 0.000e+00
1.500e-02 1.952e+00 7.961e-02 7.699e+01 0.000e+00
1.625e-02 1.781e+00 8.267e-02 6.202e+01 0.000e+00
1.794e-02 1.587e+00 8.639e-02 4.747e+01 0.000e+00
1.980e-02 1.410e+00 8.998e-02 3.637e+01 0.000e+00
2.000e-02 1.393e+00 9.034e-02 3.539e+01 0.000e+00
2.186e-02 1.248e+00 9.341e-02 2.772e+01 0.000e+00
2.413e-02 1.099e+00 9.662e-02 2.113e+01 0.000e+00
2.664e-02 9.641e-01 9.961e-02 1.610e+01 0.000e+00
2.941e-02 8.413e-01 1.023e-01 1.227e+01 0.000e+00
3.000e-02 8.180e-01 1.029e-01 1.162e+01 0.000e+00
3.247e-02 7.301e-01 1.048e-01 9.320e+00 0.000e+00
3.584e-02 6.306e-01 1.070e-01 7.078e+00 0.000e+00
3.957e-02 5.417e-01 1.089e-01 5.372e+00 0.000e+00
4.000e-02 5.326e-01 1.091e-01 5.213e+00 0.000e+00
4.368e-02 4.636e-01 1.104e-01 4.071e+00 0.000e+00
4.822e-02 3.979e-01 1.117e-01 3.083e+00 0.000e+00
5.000e-02 3.771e-01 1.121e-01 2.785e+00 0.000e+00
5.024e-02 3.745e-01 1.122e-01 2.747e+00 0.000e+00
5.024e-02 3.745e-01 1.122e-01 1.506e+01 0.000e+00
5.323e-02 3.432e-01 1.128e-01 1.293e+01 0.000e+00
5.876e-02 2.930e-01 1.134e-01 9.952e+00 0.000e+00
6.000e-02 2.833e-01 1.135e-01 9.417e+00 0.000e+00
6.486e-02 2.496e-01 1.137e-01 7.662e+00 0.000e+00
7.161e-02 2.125e-01 1.138e-01 5.889e+00 0.000e+00
7.905e-02 1.804e-01 1.136e-01 4.519e+00 0.000e+00
8.000e-02 1.768e-01 1.135e-01 4.376e+00 0.000e+00
8.726e-02 1.526e-01 1.130e-01 3.458e+00 0.000e+00
9.633e-02 1.285e-01 1.122e-01 2.639e+00 0.000e+00
1.000e-01 1.204e-01 1.118e-01 2.381e+00 0.000e+00
1.063e-01 1.082e-01 1.110e-01 2.013e+00 0.000e+00
1.174e-01 9.076e-02 1.096e-01 1.529e+00 0.000e+00
1.296e-01 7.614e-02 1.079e-01 1.163e+00 0.000e+00
1.431e-01 6.379e-02 1.060e-01 8.828e-01 0.000e+00
1.500e-01 5.863e-02 1.051e-01 7.745e-01 0.000e+00
1.579e-01 5.347e-02 1.039e-01 6.714e-01 0.000e+00
1.743e-01 4.475e-02 1.017e-01 5.101e-01 0.000e+00
1.925e-01 3.737e-02 9.929e-02 3.871e-01 0.000e+00
2.000e-01 3.486e-02 9.833e-02 3.482e-01 0.000e+00
2.125e-01 3.119e-02 9.677e-02 2.944e-01 0.000e+00
2.345e-01 2.601e-02 9.416e-02 2.243e-01 0.000e+00
2.589e-01 2.164e-02 9.145e-02 1.711e-01 0.000e+00
2.858e-01 1.798e-02 8.868e-02 1.308e-01 0.000e+00
3.000e-01 1.641e-02 8.730e-02 1.148e-01 0.000e+00
3.155e-01 1.492e-02 8.586e-02 1.003e-01 0.000e+00
3.483e-01 1.237e-02 8.302e-02 7.719e-02 0.000e+00
3.845e-01 1.024e-02 8.015e-02 5.963e-02 0.000e+00
4.000e-01 9.494e-03 7.901e-02 5.385e-02 0.000e+00
4.245e-01 8.469e-03 7.729e-02 4.626e-02 0.000e+00
4.686e-01 7.000e-03 7.443e-02 3.607e-02 0.000e+00
5.000e-01 6.175e-03 7.257e-02 3.072e-02 0.000e+00
5.173e-01 5.782e-03 7.159e-02 2.827e-02 0.000e+00
5.710e-01 4.775e-03 6.878e-02 2.229e-02 0.000e+00
6.000e-01 4.337e-03 6.737e-02 1.983e-02 0.000e+00
6.304e-01 3.939e-03 6.597e-02 1.767e-02 0.000e+00
6.959e-01 3.248e-03 6.321e-02 1.409e-02 0.000e+00
7.682e-01 2.676e-03 6.051e-02 1.131e-02 0.000e+00
8.000e-01 2.471e-03 5.943e-02 1.036e-02 0.000e+00
8.480e-01 2.204e-03 5.790e-02 9.139e-03 0.000e+00
9.361e-01 1.814e-03 5.531e-02 7.428e-03 0.000e+00
1.000e+00 1.593e-03 5.355e-02 6.486e-03 0.000e+00
1.022e+00 1.526e-03 5.296e-02 6.206e-03 0.000e+00
1.033e+00 1.495e-03 5.267e-02 6.074e-03 5.256e-08
1.141e+00 1.228e-03 5.013e-02 4.987e-03 4.427e-05
1.250e+00 1.025e-03 4.792e-02 4.184e-03 2.160e-04
1.259e+00 1.011e-03 4.775e-02 4.128e-03 2.358e-04
1.390e+00 8.306e-04 4.539e-02 3.433e-03 6.047e-04
1.500e+00 7.140e-04 4.361e-02 2.988e-03 1.003e-03
1.535e+00 6.821e-04 4.308e-02 2.867e-03 1.141e-03
1.694e+00 5.607e-04 4.085e-02 2.408e-03 1.820e-03
1.870e+00 4.606e-04 3.868e-02 2.030e-03 2.628e-03
2.000e+00 4.028e-04 3.724e-02 1.813e-03 3.245e-03
2.044e+00 3.857e-04 3.679e-02 1.749e-03 3.455e-03
2.065e+00 3.780e-04 3.657e-02 1.720e-03 3.556e-03
2.279e+00 3.105e-04 3.455e-02 1.464e-03 4.575e-03
2.516e+00 2.550e-04 3.260e-02 1.252e-03 5.682e-03
2.778e+00 2.093e-04 3.073e-02 1.074e-03 6.866e-03
3.000e+00 1.795e-04 2.932e-02 9.557e-04 7.833e-03
3.066e+00 1.719e-04 2.894e-02 9.251e-04 8.114e-03
3.385e+00 1.411e-04 2.721e-02 7.995e-04 9.433e-03
3.737e+00 1.158e-04 2.556e-02 6.934e-04 1.081e-02
4.000e+00 1.011e-04 2.447e-02 6.299e-04 1.179e-02
4.125e+00 9.506e-05 2.399e-02 6.034e-04 1.225e-02
4.554e+00 7.800e-05 2.249e-02 5.265e-04 1.373e-02
5.000e+00 6.472e-05 2.114e-02 4.640e-04 1.519e-02
5.027e+00 6.402e-05 2.106e-02 4.607e-04 1.527e-02
5.549e+00 5.256e-05 1.970e-02 4.041e-04 1.686e-02
6.000e+00 4.496e-05 1.868e-02 3.650e-04 1.813e-02
6.126e+00 4.313e-05 1.842e-02 3.553e-04 1.847e-02
6.762e+00 3.539e-05 1.720e-02 3.133e-04 2.014e-02
7.000e+00 3.302e-05 1.679e-02 2.999e-04 2.073e-02
7.465e+00 2.904e-05 1.605e-02 2.767e-04 2.185e-02
8.000e+00 2.529e-05 1.528e-02 2.540e-04 2.307e-02
8.241e+00 2.384e-05 1.497e-02 2.449e-04 2.360e-02
9.000e+00 1.999e-05 1.405e-02 2.200e-04 2.521e-02
9.097e+00 1.956e-05 1.394e-02 2.172e-04 2.540e-02
1.000e+01 1.619e-05 1.302e-02 1.939e-04 2.715e-02
1.004e+01 1.606e-05 1.298e-02 1.929e-04 2.724e-02
1.100e+01 1.338e-05 1.214e-02 1.732e-04 2.896e-02
1.109e+01 1.316e-05 1.207e-02 1.715e-04 2.911e-02
1.200e+01 1.124e-05 1.139e-02 1.564e-04 3.064e-02
1.224e+01 1.081e-05 1.122e-02 1.529e-04 3.101e-02
1.300e+01 9.580e-06 1.073e-02 1.426e-04 3.220e-02
1.351e+01 8.870e-06 1.042e-02 1.364e-04 3.295e-02
1.400e+01 8.260e-06 1.015e-02 1.310e-04 3.365e-02
1.491e+01 7.282e-06 9.680e-03 1.219e-04 3.490e-02
1.500e+01 7.195e-06 9.636e-03 1.211e-04 3.501e-02
1.600e+01 6.326e-06 9.175e-03 1.126e-04 3.625e-02
1.646e+01 5.978e-06 8.980e-03 1.090e-04 3.679e-02
1.800e+01 4.996e-06 8.387e-03 9.864e-05 3.852e-02
1.818e+01 4.898e-06 8.324e-03 9.755e-05 3.871e-02
2.000e+01 4.048e-06 7.735e-03 8.778e-05 4.055e-02
