# GADOLINIUM from NIST Database
7.900e+00 0.000e+00 0.000e+00 0.000e+00 0.000e+00
6.400e+01 1.000e+00 3.500e+00 0.000e+00 0.000e+00
0.000e+00 0.000e+00 0.000e+00 0.000e+00 0.000e+00
1.000e-03 9.877e+00 5.626e-03 2.281e+03 0.000e+00
1.020e-03 9.857e+00 5.775e-03 2.198e+03 0.000e+00
1.126e-03 9.754e+00 6.575e-03 1.827e+03 0.000e+00
1.185e-03 9.693e+00 7.020e-03 1.659e+03 0.000e+00
1.185e-03 9.693e+00 7.020e-03 1.834e+03 0.000e+00
1.201e-03 9.676e+00 7.138e-03 2.708e+03 0.000e+00
1.217e-03 9.658e+00 7.257e-03 3.987e+03 0.000e+00
1.217e-03 9.658e+00 7.257e-03 4.806e+03 0.000e+00
1.243e-03 9.631e+00 7.446e-03 4.828e+03 0.000e+00
1.372e-03 9.503e+00 8.369e-03 4.934e+03 0.000e+00
1.500e-03 9.375e+00 9.279e-03 5.032e+03 0.000e+00
1.515e-03 9.359e+00 9.387e-03 4.912e+03 0.000e+00
1.544e-03 9.329e+00 9.597e-03 4.691e+03 0.000e+00
1.544e-03 9.329e+00 9.597e-03 5.423e+03 0.000e+00
1.672e-03 9.193e+00 1.051e-02 4.512e+03 0.000e+00
1.688e-03 9.176e+00 1.062e-02 4.412e+03 0.000e+00
1.688e-03 9.176e+00 1.062e-02 4.684e+03 0.000e+00
1.846e-03 9.016e+00 1.171e-02 3.839e+03 0.000e+00
1.881e-03 8.981e+00 1.196e-02 3.683e+03 0.000e+00
1.881e-03 8.981e+00 1.196e-02 3.845e+03 0.000e+00
2.000e-03 8.854e+00 1.279e-02 3.351e+03 0.000e+00
2.038e-03 8.814e+00 1.306e-02 3.205e+03 0.000e+00
2.250e-03 8.594e+00 1.453e-02 2.536e+03 0.000e+00
2.483e-03 8.357e+00 1.614e-02 2.009e+03 0.000e+00
2.741e-03 8.101e+00 1.788e-02 1.590e+03 0.000e+00
3.000e-03 7.847e+00 1.961e-02 1.284e+03 0.000e+00
3.026e-03 7.822e+00 1.978e-02 1.257e+03 0.000e+00
3.341e-03 7.520e+00 2.183e-02 9.844e+02 0.000e+00
3.688e-03 7.198e+00 2.404e-02 7.713e+02 0.000e+00
4.000e-03 6.920e+00 2.597e-02 6.311e+02 0.000e+00
4.071e-03 6.858e+00 2.640e-02 6.037e+02 0.000e+00
4.494e-03 6.504e+00 2.892e-02 4.703e+02 0.000e+00
4.961e-03 6.138e+00 3.158e-02 3.664e+02 0.000e+00
5.000e-03 6.108e+00 3.180e-02 3.592e+02 0.000e+00
5.477e-03 5.765e+00 3.439e-02 2.844e+02 0.000e+00
6.000e-03 5.419e+00 3.706e-02 2.251e+02 0.000e+00
6.046e-03 5.390e+00 3.728e-02 2.207e+02 0.000e+00
6.675e-03 5.016e+00 4.026e-02 1.707e+02 0.000e+00
7.243e-03 4.703e+00 4.282e-02 1.381e+02 0.000e+00
7.243e-03 4.703e+00 4.282e-02 3.796e+02 0.000e+00
7.368e-03 4.637e+00 4.337e-02 3.632e+02 0.000e+00
7.930e-03 4.362e+00 4.573e-02 3.005e+02 0.000e+00
7.930e-03 4.362e+00 4.573e-02 4.102e+02 0.000e+00
8.000e-03 4.331e+00 4.599e-02 4.025e+02 0.000e+00
8.134e-03 4.272e+00 4.652e-02 3.861e+02 0.000e+00
8.376e-03 4.163e+00 4.749e-02 3.589e+02 0.000e+00
8.376e-03 4.163e+00 4.749e-02 4.148e+02 0.000e+00
8.979e-03 3.908e+00 4.981e-02 3.483e+02 0.000e+00
9.912e-03 3.560e+00 5.316e-02 2.717e+02 0.000e+00
1.000e-02 3.529e+00 5.346e-02 2.657e+02 0.000e+00
1.094e-02 3.226e+00 5.660e-02 2.095e+02 0.000e+00
1.208e-02 2.908e+00 6.017e-02 1.613e+02 0.000e+00
1.334e-02 2.611e+00 6.383e-02 1.241e+02 0.000e+00
1.472e-02 2.340e+00 6.753e-02 9.564e+01 0.000e+00
1.500e-02 2.291e+00 6.824e-02 9.099e+01 0.000e+00
1.625e-02 2.091e+00 7.129e-02 7.333e+01 0.000e+00
1.794e-02 1.865e+00 7.504e-02 5.616e+01 0.000e+00
1.980e-02 1.658e+00 7.872e-02 4.305e+01 0.000e+00
2.000e-02 1.638e+00 7.908e-02 4.190e+01 0.000e+00
2.186e-02 1.468e+00 8.226e-02 3.283e+01 0.000e+00
2.413e-02 1.294e+00 8.563e-02 2.504e+01 0.000e+00
2.664e-02 1.135e+00 8.881e-02 1.909e+01 0.000e+00
2.941e-02 9.912e-01 9.177e-02 1.455e+01 0.000e+00
3.000e-02 9.639e-01 9.233e-02 1.378e+01 0.000e+00
3.247e-02 8.606e-01 9.449e-02 1.106e+01 0.000e+00
3.584e-02 7.435e-01 9.695e-02 8.404e+00 0.000e+00
3.957e-02 6.388e-01 9.909e-02 6.382e+00 0.000e+00
4.000e-02 6.281e-01 9.930e-02 6.193e+00 0.000e+00
4.368e-02 5.468e-01 1.009e-01 4.838e+00 0.000e+00
4.822e-02 4.694e-01 1.025e-01 3.666e+00 0.000e+00
5.000e-02 4.450e-01 1.031e-01 3.312e+00 0.000e+00
5.024e-02 4.419e-01 1.032e-01 3.267e+00 0.000e+00
5.024e-02 4.419e-01 1.032e-01 1.809e+01 0.000e+00
5.323e-02 4.051e-01 1.040e-01 1.553e+01 0.000e+00
5.876e-02 3.460e-01 1.049e-01 1.196e+01 0.000e+00
6.000e-02 3.345e-01 1.051e-01 1.131e+01 0.000e+00
6.486e-02 2.948e-01 1.056e-01 9.205e+00 0.000e+00
7.161e-02 2.510e-01 1.060e-01 7.076e+00 0.000e+00
7.905e-02 2.132e-01 1.061e-01 5.430e+00 0.000e+00
8.000e-02 2.090e-01 1.061e-01 5.258e+00 0.000e+00
8.726e-02 1.804e-01 1.059e-01 4.155e+00 0.000e+00
9.633e-02 1.520e-01 1.054e-01 3.171e+00 0.000e+00
1.000e-01 1.424e-01 1.051e-01 2.862e+00 0.000e+00
1.063e-01 1.279e-01 1.046e-01 2.419e+00 0.000e+00
1.174e-01 1.074e-01 1.035e-01 1.838e+00 0.000e+00
1.296e-01 9.009e-02 1.021e-01 1.398e+00 0.000e+00
1.431e-01 7.549e-02 1.005e-01 1.061e+00 0.000e+00
1.500e-01 6.939e-02 9.965e-02 9.310e-01 0.000e+00
1.579e-01 6.329e-02 9.869e-02 8.071e-01 0.000e+00
1.743e-01 5.298e-02 9.670e-02 6.132e-01 0.000e+00
1.925e-01 4.426e-02 9.454e-02 4.654e-01 0.000e+00
2.000e-01 4.128e-02 9.367e-02 4.186e-01 0.000e+00
2.125e-01 3.695e-02 9.226e-02 3.539e-01 0.000e+00
2.345e-01 3.082e-02 8.987e-02 2.697e-01 0.000e+00
2.589e-01 2.564e-02 8.737e-02 2.057e-01 0.000e+00
2.858e-01 2.131e-02 8.481e-02 1.573e-01 0.000e+00
3.000e-01 1.945e-02 8.352e-02 1.380e-01 0.000e+00
3.155e-01 1.769e-02 8.218e-02 1.206e-01 0.000e+00
3.483e-01 1.466e-02 7.952e-02 9.282e-02 0.000e+00
3.845e-01 1.214e-02 7.683e-02 7.171e-02 0.000e+00
4.000e-01 1.126e-02 7.575e-02 6.476e-02 0.000e+00
4.245e-01 1.004e-02 7.413e-02 5.563e-02 0.000e+00
4.686e-01 8.300e-03 7.143e-02 4.337e-02 0.000e+00
5.000e-01 7.322e-03 6.966e-02 3.694e-02 0.000e+00
5.173e-01 6.856e-03 6.874e-02 3.400e-02 0.000e+00
5.710e-01 5.663e-03 6.606e-02 2.680e-02 0.000e+00
6.000e-01 5.143e-03 6.472e-02 2.384e-02 0.000e+00
6.304e-01 4.672e-03 6.339e-02 2.125e-02 0.000e+00
6.959e-01 3.852e-03 6.075e-02 1.695e-02 0.000e+00
7.682e-01 3.174e-03 5.817e-02 1.360e-02 0.000e+00
8.000e-01 2.931e-03 5.714e-02 1.245e-02 0.000e+00
8.480e-01 2.614e-03 5.568e-02 1.099e-02 0.000e+00
9.361e-01 2.152e-03 5.321e-02 8.933e-03 0.000e+00
1.000e+00 1.890e-03 5.151e-02 7.801e-03 0.000e+00
1.022e+00 1.811e-03 5.093e-02 7.464e-03 0.000e+00
1.033e+00 1.773e-03 5.066e-02 7.305e-03 6.203e-08
1.141e+00 1.457e-03 4.822e-02 5.997e-03 5.213e-05
1.250e+00 1.216e-03 4.611e-02 5.032e-03 2.538e-04
1.259e+00 1.199e-03 4.594e-02 4.964e-03 2.771e-04
1.390e+00 9.854e-04 4.369e-02 4.128e-03 7.090e-04
1.500e+00 8.471e-04 4.197e-02 3.594e-03 1.173e-03
1.535e+00 8.092e-04 4.146e-02 3.448e-03 1.335e-03
1.694e+00 6.652e-04 3.932e-02 2.896e-03 2.124e-03
1.870e+00 5.464e-04 3.723e-02 2.442e-03 3.061e-03
2.000e+00 4.779e-04 3.585e-02 2.181e-03 3.774e-03
2.044e+00 4.576e-04 3.541e-02 2.103e-03 4.017e-03
2.065e+00 4.484e-04 3.520e-02 2.068e-03 4.133e-03
2.279e+00 3.684e-04 3.326e-02 1.761e-03 5.308e-03
2.516e+00 3.025e-04 3.139e-02 1.505e-03 6.582e-03
2.778e+00 2.483e-04 2.958e-02 1.291e-03 7.942e-03
3.000e+00 2.130e-04 2.823e-02 1.149e-03 9.052e-03
3.066e+00 2.040e-04 2.786e-02 1.112e-03 9.374e-03
3.385e+00 1.674e-04 2.620e-02 9.615e-04 1.088e-02
3.737e+00 1.374e-04 2.461e-02 8.339e-04 1.246e-02
4.000e+00 1.199e-04 2.356e-02 7.575e-04 1.358e-02
4.125e+00 1.128e-04 2.310e-02 7.256e-04 1.409e-02
4.554e+00 9.255e-05 2.165e-02 6.331e-04 1.580e-02
5.000e+00 7.678e-05 2.035e-02 5.580e-04 1.746e-02
5.027e+00 7.596e-05 2.028e-02 5.540e-04 1.755e-02
5.549e+00 6.237e-05 1.897e-02 4.859e-04 1.934e-02
6.000e+00 5.335e-05 1.799e-02 4.389e-04 2.080e-02
6.126e+00 5.117e-05 1.773e-02 4.273e-04 2.119e-02
6.762e+00 4.199e-05 1.656e-02 3.767e-04 2.309e-02
7.000e+00 3.918e-05 1.617e-02 3.606e-04 2.376e-02
7.465e+00 3.445e-05 1.546e-02 3.327e-04 2.502e-02
8.000e+00 3.001e-05 1.472e-02 3.054e-04 2.642e-02
8.241e+00 2.828e-05 1.441e-02 2.945e-04 2.702e-02
9.000e+00 2.371e-05 1.353e-02 2.646e-04 2.884e-02
9.097e+00 2.321e-05 1.343e-02 2.611e-04 2.906e-02
1.000e+01 1.921e-05 1.253e-02 2.331e-04 3.106e-02
1.004e+01 1.906e-05 1.250e-02 2.320e-04 3.114e-02
1.100e+01 1.587e-05 1.169e-02 2.083e-04 3.311e-02
1.109e+01 1.562e-05 1.162e-02 2.063e-04 3.329e-02
1.200e+01 1.334e-05 1.096e-02 1.881e-04 3.501e-02
1.224e+01 1.282e-05 1.080e-02 1.838e-04 3.545e-02
1.300e+01 1.137e-05 1.033e-02 1.715e-04 3.680e-02
1.351e+01 1.052e-05 1.004e-02 1.640e-04 3.766e-02
1.400e+01 9.800e-06 9.773e-03 1.575e-04 3.845e-02
1.491e+01 8.639e-06 9.322e-03 1.466e-04 3.987e-02
1.500e+01 8.536e-06 9.279e-03 1.456e-04 4.000e-02
1.600e+01 7.506e-06 8.835e-03 1.353e-04 4.141e-02
1.646e+01 7.093e-06 8.646e-03 1.311e-04 4.202e-02
1.800e+01 5.928e-06 8.077e-03 1.186e-04 4.399e-02
1.818e+01 5.811e-06 8.016e-03 1.173e-04 4.420e-02
2.000e+01 4.802e-06 7.449e-03 1.055e-04 4.629e-02
