5.323E+00 0.000E+00 0.000E+00 0.000E+00 0.000E+00
1.000E-03 5.339E+00 6.186E-03 1.887E+03 0.000E+00
1.103E-03 5.277E+00 7.230E-03 1.495E+03 0.000E+00
1.217E-03 5.209E+00 8.427E-03 1.185E+03 0.000E+00
1.217E-03 5.209E+00 8.427E-03 4.356E+03 0.000E+00
1.232E-03 5.200E+00 8.591E-03 4.651E+03 0.000E+00
1.248E-03 5.190E+00 8.758E-03 4.966E+03 0.000E+00
1.248E-03 5.190E+00 8.758E-03 6.650E+03 0.000E+00
1.328E-03 5.143E+00 9.622E-03 6.074E+03 0.000E+00
1.414E-03 5.092E+00 1.054E-02 5.549E+03 0.000E+00
1.414E-03 5.092E+00 1.054E-02 6.282E+03 0.000E+00
1.500E-03 5.036E+00 1.145E-02 5.470E+03 0.000E+00
2.000E-03 4.713E+00 1.665E-02 2.706E+03 0.000E+00
3.000E-03 4.104E+00 2.603E-02 9.571E+02 0.000E+00
4.000E-03 3.577E+00 3.422E-02 4.461E+02 0.000E+00
5.000E-03 3.123E+00 4.168E-02 2.441E+02 0.000E+00
6.000E-03 2.727E+00 4.857E-02 1.481E+02 0.000E+00
8.000E-03 2.092E+00 6.078E-02 6.675E+01 0.000E+00
1.000E-02 1.636E+00 7.115E-02 3.571E+01 0.000E+00
1.110E-02 1.446E+00 7.614E-02 2.659E+01 0.000E+00
1.110E-02 1.446E+00 7.614E-02 1.966E+02 0.000E+00
1.500E-02 9.878E-01 9.049E-02 9.040E+01 0.000E+00
2.000E-02 6.767E-01 1.027E-01 4.144E+01 0.000E+00
3.000E-02 3.804E-01 1.161E-01 1.335E+01 0.000E+00
4.000E-02 2.411E-01 1.223E-01 5.843E+00 0.000E+00
5.000E-02 1.664E-01 1.248E-01 3.044E+00 0.000E+00
6.000E-02 1.223E-01 1.254E-01 1.775E+00 0.000E+00
8.000E-02 7.468E-02 1.239E-01 7.515E-01 0.000E+00
1.000E-01 5.045E-02 1.210E-01 3.835E-01 0.000E+00
1.500E-01 2.408E-02 1.125E-01 1.125E-01 0.000E+00
2.000E-01 1.400E-02 1.048E-01 4.732E-02 0.000E+00
3.000E-01 6.433E-03 9.231E-02 1.437E-02 0.000E+00
4.000E-01 3.675E-03 8.319E-02 6.412E-03 0.000E+00
5.000E-01 2.372E-03 7.620E-02 3.541E-03 0.000E+00
6.000E-01 1.655E-03 7.063E-02 2.238E-03 0.000E+00
8.000E-01 9.364E-04 6.218E-02 1.144E-03 0.000E+00
1.000E+00 6.006E-04 5.596E-02 7.120E-04 0.000E+00
1.022E+00 5.752E-04 5.537E-02 6.766E-04 0.000E+00
1.250E+00 3.851E-04 5.008E-02 4.572E-04 8.899E-05
1.500E+00 2.676E-04 4.553E-02 3.291E-04 4.412E-04
2.000E+00 1.507E-04 3.887E-02 2.021E-04 1.635E-03
2.044E+00 1.443E-04 3.839E-02 1.952E-04 1.755E-03
3.000E+00 6.701E-05 3.060E-02 1.090E-04 4.471E-03
4.000E+00 3.770E-05 2.552E-02 7.309E-05 7.115E-03
5.000E+00 2.413E-05 2.204E-02 5.454E-05 9.459E-03
6.000E+00 1.676E-05 1.948E-02 4.334E-05 1.153E-02
7.000E+00 1.232E-05 1.752E-02 3.587E-05 1.338E-02
8.000E+00 9.430E-06 1.594E-02 3.056E-05 1.505E-02
9.000E+00 7.450E-06 1.466E-02 2.661E-05 1.658E-02
1.000E+01 6.035E-06 1.358E-02 2.355E-05 1.795E-02
1.100E+01 4.987E-06 1.266E-02 2.111E-05 1.921E-02
1.200E+01 4.191E-06 1.188E-02 1.913E-05 2.035E-02
1.300E+01 3.570E-06 1.119E-02 1.748E-05 2.143E-02
1.400E+01 3.079E-06 1.058E-02 1.609E-05 2.241E-02
1.500E+01 2.682E-06 1.005E-02 1.490E-05 2.333E-02
1.600E+01 2.357E-06 9.571E-03 1.388E-05 2.420E-02
1.800E+01 1.863E-06 8.742E-03 1.220E-05 2.578E-02
2.000E+01 1.509E-06 8.065E-03 1.088E-05 2.720E-02
