# GEL IN PHOTOGRAPHIC EMULSION from NIST Database
1.291e+00 0.000e+00 0.000e+00 0.000e+00 0.000e+00
1.000e+00 8.054e-02 3.500e+00 0.000e+00 0.000e+00
6.000e+00 3.464e-02 3.500e+00 0.000e+00 0.000e+00
7.000e+00 7.942e-03 3.500e+00 0.000e+00 0.000e+00
8.000e+00 2.379e-02 3.500e+00 0.000e+00 0.000e+00
1.600e+01 3.393e-04 3.500e+00 0.000e+00 0.000e+00
0.000e+00 0.000e+00 0.000e+00 0.000e+00 0.000e+00
1.000e-03 1.224e+00 1.392e-02 3.061e+03 0.000e+00
1.020e-03 1.220e+00 1.441e-02 2.901e+03 0.000e+00
1.126e-03 1.196e+00 1.714e-02 2.218e+03 0.000e+00
1.243e-03 1.171e+00 2.034e-02 1.695e+03 0.000e+00
1.372e-03 1.142e+00 2.405e-02 1.293e+03 0.000e+00
1.500e-03 1.113e+00 2.786e-02 1.009e+03 0.000e+00
1.515e-03 1.109e+00 2.832e-02 9.818e+02 0.000e+00
1.672e-03 1.071e+00 3.309e-02 7.443e+02 0.000e+00
1.846e-03 1.028e+00 3.842e-02 5.619e+02 0.000e+00
2.000e-03 9.897e-01 4.314e-02 4.467e+02 0.000e+00
2.038e-03 9.802e-01 4.430e-02 4.232e+02 0.000e+00
2.250e-03 9.282e-01 5.070e-02 3.180e+02 0.000e+00
2.472e-03 8.755e-01 5.722e-02 2.419e+02 0.000e+00
2.472e-03 8.755e-01 5.722e-02 2.621e+02 0.000e+00
2.483e-03 8.729e-01 5.754e-02 2.588e+02 0.000e+00
2.741e-03 8.148e-01 6.481e-02 1.950e+02 0.000e+00
3.000e-03 7.601e-01 7.173e-02 1.502e+02 0.000e+00
3.026e-03 7.548e-01 7.240e-02 1.465e+02 0.000e+00
3.341e-03 6.937e-01 8.019e-02 1.096e+02 0.000e+00
3.688e-03 6.330e-01 8.802e-02 8.185e+01 0.000e+00
4.000e-03 5.841e-01 9.442e-02 6.429e+01 0.000e+00
4.071e-03 5.737e-01 9.580e-02 6.100e+01 0.000e+00
4.494e-03 5.168e-01 1.034e-01 4.540e+01 0.000e+00
4.961e-03 4.632e-01 1.107e-01 3.373e+01 0.000e+00
5.000e-03 4.591e-01 1.112e-01 3.294e+01 0.000e+00
5.477e-03 4.134e-01 1.176e-01 2.501e+01 0.000e+00
6.000e-03 3.712e-01 1.236e-01 1.895e+01 0.000e+00
6.046e-03 3.679e-01 1.241e-01 1.851e+01 0.000e+00
6.675e-03 3.264e-01 1.301e-01 1.368e+01 0.000e+00
7.368e-03 2.892e-01 1.357e-01 1.010e+01 0.000e+00
8.000e-03 2.612e-01 1.401e-01 7.832e+00 0.000e+00
8.134e-03 2.558e-01 1.409e-01 7.440e+00 0.000e+00
8.979e-03 2.261e-01 1.457e-01 5.475e+00 0.000e+00
9.912e-03 1.997e-01 1.502e-01 4.023e+00 0.000e+00
1.000e-02 1.975e-01 1.505e-01 3.913e+00 0.000e+00
1.094e-02 1.762e-01 1.543e-01 2.953e+00 0.000e+00
1.208e-02 1.551e-01 1.582e-01 2.162e+00 0.000e+00
1.334e-02 1.362e-01 1.617e-01 1.581e+00 0.000e+00
1.472e-02 1.193e-01 1.650e-01 1.157e+00 0.000e+00
1.500e-02 1.163e-01 1.656e-01 1.090e+00 0.000e+00
1.625e-02 1.041e-01 1.680e-01 8.444e-01 0.000e+00
1.794e-02 9.049e-02 1.708e-01 6.156e-01 0.000e+00
1.980e-02 7.831e-02 1.731e-01 4.487e-01 0.000e+00
2.000e-02 7.714e-02 1.734e-01 4.345e-01 0.000e+00
2.186e-02 6.742e-02 1.751e-01 3.264e-01 0.000e+00
2.413e-02 5.779e-02 1.767e-01 2.373e-01 0.000e+00
2.664e-02 4.932e-02 1.779e-01 1.723e-01 0.000e+00
2.941e-02 4.193e-02 1.787e-01 1.250e-01 0.000e+00
3.000e-02 4.057e-02 1.788e-01 1.172e-01 0.000e+00
3.247e-02 3.552e-02 1.790e-01 9.058e-02 0.000e+00
3.584e-02 3.001e-02 1.789e-01 6.566e-02 0.000e+00
3.957e-02 2.527e-02 1.785e-01 4.752e-02 0.000e+00
4.000e-02 2.480e-02 1.784e-01 4.587e-02 0.000e+00
4.368e-02 2.124e-02 1.776e-01 3.439e-02 0.000e+00
4.822e-02 1.781e-02 1.764e-01 2.487e-02 0.000e+00
5.000e-02 1.669e-02 1.759e-01 2.208e-02 0.000e+00
5.323e-02 1.490e-02 1.748e-01 1.798e-02 0.000e+00
5.876e-02 1.245e-02 1.730e-01 1.299e-02 0.000e+00
6.000e-02 1.198e-02 1.725e-01 1.213e-02 0.000e+00
6.486e-02 1.038e-02 1.708e-01 9.390e-03 0.000e+00
7.161e-02 8.634e-03 1.683e-01 6.781e-03 0.000e+00
7.905e-02 7.172e-03 1.656e-01 4.899e-03 0.000e+00
8.000e-02 7.012e-03 1.653e-01 4.710e-03 0.000e+00
8.726e-02 5.949e-03 1.627e-01 3.539e-03 0.000e+00
9.633e-02 4.926e-03 1.595e-01 2.557e-03 0.000e+00
1.000e-01 4.586e-03 1.583e-01 2.262e-03 0.000e+00
1.063e-01 4.078e-03 1.562e-01 1.851e-03 0.000e+00
1.174e-01 3.366e-03 1.527e-01 1.337e-03 0.000e+00
1.296e-01 2.779e-03 1.490e-01 9.680e-04 0.000e+00
1.431e-01 2.291e-03 1.452e-01 7.011e-04 0.000e+00
1.500e-01 2.089e-03 1.434e-01 6.018e-04 0.000e+00
1.579e-01 1.889e-03 1.413e-01 5.096e-04 0.000e+00
1.743e-01 1.556e-03 1.373e-01 3.705e-04 0.000e+00
1.925e-01 1.279e-03 1.332e-01 2.695e-04 0.000e+00
2.000e-01 1.186e-03 1.317e-01 2.386e-04 0.000e+00
2.125e-01 1.052e-03 1.291e-01 1.969e-04 0.000e+00
2.345e-01 8.658e-04 1.250e-01 1.444e-04 0.000e+00
2.589e-01 7.116e-04 1.209e-01 1.061e-04 0.000e+00
2.858e-01 5.848e-04 1.167e-01 7.838e-05 0.000e+00
3.000e-01 5.310e-04 1.147e-01 6.766e-05 0.000e+00
3.155e-01 4.804e-04 1.126e-01 5.814e-05 0.000e+00
3.483e-01 3.946e-04 1.085e-01 4.336e-05 0.000e+00
3.845e-01 3.240e-04 1.045e-01 3.251e-05 0.000e+00
4.000e-01 2.995e-04 1.029e-01 2.903e-05 0.000e+00
4.245e-01 2.660e-04 1.005e-01 2.453e-05 0.000e+00
4.686e-01 2.184e-04 9.652e-02 1.865e-05 0.000e+00
5.000e-01 1.919e-04 9.397e-02 1.567e-05 0.000e+00
5.173e-01 1.793e-04 9.264e-02 1.433e-05 0.000e+00
5.710e-01 1.472e-04 8.882e-02 1.109e-05 0.000e+00
6.000e-01 1.334e-04 8.693e-02 9.766e-06 0.000e+00
6.304e-01 1.208e-04 8.507e-02 8.595e-06 0.000e+00
6.959e-01 9.919e-05 8.142e-02 6.700e-06 0.000e+00
7.682e-01 8.141e-05 7.784e-02 5.349e-06 0.000e+00
8.000e-01 7.506e-05 7.639e-02 4.932e-06 0.000e+00
8.480e-01 6.680e-05 7.432e-02 4.440e-06 0.000e+00
9.361e-01 5.482e-05 7.091e-02 3.663e-06 0.000e+00
1.000e+00 4.805e-05 6.870e-02 3.066e-06 0.000e+00
1.022e+00 4.601e-05 6.798e-02 2.859e-06 0.000e+00
1.033e+00 4.504e-05 6.763e-02 2.769e-06 3.136e-09
1.141e+00 3.693e-05 6.437e-02 2.228e-06 2.975e-06
1.250e+00 3.077e-05 6.143e-02 1.940e-06 1.608e-05
1.259e+00 3.033e-05 6.120e-02 1.919e-06 1.770e-05
1.390e+00 2.488e-05 5.813e-02 1.617e-06 5.012e-05
1.500e+00 2.136e-05 5.584e-02 1.407e-06 8.903e-05
1.535e+00 2.040e-05 5.515e-02 1.351e-06 1.033e-04
1.694e+00 1.676e-05 5.230e-02 1.145e-06 1.782e-04
1.870e+00 1.375e-05 4.951e-02 9.800e-07 2.757e-04
2.000e+00 1.202e-05 4.765e-02 8.838e-07 3.545e-04
2.044e+00 1.151e-05 4.705e-02 8.549e-07 3.821e-04
2.065e+00 1.127e-05 4.678e-02 8.417e-07 3.953e-04
2.279e+00 9.252e-06 4.417e-02 7.263e-07 5.346e-04
2.516e+00 7.592e-06 4.167e-02 6.293e-07 6.942e-04
2.778e+00 6.229e-06 3.928e-02 5.475e-07 8.739e-04
3.000e+00 5.342e-06 3.748e-02 4.927e-07 1.027e-03
3.066e+00 5.115e-06 3.699e-02 4.784e-07 1.072e-03
3.385e+00 4.197e-06 3.478e-02 4.192e-07 1.290e-03
3.737e+00 3.443e-06 3.267e-02 3.684e-07 1.526e-03
4.000e+00 3.005e-06 3.127e-02 3.377e-07 1.699e-03
4.125e+00 2.826e-06 3.065e-02 3.248e-07 1.779e-03
4.554e+00 2.318e-06 2.873e-02 2.870e-07 2.046e-03
5.000e+00 1.923e-06 2.700e-02 2.558e-07 2.314e-03
5.027e+00 1.903e-06 2.691e-02 2.541e-07 2.329e-03
5.549e+00 1.561e-06 2.517e-02 2.255e-07 2.629e-03
6.000e+00 1.336e-06 2.387e-02 2.055e-07 2.876e-03
6.126e+00 1.281e-06 2.353e-02 2.005e-07 2.943e-03
6.762e+00 1.051e-06 2.198e-02 1.786e-07 3.267e-03
7.000e+00 9.811e-07 2.145e-02 1.716e-07 3.383e-03
7.465e+00 8.628e-07 2.050e-02 1.593e-07 3.602e-03
8.000e+00 7.513e-07 1.952e-02 1.472e-07 3.843e-03
8.241e+00 7.080e-07 1.912e-02 1.423e-07 3.949e-03
9.000e+00 5.936e-07 1.795e-02 1.288e-07 4.267e-03
9.097e+00 5.810e-07 1.781e-02 1.273e-07 4.305e-03
1.000e+01 4.808e-07 1.663e-02 1.145e-07 4.650e-03
1.004e+01 4.770e-07 1.658e-02 1.140e-07 4.665e-03
1.100e+01 3.973e-07 1.551e-02 1.031e-07 5.003e-03
1.109e+01 3.909e-07 1.542e-02 1.021e-07 5.033e-03
1.200e+01 3.339e-07 1.454e-02 9.365e-08 5.328e-03
1.224e+01 3.209e-07 1.433e-02 9.164e-08 5.402e-03
1.300e+01 2.845e-07 1.370e-02 8.582e-08 5.632e-03
1.351e+01 2.634e-07 1.331e-02 8.231e-08 5.778e-03
1.400e+01 2.453e-07 1.296e-02 7.919e-08 5.914e-03
1.491e+01 2.163e-07 1.236e-02 7.399e-08 6.155e-03
1.500e+01 2.137e-07 1.231e-02 7.352e-08 6.179e-03
1.600e+01 1.878e-07 1.172e-02 6.860e-08 6.430e-03
1.646e+01 1.775e-07 1.147e-02 6.655e-08 6.540e-03
1.800e+01 1.484e-07 1.071e-02 6.050e-08 6.888e-03
1.818e+01 1.455e-07 1.063e-02 5.986e-08 6.927e-03
2.000e+01 1.202e-07 9.876e-03 5.410e-08 7.300e-03
