# GLASS, PLATE from NIST Database
2.400e+00 0.000e+00 0.000e+00 0.000e+00 0.000e+00
8.000e+00 2.874e-02 3.500e+00 0.000e+00 0.000e+00
1.100e+01 4.195e-03 3.500e+00 0.000e+00 0.000e+00
1.400e+01 1.198e-02 3.500e+00 0.000e+00 0.000e+00
2.000e+01 2.675e-03 3.500e+00 0.000e+00 0.000e+00
0.000e+00 0.000e+00 0.000e+00 0.000e+00 0.000e+00
1.000e-03 2.110e+00 1.117e-02 3.221e+03 0.000e+00
1.020e-03 2.102e+00 1.152e-02 3.057e+03 0.000e+00
1.072e-03 2.083e+00 1.245e-02 2.680e+03 0.000e+00
1.072e-03 2.083e+00 1.245e-02 3.248e+03 0.000e+00
1.126e-03 2.063e+00 1.344e-02 2.872e+03 0.000e+00
1.243e-03 2.022e+00 1.564e-02 2.239e+03 0.000e+00
1.372e-03 1.976e+00 1.813e-02 1.742e+03 0.000e+00
1.500e-03 1.930e+00 2.063e-02 1.382e+03 0.000e+00
1.515e-03 1.924e+00 2.092e-02 1.346e+03 0.000e+00
1.672e-03 1.866e+00 2.399e-02 1.034e+03 0.000e+00
1.839e-03 1.804e+00 2.723e-02 7.978e+02 0.000e+00
1.839e-03 1.804e+00 2.723e-02 1.768e+03 0.000e+00
1.846e-03 1.802e+00 2.737e-02 1.754e+03 0.000e+00
2.000e-03 1.746e+00 3.035e-02 1.485e+03 0.000e+00
2.038e-03 1.733e+00 3.109e-02 1.424e+03 0.000e+00
2.250e-03 1.659e+00 3.513e-02 1.121e+03 0.000e+00
2.483e-03 1.581e+00 3.949e-02 8.615e+02 0.000e+00
2.741e-03 1.499e+00 4.417e-02 6.525e+02 0.000e+00
3.000e-03 1.422e+00 4.871e-02 5.052e+02 0.000e+00
3.026e-03 1.414e+00 4.915e-02 4.931e+02 0.000e+00
3.341e-03 1.328e+00 5.440e-02 3.748e+02 0.000e+00
3.688e-03 1.240e+00 5.987e-02 2.861e+02 0.000e+00
4.000e-03 1.167e+00 6.451e-02 2.289e+02 0.000e+00
4.038e-03 1.158e+00 6.506e-02 2.229e+02 0.000e+00
4.038e-03 1.158e+00 6.506e-02 3.199e+02 0.000e+00
4.071e-03 1.151e+00 6.553e-02 3.131e+02 0.000e+00
4.494e-03 1.063e+00 7.135e-02 2.402e+02 0.000e+00
4.961e-03 9.777e-01 7.727e-02 1.835e+02 0.000e+00
5.000e-03 9.710e-01 7.774e-02 1.796e+02 0.000e+00
5.477e-03 8.943e-01 8.323e-02 1.395e+02 0.000e+00
6.000e-03 8.199e-01 8.871e-02 1.081e+02 0.000e+00
6.046e-03 8.137e-01 8.917e-02 1.058e+02 0.000e+00
6.675e-03 7.366e-01 9.504e-02 8.005e+01 0.000e+00
7.368e-03 6.635e-01 1.008e-01 6.050e+01 0.000e+00
8.000e-03 6.059e-01 1.054e-01 4.783e+01 0.000e+00
8.134e-03 5.946e-01 1.064e-01 4.560e+01 0.000e+00
8.979e-03 5.304e-01 1.117e-01 3.429e+01 0.000e+00
9.912e-03 4.709e-01 1.169e-01 2.573e+01 0.000e+00
1.000e-02 4.659e-01 1.173e-01 2.507e+01 0.000e+00
1.094e-02 4.164e-01 1.218e-01 1.927e+01 0.000e+00
1.208e-02 3.665e-01 1.265e-01 1.439e+01 0.000e+00
1.334e-02 3.213e-01 1.309e-01 1.073e+01 0.000e+00
1.472e-02 2.809e-01 1.350e-01 7.998e+00 0.000e+00
1.500e-02 2.736e-01 1.357e-01 7.560e+00 0.000e+00
1.625e-02 2.445e-01 1.388e-01 5.946e+00 0.000e+00
1.794e-02 2.121e-01 1.422e-01 4.411e+00 0.000e+00
1.980e-02 1.835e-01 1.454e-01 3.271e+00 0.000e+00
2.000e-02 1.808e-01 1.457e-01 3.172e+00 0.000e+00
2.186e-02 1.582e-01 1.481e-01 2.419e+00 0.000e+00
2.413e-02 1.361e-01 1.505e-01 1.787e+00 0.000e+00
2.664e-02 1.167e-01 1.525e-01 1.318e+00 0.000e+00
2.941e-02 9.983e-02 1.542e-01 9.707e-01 0.000e+00
3.000e-02 9.672e-02 1.544e-01 9.127e-01 0.000e+00
3.247e-02 8.516e-02 1.554e-01 7.139e-01 0.000e+00
3.584e-02 7.250e-02 1.563e-01 5.247e-01 0.000e+00
3.957e-02 6.152e-02 1.567e-01 3.850e-01 0.000e+00
4.000e-02 6.042e-02 1.567e-01 3.721e-01 0.000e+00
4.368e-02 5.208e-02 1.568e-01 2.823e-01 0.000e+00
4.822e-02 4.397e-02 1.565e-01 2.068e-01 0.000e+00
5.000e-02 4.130e-02 1.562e-01 1.844e-01 0.000e+00
5.323e-02 3.703e-02 1.558e-01 1.513e-01 0.000e+00
5.876e-02 3.111e-02 1.547e-01 1.107e-01 0.000e+00
6.000e-02 2.998e-02 1.545e-01 1.036e-01 0.000e+00
6.486e-02 2.608e-02 1.534e-01 8.088e-02 0.000e+00
7.161e-02 2.180e-02 1.516e-01 5.903e-02 0.000e+00
7.905e-02 1.820e-02 1.496e-01 4.309e-02 0.000e+00
8.000e-02 1.780e-02 1.494e-01 4.148e-02 0.000e+00
8.726e-02 1.517e-02 1.474e-01 3.144e-02 0.000e+00
9.633e-02 1.262e-02 1.448e-01 2.294e-02 0.000e+00
1.000e-01 1.176e-02 1.438e-01 2.036e-02 0.000e+00
1.063e-01 1.049e-02 1.421e-01 1.676e-02 0.000e+00
1.174e-01 8.695e-03 1.391e-01 1.221e-02 0.000e+00
1.296e-01 7.205e-03 1.360e-01 8.912e-03 0.000e+00
1.431e-01 5.961e-03 1.327e-01 6.506e-03 0.000e+00
1.500e-01 5.445e-03 1.311e-01 5.604e-03 0.000e+00
1.579e-01 4.933e-03 1.293e-01 4.764e-03 0.000e+00
1.743e-01 4.075e-03 1.258e-01 3.488e-03 0.000e+00
1.925e-01 3.360e-03 1.221e-01 2.555e-03 0.000e+00
2.000e-01 3.119e-03 1.207e-01 2.268e-03 0.000e+00
2.125e-01 2.771e-03 1.185e-01 1.878e-03 0.000e+00
2.345e-01 2.286e-03 1.148e-01 1.386e-03 0.000e+00
2.589e-01 1.882e-03 1.110e-01 1.024e-03 0.000e+00
2.858e-01 1.549e-03 1.073e-01 7.604e-04 0.000e+00
3.000e-01 1.408e-03 1.054e-01 6.580e-04 0.000e+00
3.155e-01 1.275e-03 1.035e-01 5.668e-04 0.000e+00
3.483e-01 1.048e-03 9.977e-02 4.245e-04 0.000e+00
3.845e-01 8.617e-04 9.607e-02 3.197e-04 0.000e+00
4.000e-01 7.968e-04 9.460e-02 2.859e-04 0.000e+00
4.245e-01 7.081e-04 9.241e-02 2.421e-04 0.000e+00
4.686e-01 5.818e-04 8.881e-02 1.848e-04 0.000e+00
5.000e-01 5.114e-04 8.648e-02 1.555e-04 0.000e+00
5.173e-01 4.779e-04 8.526e-02 1.422e-04 0.000e+00
5.710e-01 3.926e-04 8.176e-02 1.103e-04 0.000e+00
6.000e-01 3.557e-04 8.003e-02 9.731e-05 0.000e+00
6.304e-01 3.223e-04 7.833e-02 8.592e-05 0.000e+00
6.959e-01 2.647e-04 7.497e-02 6.741e-05 0.000e+00
7.682e-01 2.173e-04 7.168e-02 5.375e-05 0.000e+00
8.000e-01 2.004e-04 7.035e-02 4.933e-05 0.000e+00
8.480e-01 1.784e-04 6.847e-02 4.391e-05 0.000e+00
9.361e-01 1.464e-04 6.533e-02 3.589e-05 0.000e+00
1.000e+00 1.283e-04 6.328e-02 3.066e-05 0.000e+00
1.022e+00 1.229e-04 6.261e-02 2.896e-05 0.000e+00
1.033e+00 1.203e-04 6.228e-02 2.818e-05 5.840e-09
1.141e+00 9.864e-05 5.928e-02 2.292e-05 5.444e-06
1.250e+00 8.219e-05 5.659e-02 1.962e-05 2.902e-05
1.259e+00 8.102e-05 5.638e-02 1.938e-05 3.190e-05
1.390e+00 6.648e-05 5.355e-02 1.627e-05 8.931e-05
1.500e+00 5.709e-05 5.143e-02 1.419e-05 1.576e-04
1.535e+00 5.452e-05 5.080e-02 1.363e-05 1.827e-04
1.694e+00 4.476e-05 4.817e-02 1.153e-05 3.137e-04
1.870e+00 3.673e-05 4.561e-02 9.818e-06 4.842e-04
2.000e+00 3.212e-05 4.390e-02 8.830e-06 6.221e-04
2.044e+00 3.075e-05 4.335e-02 8.535e-06 6.705e-04
2.065e+00 3.013e-05 4.310e-02 8.401e-06 6.937e-04
2.279e+00 2.475e-05 4.069e-02 7.227e-06 9.365e-04
2.516e+00 2.030e-05 3.839e-02 6.242e-06 1.212e-03
2.778e+00 1.665e-05 3.619e-02 5.413e-06 1.520e-03
3.000e+00 1.428e-05 3.454e-02 4.859e-06 1.779e-03
3.066e+00 1.367e-05 3.408e-02 4.714e-06 1.856e-03
3.385e+00 1.122e-05 3.204e-02 4.118e-06 2.223e-03
3.737e+00 9.203e-06 3.010e-02 3.609e-06 2.618e-03
4.000e+00 8.033e-06 2.881e-02 3.302e-06 2.905e-03
4.125e+00 7.554e-06 2.824e-02 3.173e-06 3.038e-03
4.554e+00 6.197e-06 2.647e-02 2.797e-06 3.482e-03
5.000e+00 5.141e-06 2.488e-02 2.488e-06 3.923e-03
5.027e+00 5.086e-06 2.479e-02 2.471e-06 3.949e-03
5.549e+00 4.174e-06 2.319e-02 2.188e-06 4.440e-03
6.000e+00 3.570e-06 2.199e-02 1.990e-06 4.843e-03
6.126e+00 3.425e-06 2.168e-02 1.941e-06 4.953e-03
6.762e+00 2.811e-06 2.025e-02 1.726e-06 5.479e-03
7.000e+00 2.623e-06 1.977e-02 1.657e-06 5.668e-03
7.465e+00 2.306e-06 1.889e-02 1.537e-06 6.024e-03
8.000e+00 2.008e-06 1.799e-02 1.418e-06 6.415e-03
8.241e+00 1.892e-06 1.761e-02 1.370e-06 6.584e-03
9.000e+00 1.587e-06 1.654e-02 1.239e-06 7.095e-03
9.097e+00 1.553e-06 1.641e-02 1.223e-06 7.157e-03
1.000e+01 1.285e-06 1.532e-02 1.099e-06 7.713e-03
1.004e+01 1.275e-06 1.528e-02 1.094e-06 7.736e-03
1.100e+01 1.062e-06 1.429e-02 9.878e-07 8.276e-03
1.109e+01 1.045e-06 1.420e-02 9.788e-07 8.325e-03
1.200e+01 8.926e-07 1.340e-02 8.968e-07 8.795e-03
1.224e+01 8.579e-07 1.321e-02 8.774e-07 8.914e-03
1.300e+01 7.606e-07 1.262e-02 8.210e-07 9.278e-03
1.351e+01 7.042e-07 1.227e-02 7.870e-07 9.511e-03
1.400e+01 6.557e-07 1.194e-02 7.569e-07 9.728e-03
1.491e+01 5.781e-07 1.139e-02 7.068e-07 1.011e-02
1.500e+01 5.712e-07 1.134e-02 7.022e-07 1.015e-02
1.600e+01 5.020e-07 1.080e-02 6.548e-07 1.054e-02
1.646e+01 4.743e-07 1.057e-02 6.350e-07 1.072e-02
1.800e+01 3.967e-07 9.869e-03 5.766e-07 1.127e-02
1.818e+01 3.888e-07 9.794e-03 5.705e-07 1.133e-02
2.000e+01 3.213e-07 9.101e-03 5.153e-07 1.191e-02
