# GLUCOSE from NIST Database
1.540e+00 0.000e+00 0.000e+00 0.000e+00 0.000e+00
1.000e+00 7.064e-02 3.500e+00 0.000e+00 0.000e+00
6.000e+00 3.028e-02 3.500e+00 0.000e+00 0.000e+00
8.000e+00 3.532e-02 3.500e+00 0.000e+00 0.000e+00
0.000e+00 0.000e+00 0.000e+00 0.000e+00 0.000e+00
1.000e-03 1.266e+00 1.299e-02 3.397e+03 0.000e+00
1.020e-03 1.261e+00 1.345e-02 3.221e+03 0.000e+00
1.126e-03 1.238e+00 1.601e-02 2.468e+03 0.000e+00
1.243e-03 1.213e+00 1.903e-02 1.889e+03 0.000e+00
1.372e-03 1.185e+00 2.253e-02 1.443e+03 0.000e+00
1.500e-03 1.156e+00 2.613e-02 1.129e+03 0.000e+00
1.515e-03 1.153e+00 2.656e-02 1.098e+03 0.000e+00
1.672e-03 1.115e+00 3.108e-02 8.339e+02 0.000e+00
1.846e-03 1.072e+00 3.616e-02 6.305e+02 0.000e+00
2.000e-03 1.034e+00 4.067e-02 5.018e+02 0.000e+00
2.038e-03 1.025e+00 4.178e-02 4.755e+02 0.000e+00
2.250e-03 9.722e-01 4.792e-02 3.578e+02 0.000e+00
2.483e-03 9.164e-01 5.452e-02 2.690e+02 0.000e+00
2.741e-03 8.572e-01 6.158e-02 2.017e+02 0.000e+00
3.000e-03 8.010e-01 6.832e-02 1.547e+02 0.000e+00
3.026e-03 7.956e-01 6.898e-02 1.508e+02 0.000e+00
3.341e-03 7.324e-01 7.662e-02 1.125e+02 0.000e+00
3.688e-03 6.692e-01 8.436e-02 8.381e+01 0.000e+00
4.000e-03 6.180e-01 9.073e-02 6.570e+01 0.000e+00
4.071e-03 6.071e-01 9.210e-02 6.232e+01 0.000e+00
4.494e-03 5.470e-01 9.971e-02 4.626e+01 0.000e+00
4.961e-03 4.901e-01 1.071e-01 3.427e+01 0.000e+00
5.000e-03 4.857e-01 1.077e-01 3.346e+01 0.000e+00
5.477e-03 4.370e-01 1.141e-01 2.533e+01 0.000e+00
6.000e-03 3.918e-01 1.202e-01 1.915e+01 0.000e+00
6.046e-03 3.882e-01 1.207e-01 1.870e+01 0.000e+00
6.675e-03 3.437e-01 1.269e-01 1.378e+01 0.000e+00
7.368e-03 3.037e-01 1.327e-01 1.015e+01 0.000e+00
8.000e-03 2.736e-01 1.371e-01 7.854e+00 0.000e+00
8.134e-03 2.679e-01 1.380e-01 7.457e+00 0.000e+00
8.979e-03 2.361e-01 1.429e-01 5.474e+00 0.000e+00
9.912e-03 2.080e-01 1.474e-01 4.011e+00 0.000e+00
1.000e-02 2.056e-01 1.478e-01 3.901e+00 0.000e+00
1.094e-02 1.831e-01 1.516e-01 2.937e+00 0.000e+00
1.208e-02 1.609e-01 1.555e-01 2.145e+00 0.000e+00
1.334e-02 1.411e-01 1.591e-01 1.564e+00 0.000e+00
1.472e-02 1.235e-01 1.624e-01 1.141e+00 0.000e+00
1.500e-02 1.204e-01 1.630e-01 1.074e+00 0.000e+00
1.625e-02 1.078e-01 1.655e-01 8.310e-01 0.000e+00
1.794e-02 9.368e-02 1.682e-01 6.043e-01 0.000e+00
1.980e-02 8.112e-02 1.707e-01 4.393e-01 0.000e+00
2.000e-02 7.991e-02 1.709e-01 4.253e-01 0.000e+00
2.186e-02 6.988e-02 1.727e-01 3.187e-01 0.000e+00
2.413e-02 5.993e-02 1.743e-01 2.311e-01 0.000e+00
2.664e-02 5.117e-02 1.756e-01 1.674e-01 0.000e+00
2.941e-02 4.352e-02 1.764e-01 1.211e-01 0.000e+00
3.000e-02 4.210e-02 1.765e-01 1.135e-01 0.000e+00
3.247e-02 3.687e-02 1.768e-01 8.757e-02 0.000e+00
3.584e-02 3.114e-02 1.768e-01 6.332e-02 0.000e+00
3.957e-02 2.622e-02 1.765e-01 4.572e-02 0.000e+00
4.000e-02 2.573e-02 1.764e-01 4.412e-02 0.000e+00
4.368e-02 2.203e-02 1.757e-01 3.301e-02 0.000e+00
4.822e-02 1.847e-02 1.745e-01 2.382e-02 0.000e+00
5.000e-02 1.731e-02 1.740e-01 2.113e-02 0.000e+00
5.323e-02 1.545e-02 1.730e-01 1.718e-02 0.000e+00
5.876e-02 1.291e-02 1.712e-01 1.239e-02 0.000e+00
6.000e-02 1.242e-02 1.708e-01 1.156e-02 0.000e+00
6.486e-02 1.076e-02 1.691e-01 8.933e-03 0.000e+00
7.161e-02 8.953e-03 1.667e-01 6.437e-03 0.000e+00
7.905e-02 7.438e-03 1.640e-01 4.641e-03 0.000e+00
8.000e-02 7.272e-03 1.637e-01 4.461e-03 0.000e+00
8.726e-02 6.170e-03 1.611e-01 3.346e-03 0.000e+00
9.633e-02 5.110e-03 1.580e-01 2.413e-03 0.000e+00
1.000e-01 4.757e-03 1.568e-01 2.133e-03 0.000e+00
1.063e-01 4.230e-03 1.547e-01 1.744e-03 0.000e+00
1.174e-01 3.492e-03 1.512e-01 1.257e-03 0.000e+00
1.296e-01 2.882e-03 1.476e-01 9.087e-04 0.000e+00
1.431e-01 2.376e-03 1.439e-01 6.570e-04 0.000e+00
1.500e-01 2.167e-03 1.420e-01 5.634e-04 0.000e+00
1.579e-01 1.959e-03 1.400e-01 4.767e-04 0.000e+00
1.743e-01 1.613e-03 1.361e-01 3.460e-04 0.000e+00
1.925e-01 1.326e-03 1.320e-01 2.513e-04 0.000e+00
2.000e-01 1.230e-03 1.304e-01 2.224e-04 0.000e+00
2.125e-01 1.091e-03 1.280e-01 1.833e-04 0.000e+00
2.345e-01 8.978e-04 1.239e-01 1.343e-04 0.000e+00
2.589e-01 7.378e-04 1.198e-01 9.862e-05 0.000e+00
2.858e-01 6.063e-04 1.157e-01 7.274e-05 0.000e+00
3.000e-01 5.506e-04 1.137e-01 6.276e-05 0.000e+00
3.155e-01 4.981e-04 1.116e-01 5.391e-05 0.000e+00
3.483e-01 4.091e-04 1.075e-01 4.016e-05 0.000e+00
3.845e-01 3.359e-04 1.035e-01 3.009e-05 0.000e+00
4.000e-01 3.105e-04 1.019e-01 2.685e-05 0.000e+00
4.245e-01 2.758e-04 9.955e-02 2.268e-05 0.000e+00
4.686e-01 2.264e-04 9.565e-02 1.723e-05 0.000e+00
5.000e-01 1.989e-04 9.312e-02 1.447e-05 0.000e+00
5.173e-01 1.859e-04 9.180e-02 1.323e-05 0.000e+00
5.710e-01 1.526e-04 8.802e-02 1.024e-05 0.000e+00
6.000e-01 1.382e-04 8.615e-02 9.011e-06 0.000e+00
6.304e-01 1.253e-04 8.430e-02 7.925e-06 0.000e+00
6.959e-01 1.028e-04 8.068e-02 6.169e-06 0.000e+00
7.682e-01 8.439e-05 7.713e-02 4.927e-06 0.000e+00
8.000e-01 7.781e-05 7.570e-02 4.547e-06 0.000e+00
8.480e-01 6.925e-05 7.366e-02 4.102e-06 0.000e+00
9.361e-01 5.683e-05 7.028e-02 3.390e-06 0.000e+00
1.000e+00 4.981e-05 6.808e-02 2.827e-06 0.000e+00
1.022e+00 4.770e-05 6.737e-02 2.630e-06 0.000e+00
1.033e+00 4.669e-05 6.702e-02 2.543e-06 3.225e-09
1.141e+00 3.828e-05 6.379e-02 2.043e-06 3.059e-06
1.250e+00 3.189e-05 6.088e-02 1.785e-06 1.654e-05
1.259e+00 3.144e-05 6.065e-02 1.766e-06 1.820e-05
1.390e+00 2.579e-05 5.761e-02 1.489e-06 5.154e-05
1.500e+00 2.214e-05 5.533e-02 1.296e-06 9.155e-05
1.535e+00 2.115e-05 5.466e-02 1.244e-06 1.063e-04
1.694e+00 1.737e-05 5.183e-02 1.055e-06 1.833e-04
1.870e+00 1.425e-05 4.907e-02 9.036e-07 2.836e-04
2.000e+00 1.246e-05 4.722e-02 8.154e-07 3.646e-04
2.044e+00 1.193e-05 4.663e-02 7.888e-07 3.929e-04
2.065e+00 1.168e-05 4.636e-02 7.766e-07 4.066e-04
2.279e+00 9.590e-06 4.377e-02 6.705e-07 5.497e-04
2.516e+00 7.869e-06 4.129e-02 5.815e-07 7.139e-04
2.778e+00 6.457e-06 3.892e-02 5.063e-07 8.986e-04
3.000e+00 5.537e-06 3.715e-02 4.559e-07 1.056e-03
3.066e+00 5.302e-06 3.666e-02 4.427e-07 1.102e-03
3.385e+00 4.350e-06 3.447e-02 3.882e-07 1.326e-03
3.737e+00 3.569e-06 3.237e-02 3.414e-07 1.569e-03
4.000e+00 3.115e-06 3.099e-02 3.130e-07 1.745e-03
4.125e+00 2.929e-06 3.038e-02 3.011e-07 1.827e-03
4.554e+00 2.403e-06 2.847e-02 2.662e-07 2.101e-03
5.000e+00 1.993e-06 2.676e-02 2.374e-07 2.376e-03
5.027e+00 1.972e-06 2.666e-02 2.359e-07 2.392e-03
5.549e+00 1.618e-06 2.495e-02 2.094e-07 2.699e-03
6.000e+00 1.384e-06 2.365e-02 1.909e-07 2.952e-03
6.126e+00 1.328e-06 2.332e-02 1.863e-07 3.021e-03
6.762e+00 1.090e-06 2.178e-02 1.660e-07 3.353e-03
7.000e+00 1.017e-06 2.126e-02 1.595e-07 3.472e-03
7.465e+00 8.943e-07 2.032e-02 1.481e-07 3.696e-03
8.000e+00 7.787e-07 1.935e-02 1.369e-07 3.943e-03
8.241e+00 7.339e-07 1.894e-02 1.324e-07 4.051e-03
9.000e+00 6.153e-07 1.779e-02 1.199e-07 4.376e-03
9.097e+00 6.023e-07 1.765e-02 1.184e-07 4.416e-03
1.000e+01 4.984e-07 1.648e-02 1.066e-07 4.769e-03
1.004e+01 4.944e-07 1.643e-02 1.061e-07 4.784e-03
1.100e+01 4.118e-07 1.537e-02 9.595e-08 5.129e-03
1.109e+01 4.052e-07 1.528e-02 9.509e-08 5.161e-03
1.200e+01 3.461e-07 1.441e-02 8.721e-08 5.462e-03
1.224e+01 3.326e-07 1.420e-02 8.535e-08 5.538e-03
1.300e+01 2.949e-07 1.358e-02 7.994e-08 5.772e-03
1.351e+01 2.731e-07 1.319e-02 7.667e-08 5.922e-03
1.400e+01 2.543e-07 1.285e-02 7.377e-08 6.061e-03
1.491e+01 2.242e-07 1.225e-02 6.895e-08 6.308e-03
1.500e+01 2.215e-07 1.220e-02 6.850e-08 6.331e-03
1.600e+01 1.947e-07 1.161e-02 6.393e-08 6.589e-03
1.646e+01 1.839e-07 1.137e-02 6.203e-08 6.701e-03
1.800e+01 1.538e-07 1.061e-02 5.640e-08 7.057e-03
1.818e+01 1.508e-07 1.053e-02 5.580e-08 7.097e-03
2.000e+01 1.246e-07 9.788e-03 5.043e-08 7.478e-03
