# GLUTAMINE from NIST Database
1.460e+00 0.000e+00 0.000e+00 0.000e+00 0.000e+00
1.000e+00 6.842e-02 3.500e+00 0.000e+00 0.000e+00
6.000e+00 3.422e-02 3.500e+00 0.000e+00 0.000e+00
7.000e+00 1.369e-02 3.500e+00 0.000e+00 0.000e+00
8.000e+00 2.053e-02 3.500e+00 0.000e+00 0.000e+00
0.000e+00 0.000e+00 0.000e+00 0.000e+00 0.000e+00
1.000e-03 1.208e+00 1.357e-02 3.050e+03 0.000e+00
1.020e-03 1.203e+00 1.405e-02 2.890e+03 0.000e+00
1.126e-03 1.180e+00 1.671e-02 2.209e+03 0.000e+00
1.243e-03 1.154e+00 1.984e-02 1.686e+03 0.000e+00
1.372e-03 1.126e+00 2.347e-02 1.285e+03 0.000e+00
1.500e-03 1.097e+00 2.719e-02 1.003e+03 0.000e+00
1.515e-03 1.093e+00 2.763e-02 9.755e+02 0.000e+00
1.672e-03 1.056e+00 3.230e-02 7.391e+02 0.000e+00
1.846e-03 1.012e+00 3.753e-02 5.576e+02 0.000e+00
2.000e-03 9.742e-01 4.215e-02 4.431e+02 0.000e+00
2.038e-03 9.648e-01 4.329e-02 4.197e+02 0.000e+00
2.250e-03 9.129e-01 4.957e-02 3.152e+02 0.000e+00
2.483e-03 8.580e-01 5.630e-02 2.365e+02 0.000e+00
2.741e-03 8.002e-01 6.345e-02 1.770e+02 0.000e+00
3.000e-03 7.457e-01 7.026e-02 1.355e+02 0.000e+00
3.026e-03 7.405e-01 7.093e-02 1.321e+02 0.000e+00
3.341e-03 6.798e-01 7.861e-02 9.839e+01 0.000e+00
3.688e-03 6.196e-01 8.635e-02 7.318e+01 0.000e+00
4.000e-03 5.712e-01 9.267e-02 5.730e+01 0.000e+00
4.071e-03 5.609e-01 9.403e-02 5.434e+01 0.000e+00
4.494e-03 5.047e-01 1.015e-01 4.027e+01 0.000e+00
4.961e-03 4.517e-01 1.087e-01 2.979e+01 0.000e+00
5.000e-03 4.477e-01 1.093e-01 2.909e+01 0.000e+00
5.477e-03 4.027e-01 1.156e-01 2.200e+01 0.000e+00
6.000e-03 3.611e-01 1.215e-01 1.661e+01 0.000e+00
6.046e-03 3.578e-01 1.220e-01 1.622e+01 0.000e+00
6.675e-03 3.171e-01 1.280e-01 1.194e+01 0.000e+00
7.368e-03 2.807e-01 1.336e-01 8.776e+00 0.000e+00
8.000e-03 2.533e-01 1.379e-01 6.785e+00 0.000e+00
8.134e-03 2.481e-01 1.387e-01 6.441e+00 0.000e+00
8.979e-03 2.192e-01 1.435e-01 4.721e+00 0.000e+00
9.912e-03 1.936e-01 1.479e-01 3.456e+00 0.000e+00
1.000e-02 1.914e-01 1.483e-01 3.361e+00 0.000e+00
1.094e-02 1.708e-01 1.520e-01 2.528e+00 0.000e+00
1.208e-02 1.504e-01 1.559e-01 1.844e+00 0.000e+00
1.334e-02 1.322e-01 1.595e-01 1.342e+00 0.000e+00
1.472e-02 1.159e-01 1.628e-01 9.789e-01 0.000e+00
1.500e-02 1.129e-01 1.634e-01 9.213e-01 0.000e+00
1.625e-02 1.011e-01 1.658e-01 7.120e-01 0.000e+00
1.794e-02 8.792e-02 1.686e-01 5.172e-01 0.000e+00
1.980e-02 7.610e-02 1.710e-01 3.756e-01 0.000e+00
2.000e-02 7.497e-02 1.712e-01 3.636e-01 0.000e+00
2.186e-02 6.551e-02 1.730e-01 2.723e-01 0.000e+00
2.413e-02 5.614e-02 1.746e-01 1.973e-01 0.000e+00
2.664e-02 4.790e-02 1.758e-01 1.427e-01 0.000e+00
2.941e-02 4.070e-02 1.766e-01 1.032e-01 0.000e+00
3.000e-02 3.938e-02 1.767e-01 9.670e-02 0.000e+00
3.247e-02 3.446e-02 1.770e-01 7.456e-02 0.000e+00
3.584e-02 2.910e-02 1.769e-01 5.387e-02 0.000e+00
3.957e-02 2.449e-02 1.765e-01 3.887e-02 0.000e+00
4.000e-02 2.403e-02 1.764e-01 3.751e-02 0.000e+00
4.368e-02 2.057e-02 1.756e-01 2.805e-02 0.000e+00
4.822e-02 1.724e-02 1.744e-01 2.022e-02 0.000e+00
5.000e-02 1.615e-02 1.739e-01 1.794e-02 0.000e+00
5.323e-02 1.442e-02 1.729e-01 1.458e-02 0.000e+00
5.876e-02 1.204e-02 1.710e-01 1.051e-02 0.000e+00
6.000e-02 1.159e-02 1.706e-01 9.803e-03 0.000e+00
6.486e-02 1.004e-02 1.689e-01 7.571e-03 0.000e+00
7.161e-02 8.346e-03 1.665e-01 5.453e-03 0.000e+00
7.905e-02 6.931e-03 1.638e-01 3.929e-03 0.000e+00
8.000e-02 6.776e-03 1.635e-01 3.776e-03 0.000e+00
8.726e-02 5.747e-03 1.609e-01 2.832e-03 0.000e+00
9.633e-02 4.758e-03 1.578e-01 2.041e-03 0.000e+00
1.000e-01 4.428e-03 1.565e-01 1.804e-03 0.000e+00
1.063e-01 3.937e-03 1.545e-01 1.474e-03 0.000e+00
1.174e-01 3.249e-03 1.510e-01 1.062e-03 0.000e+00
1.296e-01 2.681e-03 1.474e-01 7.675e-04 0.000e+00
1.431e-01 2.209e-03 1.436e-01 5.548e-04 0.000e+00
1.500e-01 2.015e-03 1.418e-01 4.757e-04 0.000e+00
1.579e-01 1.822e-03 1.397e-01 4.025e-04 0.000e+00
1.743e-01 1.500e-03 1.358e-01 2.921e-04 0.000e+00
1.925e-01 1.233e-03 1.318e-01 2.121e-04 0.000e+00
2.000e-01 1.143e-03 1.302e-01 1.877e-04 0.000e+00
2.125e-01 1.014e-03 1.277e-01 1.547e-04 0.000e+00
2.345e-01 8.342e-04 1.236e-01 1.133e-04 0.000e+00
2.589e-01 6.855e-04 1.195e-01 8.314e-05 0.000e+00
2.858e-01 5.632e-04 1.154e-01 6.131e-05 0.000e+00
3.000e-01 5.115e-04 1.134e-01 5.289e-05 0.000e+00
3.155e-01 4.627e-04 1.114e-01 4.542e-05 0.000e+00
3.483e-01 3.800e-04 1.073e-01 3.383e-05 0.000e+00
3.845e-01 3.120e-04 1.033e-01 2.534e-05 0.000e+00
4.000e-01 2.884e-04 1.017e-01 2.262e-05 0.000e+00
4.245e-01 2.561e-04 9.934e-02 1.910e-05 0.000e+00
4.686e-01 2.103e-04 9.545e-02 1.451e-05 0.000e+00
5.000e-01 1.848e-04 9.292e-02 1.218e-05 0.000e+00
5.173e-01 1.726e-04 9.160e-02 1.114e-05 0.000e+00
5.710e-01 1.417e-04 8.783e-02 8.622e-06 0.000e+00
6.000e-01 1.284e-04 8.596e-02 7.585e-06 0.000e+00
6.304e-01 1.163e-04 8.413e-02 6.669e-06 0.000e+00
6.959e-01 9.548e-05 8.051e-02 5.188e-06 0.000e+00
7.682e-01 7.836e-05 7.697e-02 4.144e-06 0.000e+00
8.000e-01 7.226e-05 7.553e-02 3.827e-06 0.000e+00
8.480e-01 6.430e-05 7.349e-02 3.457e-06 0.000e+00
9.361e-01 5.277e-05 7.011e-02 2.860e-06 0.000e+00
1.000e+00 4.626e-05 6.793e-02 2.379e-06 0.000e+00
1.022e+00 4.429e-05 6.722e-02 2.210e-06 0.000e+00
1.033e+00 4.336e-05 6.688e-02 2.136e-06 3.086e-09
1.141e+00 3.555e-05 6.366e-02 1.714e-06 2.930e-06
1.250e+00 2.961e-05 6.075e-02 1.500e-06 1.585e-05
1.259e+00 2.919e-05 6.052e-02 1.484e-06 1.744e-05
1.390e+00 2.395e-05 5.748e-02 1.252e-06 4.943e-05
1.500e+00 2.056e-05 5.521e-02 1.089e-06 8.782e-05
1.535e+00 1.964e-05 5.454e-02 1.045e-06 1.020e-04
1.694e+00 1.613e-05 5.171e-02 8.864e-07 1.759e-04
1.870e+00 1.324e-05 4.896e-02 7.596e-07 2.721e-04
2.000e+00 1.157e-05 4.712e-02 6.856e-07 3.498e-04
2.044e+00 1.107e-05 4.653e-02 6.633e-07 3.770e-04
2.065e+00 1.085e-05 4.625e-02 6.531e-07 3.902e-04
2.279e+00 8.905e-06 4.367e-02 5.641e-07 5.276e-04
2.516e+00 7.307e-06 4.121e-02 4.892e-07 6.852e-04
2.778e+00 5.995e-06 3.884e-02 4.260e-07 8.627e-04
3.000e+00 5.142e-06 3.707e-02 3.836e-07 1.014e-03
3.066e+00 4.923e-06 3.657e-02 3.725e-07 1.059e-03
3.385e+00 4.039e-06 3.439e-02 3.267e-07 1.274e-03
3.737e+00 3.314e-06 3.230e-02 2.874e-07 1.507e-03
4.000e+00 2.893e-06 3.092e-02 2.635e-07 1.677e-03
4.125e+00 2.720e-06 3.031e-02 2.535e-07 1.756e-03
4.554e+00 2.231e-06 2.841e-02 2.241e-07 2.020e-03
5.000e+00 1.851e-06 2.670e-02 1.999e-07 2.285e-03
5.027e+00 1.831e-06 2.661e-02 1.986e-07 2.300e-03
5.549e+00 1.503e-06 2.489e-02 1.764e-07 2.596e-03
6.000e+00 1.286e-06 2.360e-02 1.608e-07 2.840e-03
6.126e+00 1.233e-06 2.327e-02 1.569e-07 2.906e-03
6.762e+00 1.012e-06 2.173e-02 1.399e-07 3.227e-03
7.000e+00 9.444e-07 2.121e-02 1.344e-07 3.341e-03
7.465e+00 8.305e-07 2.028e-02 1.248e-07 3.558e-03
8.000e+00 7.232e-07 1.931e-02 1.153e-07 3.796e-03
8.241e+00 6.815e-07 1.890e-02 1.115e-07 3.900e-03
9.000e+00 5.714e-07 1.775e-02 1.010e-07 4.214e-03
9.097e+00 5.593e-07 1.761e-02 9.980e-08 4.253e-03
1.000e+01 4.628e-07 1.644e-02 8.982e-08 4.594e-03
1.004e+01 4.591e-07 1.639e-02 8.942e-08 4.608e-03
1.100e+01 3.825e-07 1.534e-02 8.085e-08 4.942e-03
1.109e+01 3.763e-07 1.524e-02 8.013e-08 4.973e-03
1.200e+01 3.214e-07 1.438e-02 7.350e-08 5.263e-03
1.224e+01 3.089e-07 1.417e-02 7.193e-08 5.337e-03
1.300e+01 2.739e-07 1.355e-02 6.738e-08 5.563e-03
1.351e+01 2.536e-07 1.316e-02 6.462e-08 5.708e-03
1.400e+01 2.361e-07 1.282e-02 6.218e-08 5.843e-03
1.491e+01 2.082e-07 1.222e-02 5.811e-08 6.082e-03
1.500e+01 2.057e-07 1.217e-02 5.774e-08 6.104e-03
1.600e+01 1.808e-07 1.159e-02 5.389e-08 6.353e-03
1.646e+01 1.708e-07 1.134e-02 5.228e-08 6.462e-03
1.800e+01 1.428e-07 1.059e-02 4.754e-08 6.805e-03
1.818e+01 1.400e-07 1.051e-02 4.704e-08 6.844e-03
2.000e+01 1.157e-07 9.766e-03 4.252e-08 7.213e-03
