# GLYCEROL from NIST Database
1.261e+00 0.000e+00 0.000e+00 0.000e+00 0.000e+00
1.000e+00 8.686e-02 3.500e+00 0.000e+00 0.000e+00
6.000e+00 3.258e-02 3.500e+00 0.000e+00 0.000e+00
8.000e+00 3.257e-02 3.500e+00 0.000e+00 0.000e+00
0.000e+00 0.000e+00 0.000e+00 0.000e+00 0.000e+00
1.000e-03 1.235e+00 1.379e-02 3.256e+03 0.000e+00
1.020e-03 1.230e+00 1.428e-02 3.087e+03 0.000e+00
1.126e-03 1.207e+00 1.698e-02 2.364e+03 0.000e+00
1.243e-03 1.183e+00 2.017e-02 1.809e+03 0.000e+00
1.372e-03 1.155e+00 2.386e-02 1.382e+03 0.000e+00
1.500e-03 1.127e+00 2.766e-02 1.080e+03 0.000e+00
1.515e-03 1.123e+00 2.811e-02 1.051e+03 0.000e+00
1.672e-03 1.086e+00 3.286e-02 7.976e+02 0.000e+00
1.846e-03 1.043e+00 3.819e-02 6.028e+02 0.000e+00
2.000e-03 1.005e+00 4.290e-02 4.796e+02 0.000e+00
2.038e-03 9.961e-01 4.406e-02 4.545e+02 0.000e+00
2.250e-03 9.446e-01 5.047e-02 3.419e+02 0.000e+00
2.483e-03 8.897e-01 5.733e-02 2.570e+02 0.000e+00
2.741e-03 8.316e-01 6.463e-02 1.926e+02 0.000e+00
3.000e-03 7.766e-01 7.159e-02 1.477e+02 0.000e+00
3.026e-03 7.713e-01 7.226e-02 1.440e+02 0.000e+00
3.341e-03 7.096e-01 8.011e-02 1.074e+02 0.000e+00
3.688e-03 6.480e-01 8.803e-02 7.996e+01 0.000e+00
4.000e-03 5.981e-01 9.451e-02 6.268e+01 0.000e+00
4.071e-03 5.875e-01 9.590e-02 5.945e+01 0.000e+00
4.494e-03 5.292e-01 1.036e-01 4.411e+01 0.000e+00
4.961e-03 4.740e-01 1.111e-01 3.267e+01 0.000e+00
5.000e-03 4.698e-01 1.116e-01 3.190e+01 0.000e+00
5.477e-03 4.226e-01 1.181e-01 2.415e+01 0.000e+00
6.000e-03 3.789e-01 1.243e-01 1.825e+01 0.000e+00
6.046e-03 3.754e-01 1.248e-01 1.783e+01 0.000e+00
6.675e-03 3.325e-01 1.310e-01 1.313e+01 0.000e+00
7.368e-03 2.939e-01 1.367e-01 9.667e+00 0.000e+00
8.000e-03 2.649e-01 1.411e-01 7.480e+00 0.000e+00
8.134e-03 2.593e-01 1.420e-01 7.102e+00 0.000e+00
8.979e-03 2.287e-01 1.468e-01 5.212e+00 0.000e+00
9.912e-03 2.015e-01 1.513e-01 3.819e+00 0.000e+00
1.000e-02 1.992e-01 1.517e-01 3.714e+00 0.000e+00
1.094e-02 1.774e-01 1.555e-01 2.796e+00 0.000e+00
1.208e-02 1.560e-01 1.594e-01 2.041e+00 0.000e+00
1.334e-02 1.368e-01 1.629e-01 1.488e+00 0.000e+00
1.472e-02 1.198e-01 1.662e-01 1.086e+00 0.000e+00
1.500e-02 1.168e-01 1.668e-01 1.022e+00 0.000e+00
1.625e-02 1.045e-01 1.692e-01 7.904e-01 0.000e+00
1.794e-02 9.083e-02 1.719e-01 5.747e-01 0.000e+00
1.980e-02 7.863e-02 1.742e-01 4.177e-01 0.000e+00
2.000e-02 7.747e-02 1.744e-01 4.044e-01 0.000e+00
2.186e-02 6.772e-02 1.762e-01 3.030e-01 0.000e+00
2.413e-02 5.807e-02 1.778e-01 2.197e-01 0.000e+00
2.664e-02 4.957e-02 1.789e-01 1.591e-01 0.000e+00
2.941e-02 4.215e-02 1.797e-01 1.151e-01 0.000e+00
3.000e-02 4.078e-02 1.798e-01 1.079e-01 0.000e+00
3.247e-02 3.570e-02 1.800e-01 8.321e-02 0.000e+00
3.584e-02 3.015e-02 1.800e-01 6.016e-02 0.000e+00
3.957e-02 2.538e-02 1.795e-01 4.343e-02 0.000e+00
4.000e-02 2.491e-02 1.794e-01 4.191e-02 0.000e+00
4.368e-02 2.133e-02 1.787e-01 3.136e-02 0.000e+00
4.822e-02 1.788e-02 1.774e-01 2.262e-02 0.000e+00
5.000e-02 1.675e-02 1.769e-01 2.007e-02 0.000e+00
5.323e-02 1.496e-02 1.759e-01 1.632e-02 0.000e+00
5.876e-02 1.249e-02 1.740e-01 1.176e-02 0.000e+00
6.000e-02 1.202e-02 1.735e-01 1.098e-02 0.000e+00
6.486e-02 1.041e-02 1.718e-01 8.483e-03 0.000e+00
7.161e-02 8.662e-03 1.693e-01 6.112e-03 0.000e+00
7.905e-02 7.196e-03 1.666e-01 4.406e-03 0.000e+00
8.000e-02 7.035e-03 1.663e-01 4.235e-03 0.000e+00
8.726e-02 5.968e-03 1.637e-01 3.177e-03 0.000e+00
9.633e-02 4.942e-03 1.605e-01 2.291e-03 0.000e+00
1.000e-01 4.600e-03 1.592e-01 2.025e-03 0.000e+00
1.063e-01 4.091e-03 1.571e-01 1.655e-03 0.000e+00
1.174e-01 3.377e-03 1.536e-01 1.193e-03 0.000e+00
1.296e-01 2.787e-03 1.499e-01 8.624e-04 0.000e+00
1.431e-01 2.297e-03 1.461e-01 6.236e-04 0.000e+00
1.500e-01 2.095e-03 1.442e-01 5.347e-04 0.000e+00
1.579e-01 1.894e-03 1.421e-01 4.524e-04 0.000e+00
1.743e-01 1.560e-03 1.381e-01 3.284e-04 0.000e+00
1.925e-01 1.282e-03 1.340e-01 2.385e-04 0.000e+00
2.000e-01 1.189e-03 1.324e-01 2.111e-04 0.000e+00
2.125e-01 1.055e-03 1.299e-01 1.740e-04 0.000e+00
2.345e-01 8.679e-04 1.258e-01 1.274e-04 0.000e+00
2.589e-01 7.132e-04 1.216e-01 9.357e-05 0.000e+00
2.858e-01 5.861e-04 1.174e-01 6.902e-05 0.000e+00
3.000e-01 5.322e-04 1.154e-01 5.955e-05 0.000e+00
3.155e-01 4.815e-04 1.133e-01 5.115e-05 0.000e+00
3.483e-01 3.954e-04 1.091e-01 3.810e-05 0.000e+00
3.845e-01 3.247e-04 1.051e-01 2.854e-05 0.000e+00
4.000e-01 3.001e-04 1.035e-01 2.548e-05 0.000e+00
4.245e-01 2.666e-04 1.010e-01 2.151e-05 0.000e+00
4.686e-01 2.189e-04 9.709e-02 1.635e-05 0.000e+00
5.000e-01 1.923e-04 9.452e-02 1.373e-05 0.000e+00
5.173e-01 1.797e-04 9.319e-02 1.255e-05 0.000e+00
5.710e-01 1.475e-04 8.934e-02 9.716e-06 0.000e+00
6.000e-01 1.336e-04 8.745e-02 8.548e-06 0.000e+00
6.304e-01 1.211e-04 8.557e-02 7.518e-06 0.000e+00
6.959e-01 9.939e-05 8.189e-02 5.851e-06 0.000e+00
7.682e-01 8.157e-05 7.829e-02 4.673e-06 0.000e+00
8.000e-01 7.522e-05 7.684e-02 4.313e-06 0.000e+00
8.480e-01 6.694e-05 7.477e-02 3.892e-06 0.000e+00
9.361e-01 5.493e-05 7.134e-02 3.217e-06 0.000e+00
1.000e+00 4.815e-05 6.911e-02 2.682e-06 0.000e+00
1.022e+00 4.611e-05 6.838e-02 2.494e-06 0.000e+00
1.033e+00 4.513e-05 6.803e-02 2.412e-06 3.149e-09
1.141e+00 3.700e-05 6.475e-02 1.937e-06 2.988e-06
1.250e+00 3.083e-05 6.179e-02 1.693e-06 1.616e-05
1.259e+00 3.039e-05 6.157e-02 1.675e-06 1.778e-05
1.390e+00 2.493e-05 5.847e-02 1.412e-06 5.037e-05
1.500e+00 2.141e-05 5.617e-02 1.229e-06 8.947e-05
1.535e+00 2.044e-05 5.548e-02 1.180e-06 1.039e-04
1.694e+00 1.679e-05 5.261e-02 1.000e-06 1.792e-04
1.870e+00 1.378e-05 4.980e-02 8.570e-07 2.772e-04
2.000e+00 1.204e-05 4.793e-02 7.734e-07 3.563e-04
2.044e+00 1.153e-05 4.733e-02 7.481e-07 3.841e-04
2.065e+00 1.129e-05 4.705e-02 7.366e-07 3.974e-04
2.279e+00 9.270e-06 4.443e-02 6.360e-07 5.373e-04
2.516e+00 7.607e-06 4.192e-02 5.515e-07 6.978e-04
2.778e+00 6.241e-06 3.951e-02 4.802e-07 8.786e-04
3.000e+00 5.353e-06 3.771e-02 4.324e-07 1.032e-03
3.066e+00 5.125e-06 3.721e-02 4.199e-07 1.078e-03
3.385e+00 4.205e-06 3.498e-02 3.682e-07 1.298e-03
3.737e+00 3.450e-06 3.286e-02 3.239e-07 1.535e-03
4.000e+00 3.011e-06 3.145e-02 2.970e-07 1.708e-03
4.125e+00 2.831e-06 3.083e-02 2.857e-07 1.788e-03
4.554e+00 2.323e-06 2.890e-02 2.525e-07 2.058e-03
5.000e+00 1.927e-06 2.716e-02 2.252e-07 2.326e-03
5.027e+00 1.906e-06 2.707e-02 2.238e-07 2.342e-03
5.549e+00 1.564e-06 2.532e-02 1.987e-07 2.644e-03
6.000e+00 1.338e-06 2.401e-02 1.811e-07 2.892e-03
6.126e+00 1.284e-06 2.367e-02 1.767e-07 2.959e-03
6.762e+00 1.053e-06 2.211e-02 1.575e-07 3.286e-03
7.000e+00 9.831e-07 2.158e-02 1.513e-07 3.402e-03
7.465e+00 8.645e-07 2.063e-02 1.405e-07 3.622e-03
8.000e+00 7.528e-07 1.964e-02 1.299e-07 3.865e-03
8.241e+00 7.094e-07 1.923e-02 1.256e-07 3.971e-03
9.000e+00 5.948e-07 1.805e-02 1.137e-07 4.289e-03
9.097e+00 5.822e-07 1.791e-02 1.124e-07 4.328e-03
1.000e+01 4.818e-07 1.673e-02 1.011e-07 4.675e-03
1.004e+01 4.779e-07 1.668e-02 1.007e-07 4.690e-03
1.100e+01 3.981e-07 1.560e-02 9.103e-08 5.030e-03
1.109e+01 3.917e-07 1.551e-02 9.022e-08 5.061e-03
1.200e+01 3.345e-07 1.463e-02 8.275e-08 5.357e-03
1.224e+01 3.215e-07 1.442e-02 8.098e-08 5.432e-03
1.300e+01 2.851e-07 1.378e-02 7.585e-08 5.662e-03
1.351e+01 2.639e-07 1.339e-02 7.274e-08 5.810e-03
1.400e+01 2.458e-07 1.304e-02 7.000e-08 5.946e-03
1.491e+01 2.167e-07 1.244e-02 6.542e-08 6.189e-03
1.500e+01 2.141e-07 1.238e-02 6.499e-08 6.212e-03
1.600e+01 1.882e-07 1.179e-02 6.066e-08 6.466e-03
1.646e+01 1.778e-07 1.154e-02 5.885e-08 6.576e-03
1.800e+01 1.487e-07 1.077e-02 5.351e-08 6.926e-03
1.818e+01 1.458e-07 1.069e-02 5.295e-08 6.965e-03
2.000e+01 1.204e-07 9.935e-03 4.785e-08 7.340e-03
