# GUANINE from NIST Database
1.580e+00 0.000e+00 0.000e+00 0.000e+00 0.000e+00
1.000e+00 3.308e-02 3.500e+00 0.000e+00 0.000e+00
6.000e+00 3.309e-02 3.500e+00 0.000e+00 0.000e+00
7.000e+00 3.309e-02 3.500e+00 0.000e+00 0.000e+00
8.000e+00 6.617e-03 3.500e+00 0.000e+00 0.000e+00
0.000e+00 0.000e+00 0.000e+00 0.000e+00 0.000e+00
1.000e-03 1.198e+00 1.270e-02 2.898e+03 0.000e+00
1.020e-03 1.193e+00 1.315e-02 2.745e+03 0.000e+00
1.126e-03 1.168e+00 1.565e-02 2.092e+03 0.000e+00
1.243e-03 1.142e+00 1.858e-02 1.593e+03 0.000e+00
1.372e-03 1.113e+00 2.198e-02 1.211e+03 0.000e+00
1.500e-03 1.083e+00 2.548e-02 9.429e+02 0.000e+00
1.515e-03 1.079e+00 2.589e-02 9.168e+02 0.000e+00
1.672e-03 1.040e+00 3.028e-02 6.931e+02 0.000e+00
1.846e-03 9.962e-01 3.520e-02 5.218e+02 0.000e+00
2.000e-03 9.571e-01 3.956e-02 4.139e+02 0.000e+00
2.038e-03 9.475e-01 4.064e-02 3.919e+02 0.000e+00
2.250e-03 8.947e-01 4.657e-02 2.937e+02 0.000e+00
2.483e-03 8.389e-01 5.293e-02 2.200e+02 0.000e+00
2.741e-03 7.805e-01 5.972e-02 1.643e+02 0.000e+00
3.000e-03 7.259e-01 6.620e-02 1.256e+02 0.000e+00
3.026e-03 7.206e-01 6.683e-02 1.224e+02 0.000e+00
3.341e-03 6.600e-01 7.415e-02 9.098e+01 0.000e+00
3.688e-03 6.004e-01 8.154e-02 6.755e+01 0.000e+00
4.000e-03 5.527e-01 8.758e-02 5.282e+01 0.000e+00
4.071e-03 5.426e-01 8.888e-02 5.007e+01 0.000e+00
4.494e-03 4.875e-01 9.604e-02 3.705e+01 0.000e+00
4.961e-03 4.360e-01 1.029e-01 2.737e+01 0.000e+00
5.000e-03 4.321e-01 1.035e-01 2.672e+01 0.000e+00
5.477e-03 3.885e-01 1.095e-01 2.018e+01 0.000e+00
6.000e-03 3.485e-01 1.151e-01 1.521e+01 0.000e+00
6.046e-03 3.453e-01 1.156e-01 1.486e+01 0.000e+00
6.675e-03 3.064e-01 1.213e-01 1.092e+01 0.000e+00
7.368e-03 2.715e-01 1.267e-01 8.015e+00 0.000e+00
8.000e-03 2.455e-01 1.308e-01 6.189e+00 0.000e+00
8.134e-03 2.405e-01 1.316e-01 5.874e+00 0.000e+00
8.979e-03 2.130e-01 1.363e-01 4.300e+00 0.000e+00
9.912e-03 1.885e-01 1.406e-01 3.143e+00 0.000e+00
1.000e-02 1.864e-01 1.410e-01 3.056e+00 0.000e+00
1.094e-02 1.667e-01 1.447e-01 2.296e+00 0.000e+00
1.208e-02 1.472e-01 1.486e-01 1.672e+00 0.000e+00
1.334e-02 1.295e-01 1.523e-01 1.216e+00 0.000e+00
1.472e-02 1.137e-01 1.556e-01 8.858e-01 0.000e+00
1.500e-02 1.109e-01 1.563e-01 8.335e-01 0.000e+00
1.625e-02 9.939e-02 1.588e-01 6.434e-01 0.000e+00
1.794e-02 8.643e-02 1.617e-01 4.668e-01 0.000e+00
1.980e-02 7.480e-02 1.642e-01 3.387e-01 0.000e+00
2.000e-02 7.369e-02 1.644e-01 3.278e-01 0.000e+00
2.186e-02 6.438e-02 1.663e-01 2.452e-01 0.000e+00
2.413e-02 5.515e-02 1.680e-01 1.775e-01 0.000e+00
2.664e-02 4.702e-02 1.693e-01 1.283e-01 0.000e+00
2.941e-02 3.993e-02 1.702e-01 9.270e-02 0.000e+00
3.000e-02 3.863e-02 1.703e-01 8.683e-02 0.000e+00
3.247e-02 3.380e-02 1.707e-01 6.690e-02 0.000e+00
3.584e-02 2.853e-02 1.707e-01 4.829e-02 0.000e+00
3.957e-02 2.401e-02 1.703e-01 3.481e-02 0.000e+00
4.000e-02 2.356e-02 1.703e-01 3.359e-02 0.000e+00
4.368e-02 2.017e-02 1.696e-01 2.510e-02 0.000e+00
4.822e-02 1.690e-02 1.685e-01 1.809e-02 0.000e+00
5.000e-02 1.583e-02 1.680e-01 1.604e-02 0.000e+00
5.323e-02 1.413e-02 1.670e-01 1.303e-02 0.000e+00
5.876e-02 1.180e-02 1.653e-01 9.382e-03 0.000e+00
6.000e-02 1.135e-02 1.648e-01 8.753e-03 0.000e+00
6.486e-02 9.829e-03 1.632e-01 6.757e-03 0.000e+00
7.161e-02 8.172e-03 1.609e-01 4.863e-03 0.000e+00
7.905e-02 6.784e-03 1.583e-01 3.502e-03 0.000e+00
8.000e-02 6.632e-03 1.580e-01 3.366e-03 0.000e+00
8.726e-02 5.623e-03 1.555e-01 2.522e-03 0.000e+00
9.633e-02 4.653e-03 1.525e-01 1.817e-03 0.000e+00
1.000e-01 4.331e-03 1.513e-01 1.605e-03 0.000e+00
1.063e-01 3.850e-03 1.493e-01 1.311e-03 0.000e+00
1.174e-01 3.176e-03 1.460e-01 9.445e-04 0.000e+00
1.296e-01 2.620e-03 1.425e-01 6.821e-04 0.000e+00
1.431e-01 2.159e-03 1.388e-01 4.929e-04 0.000e+00
1.500e-01 1.968e-03 1.371e-01 4.226e-04 0.000e+00
1.579e-01 1.780e-03 1.351e-01 3.575e-04 0.000e+00
1.743e-01 1.465e-03 1.313e-01 2.594e-04 0.000e+00
1.925e-01 1.204e-03 1.274e-01 1.884e-04 0.000e+00
2.000e-01 1.116e-03 1.259e-01 1.667e-04 0.000e+00
2.125e-01 9.902e-04 1.235e-01 1.373e-04 0.000e+00
2.345e-01 8.146e-04 1.195e-01 1.005e-04 0.000e+00
2.589e-01 6.693e-04 1.156e-01 7.374e-05 0.000e+00
2.858e-01 5.499e-04 1.116e-01 5.435e-05 0.000e+00
3.000e-01 4.994e-04 1.097e-01 4.687e-05 0.000e+00
3.155e-01 4.517e-04 1.077e-01 4.025e-05 0.000e+00
3.483e-01 3.709e-04 1.038e-01 2.997e-05 0.000e+00
3.845e-01 3.046e-04 9.990e-02 2.245e-05 0.000e+00
4.000e-01 2.815e-04 9.836e-02 2.003e-05 0.000e+00
4.245e-01 2.500e-04 9.607e-02 1.691e-05 0.000e+00
4.686e-01 2.053e-04 9.230e-02 1.285e-05 0.000e+00
5.000e-01 1.803e-04 8.985e-02 1.078e-05 0.000e+00
5.173e-01 1.685e-04 8.858e-02 9.859e-06 0.000e+00
5.710e-01 1.383e-04 8.493e-02 7.632e-06 0.000e+00
6.000e-01 1.253e-04 8.313e-02 6.713e-06 0.000e+00
6.304e-01 1.135e-04 8.136e-02 5.900e-06 0.000e+00
6.959e-01 9.319e-05 7.786e-02 4.587e-06 0.000e+00
7.682e-01 7.648e-05 7.444e-02 3.665e-06 0.000e+00
8.000e-01 7.052e-05 7.304e-02 3.386e-06 0.000e+00
8.480e-01 6.275e-05 7.106e-02 3.063e-06 0.000e+00
9.361e-01 5.150e-05 6.778e-02 2.537e-06 0.000e+00
1.000e+00 4.514e-05 6.568e-02 2.105e-06 0.000e+00
1.022e+00 4.323e-05 6.501e-02 1.952e-06 0.000e+00
1.033e+00 4.231e-05 6.468e-02 1.886e-06 3.066e-09
1.141e+00 3.469e-05 6.157e-02 1.510e-06 2.912e-06
1.250e+00 2.890e-05 5.874e-02 1.325e-06 1.576e-05
1.259e+00 2.849e-05 5.853e-02 1.311e-06 1.735e-05
1.390e+00 2.337e-05 5.558e-02 1.107e-06 4.917e-05
1.500e+00 2.007e-05 5.339e-02 9.621e-07 8.736e-05
1.535e+00 1.917e-05 5.274e-02 9.235e-07 1.014e-04
1.694e+00 1.574e-05 5.000e-02 7.830e-07 1.749e-04
1.870e+00 1.292e-05 4.734e-02 6.711e-07 2.706e-04
2.000e+00 1.129e-05 4.556e-02 6.061e-07 3.480e-04
2.044e+00 1.081e-05 4.499e-02 5.865e-07 3.751e-04
2.065e+00 1.059e-05 4.472e-02 5.775e-07 3.882e-04
2.279e+00 8.690e-06 4.223e-02 4.990e-07 5.251e-04
2.516e+00 7.130e-06 3.985e-02 4.329e-07 6.819e-04
2.778e+00 5.850e-06 3.756e-02 3.769e-07 8.582e-04
3.000e+00 5.017e-06 3.585e-02 3.394e-07 1.008e-03
3.066e+00 4.804e-06 3.537e-02 3.296e-07 1.052e-03
3.385e+00 3.942e-06 3.326e-02 2.891e-07 1.267e-03
3.737e+00 3.234e-06 3.124e-02 2.543e-07 1.498e-03
4.000e+00 2.823e-06 2.990e-02 2.333e-07 1.667e-03
4.125e+00 2.654e-06 2.931e-02 2.244e-07 1.746e-03
4.554e+00 2.178e-06 2.747e-02 1.985e-07 2.008e-03
5.000e+00 1.807e-06 2.582e-02 1.771e-07 2.271e-03
5.027e+00 1.787e-06 2.573e-02 1.759e-07 2.286e-03
5.549e+00 1.467e-06 2.407e-02 1.562e-07 2.580e-03
6.000e+00 1.255e-06 2.282e-02 1.424e-07 2.823e-03
6.126e+00 1.204e-06 2.250e-02 1.390e-07 2.889e-03
6.762e+00 9.877e-07 2.101e-02 1.239e-07 3.206e-03
7.000e+00 9.217e-07 2.051e-02 1.191e-07 3.320e-03
7.465e+00 8.105e-07 1.961e-02 1.106e-07 3.535e-03
8.000e+00 7.058e-07 1.867e-02 1.022e-07 3.772e-03
8.241e+00 6.652e-07 1.828e-02 9.882e-08 3.875e-03
9.000e+00 5.577e-07 1.716e-02 8.951e-08 4.185e-03
9.097e+00 5.459e-07 1.703e-02 8.845e-08 4.224e-03
1.000e+01 4.517e-07 1.590e-02 7.960e-08 4.563e-03
1.004e+01 4.481e-07 1.585e-02 7.925e-08 4.577e-03
1.100e+01 3.733e-07 1.483e-02 7.166e-08 4.909e-03
1.109e+01 3.672e-07 1.474e-02 7.102e-08 4.939e-03
1.200e+01 3.136e-07 1.391e-02 6.516e-08 5.227e-03
1.224e+01 3.015e-07 1.370e-02 6.377e-08 5.300e-03
1.300e+01 2.673e-07 1.310e-02 5.973e-08 5.525e-03
1.351e+01 2.475e-07 1.273e-02 5.729e-08 5.668e-03
1.400e+01 2.304e-07 1.240e-02 5.512e-08 5.801e-03
1.491e+01 2.032e-07 1.182e-02 5.151e-08 6.039e-03
1.500e+01 2.007e-07 1.177e-02 5.118e-08 6.063e-03
1.600e+01 1.764e-07 1.121e-02 4.778e-08 6.308e-03
1.646e+01 1.667e-07 1.097e-02 4.636e-08 6.416e-03
1.800e+01 1.394e-07 1.024e-02 4.214e-08 6.756e-03
1.818e+01 1.367e-07 1.016e-02 4.170e-08 6.794e-03
2.000e+01 1.129e-07 9.444e-03 3.771e-08 7.160e-03
