# GYPSUM, PLASTER OF PARIS from NIST Database
2.320e+00 0.000e+00 0.000e+00 0.000e+00 0.000e+00
1.000e+00 2.323e-02 3.500e+00 0.000e+00 0.000e+00
8.000e+00 3.485e-02 3.500e+00 0.000e+00 0.000e+00
1.600e+01 5.807e-03 3.500e+00 0.000e+00 0.000e+00
2.000e+01 5.809e-03 3.500e+00 0.000e+00 0.000e+00
0.000e+00 0.000e+00 0.000e+00 0.000e+00 0.000e+00
1.000e-03 2.228e+00 1.129e-02 4.142e+03 0.000e+00
1.020e-03 2.220e+00 1.165e-02 3.932e+03 0.000e+00
1.126e-03 2.180e+00 1.364e-02 3.031e+03 0.000e+00
1.243e-03 2.137e+00 1.595e-02 2.335e+03 0.000e+00
1.372e-03 2.091e+00 1.859e-02 1.797e+03 0.000e+00
1.500e-03 2.044e+00 2.128e-02 1.416e+03 0.000e+00
1.515e-03 2.038e+00 2.160e-02 1.378e+03 0.000e+00
1.672e-03 1.978e+00 2.494e-02 1.053e+03 0.000e+00
1.846e-03 1.911e+00 2.867e-02 8.028e+02 0.000e+00
2.000e-03 1.852e+00 3.198e-02 6.436e+02 0.000e+00
2.038e-03 1.837e+00 3.280e-02 6.107e+02 0.000e+00
2.250e-03 1.757e+00 3.734e-02 4.631e+02 0.000e+00
2.472e-03 1.676e+00 4.205e-02 3.556e+02 0.000e+00
2.472e-03 1.676e+00 4.205e-02 7.006e+02 0.000e+00
2.483e-03 1.672e+00 4.228e-02 6.930e+02 0.000e+00
2.741e-03 1.583e+00 4.762e-02 5.423e+02 0.000e+00
3.000e-03 1.499e+00 5.279e-02 4.310e+02 0.000e+00
3.026e-03 1.491e+00 5.329e-02 4.215e+02 0.000e+00
3.341e-03 1.395e+00 5.926e-02 3.237e+02 0.000e+00
3.688e-03 1.297e+00 6.543e-02 2.468e+02 0.000e+00
4.000e-03 1.215e+00 7.061e-02 1.970e+02 0.000e+00
4.038e-03 1.205e+00 7.121e-02 1.919e+02 0.000e+00
4.038e-03 1.205e+00 7.121e-02 4.025e+02 0.000e+00
4.071e-03 1.197e+00 7.174e-02 3.942e+02 0.000e+00
4.494e-03 1.100e+00 7.812e-02 3.054e+02 0.000e+00
4.961e-03 1.006e+00 8.450e-02 2.357e+02 0.000e+00
5.000e-03 9.990e-01 8.500e-02 2.308e+02 0.000e+00
5.477e-03 9.166e-01 9.077e-02 1.806e+02 0.000e+00
6.000e-03 8.382e-01 9.640e-02 1.408e+02 0.000e+00
6.046e-03 8.318e-01 9.687e-02 1.379e+02 0.000e+00
6.675e-03 7.526e-01 1.027e-01 1.050e+02 0.000e+00
7.368e-03 6.793e-01 1.084e-01 7.996e+01 0.000e+00
8.000e-03 6.225e-01 1.128e-01 6.358e+01 0.000e+00
8.134e-03 6.115e-01 1.137e-01 6.069e+01 0.000e+00
8.979e-03 5.491e-01 1.188e-01 4.593e+01 0.000e+00
9.912e-03 4.916e-01 1.235e-01 3.466e+01 0.000e+00
1.000e-02 4.866e-01 1.240e-01 3.380e+01 0.000e+00
1.094e-02 4.385e-01 1.281e-01 2.612e+01 0.000e+00
1.208e-02 3.893e-01 1.324e-01 1.961e+01 0.000e+00
1.334e-02 3.440e-01 1.365e-01 1.469e+01 0.000e+00
1.472e-02 3.027e-01 1.403e-01 1.101e+01 0.000e+00
1.500e-02 2.952e-01 1.411e-01 1.042e+01 0.000e+00
1.625e-02 2.648e-01 1.440e-01 8.227e+00 0.000e+00
1.794e-02 2.305e-01 1.474e-01 6.134e+00 0.000e+00
1.980e-02 1.997e-01 1.504e-01 4.569e+00 0.000e+00
2.000e-02 1.968e-01 1.507e-01 4.433e+00 0.000e+00
2.186e-02 1.724e-01 1.531e-01 3.394e+00 0.000e+00
2.413e-02 1.483e-01 1.555e-01 2.518e+00 0.000e+00
2.664e-02 1.272e-01 1.574e-01 1.864e+00 0.000e+00
2.941e-02 1.088e-01 1.590e-01 1.379e+00 0.000e+00
3.000e-02 1.054e-01 1.593e-01 1.297e+00 0.000e+00
3.247e-02 9.285e-02 1.602e-01 1.018e+00 0.000e+00
3.584e-02 7.911e-02 1.609e-01 7.511e-01 0.000e+00
3.957e-02 6.724e-02 1.613e-01 5.531e-01 0.000e+00
4.000e-02 6.605e-02 1.613e-01 5.349e-01 0.000e+00
4.368e-02 5.705e-02 1.612e-01 4.070e-01 0.000e+00
4.822e-02 4.829e-02 1.608e-01 2.990e-01 0.000e+00
5.000e-02 4.540e-02 1.606e-01 2.670e-01 0.000e+00
5.323e-02 4.078e-02 1.601e-01 2.195e-01 0.000e+00
5.876e-02 3.434e-02 1.589e-01 1.610e-01 0.000e+00
6.000e-02 3.311e-02 1.587e-01 1.508e-01 0.000e+00
6.486e-02 2.885e-02 1.575e-01 1.181e-01 0.000e+00
7.161e-02 2.417e-02 1.557e-01 8.641e-02 0.000e+00
7.905e-02 2.021e-02 1.537e-01 6.325e-02 0.000e+00
8.000e-02 1.977e-02 1.534e-01 6.090e-02 0.000e+00
8.726e-02 1.686e-02 1.513e-01 4.628e-02 0.000e+00
9.633e-02 1.404e-02 1.487e-01 3.385e-02 0.000e+00
1.000e-01 1.310e-02 1.477e-01 3.007e-02 0.000e+00
1.063e-01 1.168e-02 1.459e-01 2.478e-02 0.000e+00
1.174e-01 9.695e-03 1.429e-01 1.810e-02 0.000e+00
1.296e-01 8.041e-03 1.397e-01 1.324e-02 0.000e+00
1.431e-01 6.659e-03 1.363e-01 9.690e-03 0.000e+00
1.500e-01 6.086e-03 1.347e-01 8.355e-03 0.000e+00
1.579e-01 5.515e-03 1.328e-01 7.110e-03 0.000e+00
1.743e-01 4.560e-03 1.292e-01 5.217e-03 0.000e+00
1.925e-01 3.764e-03 1.255e-01 3.828e-03 0.000e+00
2.000e-01 3.495e-03 1.240e-01 3.400e-03 0.000e+00
2.125e-01 3.106e-03 1.217e-01 2.819e-03 0.000e+00
2.345e-01 2.563e-03 1.179e-01 2.083e-03 0.000e+00
2.589e-01 2.112e-03 1.140e-01 1.542e-03 0.000e+00
2.858e-01 1.740e-03 1.102e-01 1.146e-03 0.000e+00
3.000e-01 1.581e-03 1.083e-01 9.926e-04 0.000e+00
3.155e-01 1.432e-03 1.063e-01 8.557e-04 0.000e+00
3.483e-01 1.178e-03 1.025e-01 6.417e-04 0.000e+00
3.845e-01 9.692e-04 9.872e-02 4.838e-04 0.000e+00
4.000e-01 8.962e-04 9.721e-02 4.329e-04 0.000e+00
4.245e-01 7.966e-04 9.497e-02 3.669e-04 0.000e+00
4.686e-01 6.548e-04 9.127e-02 2.802e-04 0.000e+00
5.000e-01 5.756e-04 8.887e-02 2.358e-04 0.000e+00
5.173e-01 5.379e-04 8.762e-02 2.158e-04 0.000e+00
5.710e-01 4.420e-04 8.402e-02 1.675e-04 0.000e+00
6.000e-01 4.005e-04 8.225e-02 1.478e-04 0.000e+00
6.304e-01 3.630e-04 8.049e-02 1.305e-04 0.000e+00
6.959e-01 2.981e-04 7.704e-02 1.025e-04 0.000e+00
7.682e-01 2.448e-04 7.366e-02 8.176e-05 0.000e+00
8.000e-01 2.257e-04 7.230e-02 7.499e-05 0.000e+00
8.480e-01 2.009e-04 7.036e-02 6.666e-05 0.000e+00
9.361e-01 1.649e-04 6.714e-02 5.444e-05 0.000e+00
1.000e+00 1.446e-04 6.503e-02 4.662e-05 0.000e+00
1.022e+00 1.385e-04 6.434e-02 4.409e-05 0.000e+00
1.033e+00 1.356e-04 6.401e-02 4.293e-05 6.349e-09
1.141e+00 1.112e-04 6.092e-02 3.494e-05 5.869e-06
1.250e+00 9.261e-05 5.816e-02 2.986e-05 3.107e-05
1.259e+00 9.129e-05 5.794e-02 2.949e-05 3.414e-05
1.390e+00 7.490e-05 5.503e-02 2.474e-05 9.506e-05
1.500e+00 6.433e-05 5.286e-02 2.159e-05 1.673e-04
1.535e+00 6.143e-05 5.221e-02 2.073e-05 1.938e-04
1.694e+00 5.045e-05 4.951e-02 1.752e-05 3.320e-04
1.870e+00 4.140e-05 4.688e-02 1.491e-05 5.122e-04
2.000e+00 3.620e-05 4.512e-02 1.340e-05 6.580e-04
2.044e+00 3.466e-05 4.455e-02 1.295e-05 7.091e-04
2.065e+00 3.396e-05 4.429e-02 1.275e-05 7.336e-04
2.279e+00 2.788e-05 4.181e-02 1.096e-05 9.899e-04
2.516e+00 2.288e-05 3.945e-02 9.460e-06 1.280e-03
2.778e+00 1.877e-05 3.719e-02 8.196e-06 1.603e-03
3.000e+00 1.609e-05 3.549e-02 7.352e-06 1.874e-03
3.066e+00 1.541e-05 3.502e-02 7.132e-06 1.955e-03
3.385e+00 1.264e-05 3.294e-02 6.225e-06 2.341e-03
3.737e+00 1.037e-05 3.093e-02 5.451e-06 2.756e-03
4.000e+00 9.054e-06 2.961e-02 4.985e-06 3.057e-03
4.125e+00 8.514e-06 2.902e-02 4.789e-06 3.197e-03
4.554e+00 6.984e-06 2.720e-02 4.219e-06 3.662e-03
5.000e+00 5.794e-06 2.557e-02 3.751e-06 4.123e-03
5.027e+00 5.732e-06 2.548e-02 3.726e-06 4.151e-03
5.549e+00 4.704e-06 2.384e-02 3.297e-06 4.665e-03
6.000e+00 4.024e-06 2.260e-02 2.998e-06 5.087e-03
6.126e+00 3.860e-06 2.228e-02 2.924e-06 5.202e-03
6.762e+00 3.168e-06 2.081e-02 2.598e-06 5.754e-03
7.000e+00 2.956e-06 2.031e-02 2.493e-06 5.951e-03
7.465e+00 2.599e-06 1.942e-02 2.312e-06 6.324e-03
8.000e+00 2.263e-06 1.849e-02 2.132e-06 6.733e-03
8.241e+00 2.133e-06 1.810e-02 2.060e-06 6.910e-03
9.000e+00 1.788e-06 1.699e-02 1.862e-06 7.445e-03
9.097e+00 1.750e-06 1.686e-02 1.839e-06 7.511e-03
1.000e+01 1.449e-06 1.575e-02 1.651e-06 8.091e-03
1.004e+01 1.437e-06 1.570e-02 1.644e-06 8.116e-03
1.100e+01 1.197e-06 1.469e-02 1.484e-06 8.681e-03
1.109e+01 1.178e-06 1.460e-02 1.470e-06 8.732e-03
1.200e+01 1.006e-06 1.377e-02 1.347e-06 9.223e-03
1.224e+01 9.670e-07 1.357e-02 1.317e-06 9.347e-03
1.300e+01 8.572e-07 1.297e-02 1.233e-06 9.727e-03
1.351e+01 7.936e-07 1.261e-02 1.181e-06 9.972e-03
1.400e+01 7.389e-07 1.227e-02 1.136e-06 1.020e-02
1.491e+01 6.515e-07 1.171e-02 1.061e-06 1.060e-02
1.500e+01 6.437e-07 1.165e-02 1.054e-06 1.063e-02
1.600e+01 5.658e-07 1.110e-02 9.824e-07 1.105e-02
1.646e+01 5.346e-07 1.086e-02 9.527e-07 1.123e-02
1.800e+01 4.471e-07 1.014e-02 8.649e-07 1.181e-02
1.818e+01 4.382e-07 1.007e-02 8.556e-07 1.187e-02
2.000e+01 3.621e-07 9.354e-03 7.725e-07 1.248e-02
