# HYDROGEN from NIST Database
8.375e-05 0.000e+00 0.000e+00 0.000e+00 0.000e+00
1.000e+00 1.000e+00 3.500e+00 0.000e+00 0.000e+00
0.000e+00 0.000e+00 0.000e+00 0.000e+00 0.000e+00
1.000e-03 3.468e-01 5.033e-02 6.817e+00 0.000e+00
1.020e-03 3.447e-01 5.207e-02 6.380e+00 0.000e+00
1.126e-03 3.340e-01 6.166e-02 4.583e+00 0.000e+00
1.243e-03 3.228e-01 7.284e-02 3.291e+00 0.000e+00
1.372e-03 3.105e-01 8.564e-02 2.364e+00 0.000e+00
1.500e-03 2.978e-01 9.858e-02 1.752e+00 0.000e+00
1.515e-03 2.963e-01 1.001e-01 1.694e+00 0.000e+00
1.672e-03 2.804e-01 1.160e-01 1.216e+00 0.000e+00
1.846e-03 2.627e-01 1.332e-01 8.703e-01 0.000e+00
2.000e-03 2.474e-01 1.481e-01 6.638e-01 0.000e+00
2.038e-03 2.437e-01 1.516e-01 6.228e-01 0.000e+00
2.250e-03 2.239e-01 1.709e-01 4.454e-01 0.000e+00
2.483e-03 2.037e-01 1.906e-01 3.188e-01 0.000e+00
2.741e-03 1.834e-01 2.105e-01 2.279e-01 0.000e+00
3.000e-03 1.651e-01 2.284e-01 1.677e-01 0.000e+00
3.026e-03 1.634e-01 2.300e-01 1.628e-01 0.000e+00
3.341e-03 1.442e-01 2.487e-01 1.162e-01 0.000e+00
3.688e-03 1.261e-01 2.661e-01 8.300e-02 0.000e+00
4.000e-03 1.124e-01 2.793e-01 6.291e-02 0.000e+00
4.071e-03 1.095e-01 2.820e-01 5.924e-02 0.000e+00
4.494e-03 9.452e-02 2.963e-01 4.225e-02 0.000e+00
4.961e-03 8.111e-02 3.090e-01 3.012e-02 0.000e+00
5.000e-03 8.012e-02 3.099e-01 2.932e-02 0.000e+00
5.477e-03 6.927e-02 3.200e-01 2.145e-02 0.000e+00
6.000e-03 5.968e-02 3.288e-01 1.570e-02 0.000e+00
6.046e-03 5.893e-02 3.295e-01 1.529e-02 0.000e+00
6.675e-03 4.994e-02 3.375e-01 1.090e-02 0.000e+00
7.368e-03 4.221e-02 3.442e-01 7.774e-03 0.000e+00
8.000e-03 3.660e-02 3.489e-01 5.865e-03 0.000e+00
8.134e-03 3.555e-02 3.498e-01 5.540e-03 0.000e+00
8.979e-03 2.987e-02 3.543e-01 3.945e-03 0.000e+00
9.912e-03 2.502e-02 3.578e-01 2.807e-03 0.000e+00
1.000e-02 2.462e-02 3.581e-01 2.723e-03 0.000e+00
1.094e-02 2.091e-02 3.605e-01 1.999e-03 0.000e+00
1.208e-02 1.742e-02 3.624e-01 1.421e-03 0.000e+00
1.334e-02 1.448e-02 3.636e-01 1.010e-03 0.000e+00
1.472e-02 1.203e-02 3.641e-01 7.192e-04 0.000e+00
1.500e-02 1.161e-02 3.642e-01 6.739e-04 0.000e+00
1.625e-02 9.969e-03 3.641e-01 5.114e-04 0.000e+00
1.794e-02 8.247e-03 3.636e-01 3.636e-04 0.000e+00
1.980e-02 6.817e-03 3.627e-01 2.587e-04 0.000e+00
2.000e-02 6.686e-03 3.625e-01 2.499e-04 0.000e+00
2.186e-02 5.625e-03 3.612e-01 1.838e-04 0.000e+00
2.413e-02 4.639e-03 3.594e-01 1.307e-04 0.000e+00
2.664e-02 3.821e-03 3.571e-01 9.291e-05 0.000e+00
2.941e-02 3.145e-03 3.545e-01 6.603e-05 0.000e+00
3.000e-02 3.024e-03 3.539e-01 6.166e-05 0.000e+00
3.247e-02 2.587e-03 3.515e-01 4.692e-05 0.000e+00
3.584e-02 2.128e-03 3.482e-01 3.337e-05 0.000e+00
3.957e-02 1.749e-03 3.445e-01 2.371e-05 0.000e+00
4.000e-02 1.712e-03 3.441e-01 2.284e-05 0.000e+00
4.368e-02 1.438e-03 3.405e-01 1.686e-05 0.000e+00
4.822e-02 1.182e-03 3.361e-01 1.199e-05 0.000e+00
5.000e-02 1.099e-03 3.344e-01 1.058e-05 0.000e+00
5.323e-02 9.706e-04 3.314e-01 8.529e-06 0.000e+00
5.876e-02 7.972e-04 3.264e-01 6.070e-06 0.000e+00
6.000e-02 7.648e-04 3.253e-01 5.649e-06 0.000e+00
6.486e-02 6.548e-04 3.210e-01 4.322e-06 0.000e+00
7.161e-02 5.374e-04 3.154e-01 3.077e-06 0.000e+00
7.905e-02 4.412e-04 3.094e-01 2.193e-06 0.000e+00
8.000e-02 4.308e-04 3.087e-01 2.105e-06 0.000e+00
8.726e-02 3.623e-04 3.032e-01 1.564e-06 0.000e+00
9.633e-02 2.974e-04 2.967e-01 1.116e-06 0.000e+00
1.000e-01 2.760e-04 2.941e-01 9.822e-07 0.000e+00
1.063e-01 2.443e-04 2.899e-01 7.978e-07 0.000e+00
1.174e-01 2.003e-04 2.830e-01 5.695e-07 0.000e+00
1.296e-01 1.644e-04 2.758e-01 4.077e-07 0.000e+00
1.431e-01 1.349e-04 2.685e-01 2.921e-07 0.000e+00
1.500e-01 1.228e-04 2.650e-01 2.495e-07 0.000e+00
1.579e-01 1.108e-04 2.611e-01 2.102e-07 0.000e+00
1.743e-01 9.094e-05 2.535e-01 1.514e-07 0.000e+00
1.925e-01 7.455e-05 2.458e-01 1.091e-07 0.000e+00
2.000e-01 6.907e-05 2.428e-01 9.625e-08 0.000e+00
2.125e-01 6.118e-05 2.381e-01 7.898e-08 0.000e+00
2.345e-01 5.024e-05 2.304e-01 5.744e-08 0.000e+00
2.589e-01 4.122e-05 2.227e-01 4.187e-08 0.000e+00
2.858e-01 3.383e-05 2.150e-01 3.067e-08 0.000e+00
3.000e-01 3.070e-05 2.112e-01 2.637e-08 0.000e+00
3.155e-01 2.776e-05 2.073e-01 2.258e-08 0.000e+00
3.483e-01 2.278e-05 1.997e-01 1.672e-08 0.000e+00
3.845e-01 1.869e-05 1.922e-01 1.246e-08 0.000e+00
4.000e-01 1.727e-05 1.893e-01 1.110e-08 0.000e+00
4.245e-01 1.534e-05 1.848e-01 9.354e-09 0.000e+00
4.686e-01 1.258e-05 1.776e-01 7.084e-09 0.000e+00
5.000e-01 1.105e-05 1.728e-01 5.931e-09 0.000e+00
5.173e-01 1.033e-05 1.704e-01 5.412e-09 0.000e+00
5.710e-01 8.477e-06 1.634e-01 4.175e-09 0.000e+00
6.000e-01 7.677e-06 1.599e-01 3.679e-09 0.000e+00
6.304e-01 6.955e-06 1.565e-01 3.252e-09 0.000e+00
6.959e-01 5.707e-06 1.497e-01 2.561e-09 0.000e+00
7.682e-01 4.683e-06 1.431e-01 2.039e-09 0.000e+00
8.000e-01 4.318e-06 1.405e-01 1.863e-09 0.000e+00
8.480e-01 3.843e-06 1.367e-01 1.641e-09 0.000e+00
9.361e-01 3.153e-06 1.304e-01 1.336e-09 0.000e+00
1.000e+00 2.763e-06 1.263e-01 1.172e-09 0.000e+00
1.022e+00 2.646e-06 1.250e-01 1.123e-09 0.000e+00
1.033e+00 2.590e-06 1.243e-01 1.100e-09 8.873e-10
1.141e+00 2.122e-06 1.183e-01 9.140e-10 8.532e-07
1.250e+00 1.769e-06 1.129e-01 7.791e-10 4.663e-06
1.259e+00 1.743e-06 1.125e-01 7.698e-10 5.135e-06
1.390e+00 1.431e-06 1.069e-01 6.556e-10 1.468e-05
1.500e+00 1.228e-06 1.026e-01 5.815e-10 2.620e-05
1.535e+00 1.173e-06 1.014e-01 5.606e-10 3.045e-05
1.694e+00 9.626e-07 9.610e-02 4.793e-10 5.270e-05
1.870e+00 7.898e-07 9.097e-02 4.104e-10 8.166e-05
2.000e+00 6.907e-07 8.759e-02 3.705e-10 1.050e-04
2.044e+00 6.614e-07 8.651e-02 3.587e-10 1.132e-04
2.065e+00 6.481e-07 8.601e-02 3.534e-10 1.172e-04
2.279e+00 5.324e-07 8.125e-02 3.064e-10 1.591e-04
2.516e+00 4.368e-07 7.664e-02 2.668e-10 2.100e-04
2.778e+00 3.582e-07 7.220e-02 2.332e-10 2.709e-04
3.000e+00 3.070e-07 6.889e-02 2.105e-10 3.257e-04
3.066e+00 2.940e-07 6.797e-02 2.046e-10 3.424e-04
3.385e+00 2.412e-07 6.391e-02 1.801e-10 4.250e-04
3.737e+00 1.979e-07 6.004e-02 1.589e-10 5.182e-04
4.000e+00 1.727e-07 5.748e-02 1.460e-10 5.884e-04
4.125e+00 1.624e-07 5.634e-02 1.406e-10 6.219e-04
4.554e+00 1.332e-07 5.281e-02 1.247e-10 7.364e-04
5.000e+00 1.105e-07 4.964e-02 1.115e-10 8.545e-04
5.027e+00 1.093e-07 4.946e-02 1.108e-10 8.616e-04
5.549e+00 8.976e-08 4.627e-02 9.865e-11 9.971e-04
6.000e+00 7.677e-08 4.387e-02 9.010e-11 1.111e-03
6.126e+00 7.365e-08 4.325e-02 8.796e-11 1.142e-03
6.762e+00 6.044e-08 4.040e-02 7.855e-11 1.295e-03
7.000e+00 5.640e-08 3.943e-02 7.552e-11 1.350e-03
7.465e+00 4.959e-08 3.769e-02 7.024e-11 1.456e-03
8.000e+00 4.318e-08 3.589e-02 6.500e-11 1.574e-03
8.241e+00 4.069e-08 3.514e-02 6.289e-11 1.626e-03
9.000e+00 3.412e-08 3.299e-02 5.703e-11 1.783e-03
9.097e+00 3.339e-08 3.274e-02 5.636e-11 1.802e-03
1.000e+01 2.763e-08 3.057e-02 5.080e-11 1.976e-03
1.004e+01 2.741e-08 3.048e-02 5.058e-11 1.984e-03
1.100e+01 2.284e-08 2.851e-02 4.580e-11 2.156e-03
1.109e+01 2.247e-08 2.834e-02 4.539e-11 2.172e-03
1.200e+01 1.919e-08 2.674e-02 4.169e-11 2.325e-03
1.224e+01 1.845e-08 2.635e-02 4.080e-11 2.363e-03
1.300e+01 1.635e-08 2.519e-02 3.824e-11 2.483e-03
1.351e+01 1.514e-08 2.447e-02 3.670e-11 2.560e-03
1.400e+01 1.410e-08 2.383e-02 3.533e-11 2.631e-03
1.491e+01 1.243e-08 2.272e-02 3.304e-11 2.760e-03
1.500e+01 1.228e-08 2.262e-02 3.283e-11 2.772e-03
1.600e+01 1.080e-08 2.154e-02 3.066e-11 2.906e-03
1.646e+01 1.020e-08 2.109e-02 2.975e-11 2.965e-03
1.800e+01 8.532e-09 1.969e-02 2.707e-11 3.152e-03
1.818e+01 8.363e-09 1.954e-02 2.679e-11 3.173e-03
2.000e+01 6.907e-09 1.816e-02 2.424e-11 3.376e-03
