# HELIUM from NIST Database
1.663e-04 0.000e+00 0.000e+00 0.000e+00 0.000e+00
2.000e+00 1.000e+00 3.500e+00 0.000e+00 0.000e+00
0.000e+00 0.000e+00 0.000e+00 0.000e+00 0.000e+00
1.000e-03 3.787e-01 1.017e-02 6.044e+01 0.000e+00
1.020e-03 3.777e-01 1.055e-02 5.669e+01 0.000e+00
1.126e-03 3.727e-01 1.267e-02 4.120e+01 0.000e+00
1.243e-03 3.674e-01 1.520e-02 2.996e+01 0.000e+00
1.372e-03 3.612e-01 1.820e-02 2.181e+01 0.000e+00
1.500e-03 3.546e-01 2.135e-02 1.638e+01 0.000e+00
1.515e-03 3.538e-01 2.173e-02 1.587e+01 0.000e+00
1.672e-03 3.451e-01 2.581e-02 1.158e+01 0.000e+00
1.846e-03 3.349e-01 3.054e-02 8.431e+00 0.000e+00
2.000e-03 3.254e-01 3.486e-02 6.504e+00 0.000e+00
2.038e-03 3.231e-01 3.594e-02 6.117e+00 0.000e+00
2.250e-03 3.098e-01 4.204e-02 4.416e+00 0.000e+00
2.483e-03 2.950e-01 4.882e-02 3.180e+00 0.000e+00
2.741e-03 2.787e-01 5.629e-02 2.281e+00 0.000e+00
3.000e-03 2.627e-01 6.364e-02 1.681e+00 0.000e+00
3.026e-03 2.611e-01 6.437e-02 1.632e+00 0.000e+00
3.341e-03 2.424e-01 7.297e-02 1.167e+00 0.000e+00
3.688e-03 2.228e-01 8.194e-02 8.359e-01 0.000e+00
4.000e-03 2.064e-01 8.949e-02 6.370e-01 0.000e+00
4.071e-03 2.028e-01 9.114e-02 6.009e-01 0.000e+00
4.494e-03 1.828e-01 1.004e-01 4.335e-01 0.000e+00
4.961e-03 1.631e-01 1.095e-01 3.128e-01 0.000e+00
5.000e-03 1.616e-01 1.103e-01 3.048e-01 0.000e+00
5.477e-03 1.443e-01 1.184e-01 2.250e-01 0.000e+00
6.000e-03 1.280e-01 1.262e-01 1.654e-01 0.000e+00
6.046e-03 1.267e-01 1.268e-01 1.611e-01 0.000e+00
6.675e-03 1.103e-01 1.346e-01 1.149e-01 0.000e+00
7.368e-03 9.547e-02 1.418e-01 8.186e-02 0.000e+00
8.000e-03 8.426e-02 1.472e-01 6.184e-02 0.000e+00
8.134e-03 8.212e-02 1.483e-01 5.846e-02 0.000e+00
8.979e-03 7.030e-02 1.540e-01 4.192e-02 0.000e+00
9.912e-03 5.991e-02 1.589e-01 3.009e-02 0.000e+00
1.000e-02 5.905e-02 1.593e-01 2.920e-02 0.000e+00
1.094e-02 5.089e-02 1.632e-01 2.155e-02 0.000e+00
1.208e-02 4.305e-02 1.667e-01 1.538e-02 0.000e+00
1.334e-02 3.630e-02 1.696e-01 1.095e-02 0.000e+00
1.472e-02 3.055e-02 1.719e-01 7.822e-03 0.000e+00
1.500e-02 2.955e-02 1.723e-01 7.335e-03 0.000e+00
1.625e-02 2.562e-02 1.736e-01 5.582e-03 0.000e+00
1.794e-02 2.143e-02 1.749e-01 3.985e-03 0.000e+00
1.980e-02 1.789e-02 1.757e-01 2.848e-03 0.000e+00
2.000e-02 1.756e-02 1.757e-01 2.752e-03 0.000e+00
2.186e-02 1.489e-02 1.761e-01 2.031e-03 0.000e+00
2.413e-02 1.237e-02 1.761e-01 1.449e-03 0.000e+00
2.664e-02 1.026e-02 1.758e-01 1.033e-03 0.000e+00
2.941e-02 8.495e-03 1.751e-01 7.357e-04 0.000e+00
3.000e-02 8.177e-03 1.750e-01 6.873e-04 0.000e+00
3.247e-02 7.023e-03 1.742e-01 5.241e-04 0.000e+00
3.584e-02 5.801e-03 1.730e-01 3.736e-04 0.000e+00
3.957e-02 4.785e-03 1.715e-01 2.662e-04 0.000e+00
4.000e-02 4.685e-03 1.714e-01 2.565e-04 0.000e+00
4.368e-02 3.945e-03 1.698e-01 1.898e-04 0.000e+00
4.822e-02 3.249e-03 1.679e-01 1.353e-04 0.000e+00
5.000e-02 3.026e-03 1.672e-01 1.195e-04 0.000e+00
5.323e-02 2.674e-03 1.658e-01 9.650e-05 0.000e+00
5.876e-02 2.200e-03 1.635e-01 6.882e-05 0.000e+00
6.000e-02 2.111e-03 1.629e-01 6.408e-05 0.000e+00
6.486e-02 1.809e-03 1.609e-01 4.911e-05 0.000e+00
7.161e-02 1.487e-03 1.582e-01 3.502e-05 0.000e+00
7.905e-02 1.223e-03 1.553e-01 2.501e-05 0.000e+00
8.000e-02 1.194e-03 1.550e-01 2.401e-05 0.000e+00
8.726e-02 1.005e-03 1.523e-01 1.787e-05 0.000e+00
9.633e-02 8.250e-04 1.491e-01 1.278e-05 0.000e+00
1.000e-01 7.658e-04 1.478e-01 1.126e-05 0.000e+00
1.063e-01 6.781e-04 1.457e-01 9.158e-06 0.000e+00
1.174e-01 5.563e-04 1.423e-01 6.550e-06 0.000e+00
1.296e-01 4.568e-04 1.387e-01 4.698e-06 0.000e+00
1.431e-01 3.748e-04 1.351e-01 3.373e-06 0.000e+00
1.500e-01 3.412e-04 1.333e-01 2.883e-06 0.000e+00
1.579e-01 3.080e-04 1.314e-01 2.431e-06 0.000e+00
1.743e-01 2.529e-04 1.276e-01 1.753e-06 0.000e+00
1.925e-01 2.074e-04 1.237e-01 1.266e-06 0.000e+00
2.000e-01 1.921e-04 1.222e-01 1.118e-06 0.000e+00
2.125e-01 1.702e-04 1.199e-01 9.179e-07 0.000e+00
2.345e-01 1.398e-04 1.160e-01 6.685e-07 0.000e+00
2.589e-01 1.147e-04 1.121e-01 4.881e-07 0.000e+00
2.858e-01 9.413e-05 1.082e-01 3.582e-07 0.000e+00
3.000e-01 8.543e-05 1.063e-01 3.083e-07 0.000e+00
3.155e-01 7.724e-05 1.044e-01 2.642e-07 0.000e+00
3.483e-01 6.338e-05 1.006e-01 1.960e-07 0.000e+00
3.845e-01 5.201e-05 9.679e-02 1.462e-07 0.000e+00
4.000e-01 4.806e-05 9.530e-02 1.303e-07 0.000e+00
4.245e-01 4.267e-05 9.307e-02 1.098e-07 0.000e+00
4.686e-01 3.503e-05 8.941e-02 8.316e-08 0.000e+00
5.000e-01 3.077e-05 8.704e-02 6.974e-08 0.000e+00
5.173e-01 2.874e-05 8.581e-02 6.373e-08 0.000e+00
5.710e-01 2.359e-05 8.227e-02 4.927e-08 0.000e+00
6.000e-01 2.136e-05 8.052e-02 4.327e-08 0.000e+00
6.304e-01 1.935e-05 7.880e-02 3.794e-08 0.000e+00
6.959e-01 1.588e-05 7.540e-02 2.937e-08 0.000e+00
7.682e-01 1.303e-05 7.208e-02 2.350e-08 0.000e+00
8.000e-01 1.202e-05 7.074e-02 2.180e-08 0.000e+00
8.480e-01 1.070e-05 6.885e-02 1.990e-08 0.000e+00
9.361e-01 8.778e-06 6.569e-02 1.661e-08 0.000e+00
1.000e+00 7.691e-06 6.361e-02 1.358e-08 0.000e+00
1.022e+00 7.363e-06 6.294e-02 1.248e-08 0.000e+00
1.033e+00 7.207e-06 6.260e-02 1.201e-08 8.968e-10
1.141e+00 5.908e-06 5.957e-02 9.562e-09 8.614e-07
1.250e+00 4.923e-06 5.687e-02 8.519e-09 4.705e-06
1.259e+00 4.853e-06 5.666e-02 8.436e-09 5.181e-06
1.390e+00 3.981e-06 5.382e-02 7.164e-09 1.480e-05
1.500e+00 3.418e-06 5.170e-02 6.229e-09 2.640e-05
1.535e+00 3.264e-06 5.106e-02 5.980e-09 3.068e-05
1.694e+00 2.679e-06 4.840e-02 5.082e-09 5.308e-05
1.870e+00 2.198e-06 4.582e-02 4.373e-09 8.224e-05
2.000e+00 1.923e-06 4.411e-02 3.960e-09 1.058e-04
2.044e+00 1.842e-06 4.357e-02 3.835e-09 1.141e-04
2.065e+00 1.805e-06 4.332e-02 3.778e-09 1.181e-04
2.279e+00 1.483e-06 4.093e-02 3.276e-09 1.602e-04
2.516e+00 1.216e-06 3.861e-02 2.850e-09 2.094e-04
2.778e+00 9.971e-07 3.638e-02 2.488e-09 2.664e-04
3.000e+00 8.546e-07 3.471e-02 2.245e-09 3.160e-04
3.066e+00 8.181e-07 3.425e-02 2.181e-09 3.310e-04
3.385e+00 6.711e-07 3.220e-02 1.918e-09 4.037e-04
3.737e+00 5.507e-07 3.024e-02 1.692e-09 4.839e-04
4.000e+00 4.807e-07 2.895e-02 1.554e-09 5.432e-04
4.125e+00 4.520e-07 2.838e-02 1.496e-09 5.712e-04
4.554e+00 3.709e-07 2.660e-02 1.326e-09 6.656e-04
5.000e+00 3.077e-07 2.501e-02 1.185e-09 7.616e-04
5.027e+00 3.044e-07 2.492e-02 1.178e-09 7.673e-04
5.549e+00 2.498e-07 2.331e-02 1.048e-09 8.763e-04
6.000e+00 2.136e-07 2.210e-02 9.570e-10 9.670e-04
6.126e+00 2.049e-07 2.179e-02 9.343e-10 9.917e-04
6.762e+00 1.682e-07 2.035e-02 8.341e-10 1.112e-03
7.000e+00 1.569e-07 1.986e-02 8.019e-10 1.156e-03
7.465e+00 1.380e-07 1.898e-02 7.456e-10 1.239e-03
8.000e+00 1.202e-07 1.807e-02 6.898e-10 1.330e-03
8.241e+00 1.133e-07 1.769e-02 6.673e-10 1.370e-03
9.000e+00 9.497e-08 1.661e-02 6.051e-10 1.490e-03
9.097e+00 9.295e-08 1.648e-02 5.980e-10 1.506e-03
1.000e+01 7.691e-08 1.539e-02 5.388e-10 1.639e-03
1.004e+01 7.630e-08 1.535e-02 5.364e-10 1.645e-03
1.100e+01 6.357e-08 1.436e-02 4.857e-10 1.775e-03
1.109e+01 6.254e-08 1.427e-02 4.814e-10 1.787e-03
1.200e+01 5.341e-08 1.347e-02 4.419e-10 1.903e-03
1.224e+01 5.134e-08 1.327e-02 4.326e-10 1.932e-03
1.300e+01 4.551e-08 1.268e-02 4.055e-10 2.022e-03
1.351e+01 4.214e-08 1.233e-02 3.891e-10 2.080e-03
1.400e+01 3.924e-08 1.200e-02 3.745e-10 2.133e-03
1.491e+01 3.460e-08 1.144e-02 3.501e-10 2.230e-03
1.500e+01 3.418e-08 1.139e-02 3.479e-10 2.240e-03
1.600e+01 3.005e-08 1.085e-02 3.248e-10 2.338e-03
1.646e+01 2.839e-08 1.062e-02 3.152e-10 2.382e-03
1.800e+01 2.374e-08 9.917e-03 2.868e-10 2.523e-03
1.818e+01 2.327e-08 9.841e-03 2.838e-10 2.539e-03
2.000e+01 1.923e-08 9.145e-03 2.568e-10 2.690e-03
