# HAFNIUM from NIST Database
1.331e+01 0.000e+00 0.000e+00 0.000e+00 0.000e+00
7.200e+01 1.000e+00 3.500e+00 0.000e+00 0.000e+00
0.000e+00 0.000e+00 0.000e+00 0.000e+00 0.000e+00
1.000e-03 1.113e+01 4.616e-03 3.324e+03 0.000e+00
1.020e-03 1.111e+01 4.741e-03 3.195e+03 0.000e+00
1.126e-03 1.101e+01 5.416e-03 2.622e+03 0.000e+00
1.243e-03 1.091e+01 6.175e-03 2.152e+03 0.000e+00
1.372e-03 1.078e+01 7.015e-03 1.767e+03 0.000e+00
1.500e-03 1.066e+01 7.838e-03 1.478e+03 0.000e+00
1.515e-03 1.064e+01 7.933e-03 1.448e+03 0.000e+00
1.662e-03 1.049e+01 8.853e-03 1.192e+03 0.000e+00
1.662e-03 1.049e+01 8.853e-03 1.476e+03 0.000e+00
1.672e-03 1.048e+01 8.918e-03 1.714e+03 0.000e+00
1.716e-03 1.043e+01 9.194e-03 3.222e+03 0.000e+00
1.716e-03 1.043e+01 9.194e-03 3.634e+03 0.000e+00
1.846e-03 1.030e+01 9.982e-03 3.611e+03 0.000e+00
2.000e-03 1.015e+01 1.091e-02 3.586e+03 0.000e+00
2.038e-03 1.011e+01 1.114e-02 3.420e+03 0.000e+00
2.108e-03 1.003e+01 1.157e-02 3.143e+03 0.000e+00
2.108e-03 1.003e+01 1.157e-02 3.647e+03 0.000e+00
2.250e-03 9.876e+00 1.243e-02 3.115e+03 0.000e+00
2.365e-03 9.757e+00 1.313e-02 2.760e+03 0.000e+00
2.365e-03 9.757e+00 1.313e-02 2.933e+03 0.000e+00
2.483e-03 9.646e+00 1.384e-02 2.621e+03 0.000e+00
2.601e-03 9.535e+00 1.454e-02 2.354e+03 0.000e+00
2.601e-03 9.535e+00 1.454e-02 2.456e+03 0.000e+00
2.741e-03 9.394e+00 1.537e-02 2.172e+03 0.000e+00
3.000e-03 9.123e+00 1.690e-02 1.759e+03 0.000e+00
3.026e-03 9.096e+00 1.705e-02 1.723e+03 0.000e+00
3.341e-03 8.781e+00 1.887e-02 1.356e+03 0.000e+00
3.688e-03 8.449e+00 2.084e-02 1.068e+03 0.000e+00
4.000e-03 8.158e+00 2.257e-02 8.776e+02 0.000e+00
4.071e-03 8.093e+00 2.296e-02 8.400e+02 0.000e+00
4.494e-03 7.713e+00 2.524e-02 6.571e+02 0.000e+00
4.961e-03 7.313e+00 2.768e-02 5.140e+02 0.000e+00
5.000e-03 7.281e+00 2.788e-02 5.041e+02 0.000e+00
5.477e-03 6.900e+00 3.027e-02 4.003e+02 0.000e+00
6.000e-03 6.508e+00 3.278e-02 3.179e+02 0.000e+00
6.046e-03 6.475e+00 3.300e-02 3.117e+02 0.000e+00
6.675e-03 6.042e+00 3.586e-02 2.417e+02 0.000e+00
7.368e-03 5.606e+00 3.882e-02 1.875e+02 0.000e+00
8.000e-03 5.243e+00 4.136e-02 1.518e+02 0.000e+00
8.134e-03 5.170e+00 4.188e-02 1.454e+02 0.000e+00
8.979e-03 4.742e+00 4.503e-02 1.124e+02 0.000e+00
9.561e-03 4.477e+00 4.707e-02 9.545e+01 0.000e+00
9.561e-03 4.477e+00 4.707e-02 2.512e+02 0.000e+00
9.912e-03 4.328e+00 4.826e-02 2.306e+02 0.000e+00
1.000e-02 4.292e+00 4.855e-02 2.258e+02 0.000e+00
1.074e-02 3.998e+00 5.095e-02 1.854e+02 0.000e+00
1.074e-02 3.998e+00 5.095e-02 2.549e+02 0.000e+00
1.094e-02 3.925e+00 5.158e-02 2.437e+02 0.000e+00
1.127e-02 3.809e+00 5.260e-02 2.267e+02 0.000e+00
1.127e-02 3.809e+00 5.260e-02 2.621e+02 0.000e+00
1.208e-02 3.543e+00 5.501e-02 2.195e+02 0.000e+00
1.334e-02 3.175e+00 5.852e-02 1.703e+02 0.000e+00
1.472e-02 2.834e+00 6.207e-02 1.323e+02 0.000e+00
1.500e-02 2.772e+00 6.276e-02 1.261e+02 0.000e+00
1.625e-02 2.520e+00 6.570e-02 1.020e+02 0.000e+00
1.794e-02 2.237e+00 6.938e-02 7.848e+01 0.000e+00
1.980e-02 1.982e+00 7.304e-02 6.043e+01 0.000e+00
2.000e-02 1.958e+00 7.342e-02 5.884e+01 0.000e+00
2.186e-02 1.753e+00 7.668e-02 4.631e+01 0.000e+00
2.413e-02 1.546e+00 8.023e-02 3.549e+01 0.000e+00
2.664e-02 1.359e+00 8.364e-02 2.718e+01 0.000e+00
2.941e-02 1.189e+00 8.687e-02 2.082e+01 0.000e+00
3.000e-02 1.157e+00 8.749e-02 1.974e+01 0.000e+00
3.247e-02 1.035e+00 8.985e-02 1.589e+01 0.000e+00
3.584e-02 8.968e-01 9.255e-02 1.212e+01 0.000e+00
3.957e-02 7.731e-01 9.497e-02 9.241e+00 0.000e+00
4.000e-02 7.605e-01 9.521e-02 8.971e+00 0.000e+00
4.368e-02 6.641e-01 9.708e-02 7.034e+00 0.000e+00
4.822e-02 5.690e-01 9.888e-02 5.352e+00 0.000e+00
5.000e-02 5.375e-01 9.946e-02 4.842e+00 0.000e+00
5.323e-02 4.870e-01 1.004e-01 4.068e+00 0.000e+00
5.876e-02 4.164e-01 1.015e-01 3.090e+00 0.000e+00
6.000e-02 4.028e-01 1.018e-01 2.915e+00 0.000e+00
6.486e-02 3.558e-01 1.024e-01 2.346e+00 0.000e+00
6.535e-02 3.516e-01 1.025e-01 2.297e+00 0.000e+00
6.535e-02 3.516e-01 1.025e-01 1.191e+01 0.000e+00
7.161e-02 3.034e-01 1.030e-01 9.362e+00 0.000e+00
7.905e-02 2.581e-01 1.033e-01 7.218e+00 0.000e+00
8.000e-02 2.530e-01 1.033e-01 6.994e+00 0.000e+00
8.726e-02 2.189e-01 1.032e-01 5.563e+00 0.000e+00
9.633e-02 1.850e-01 1.028e-01 4.282e+00 0.000e+00
1.000e-01 1.735e-01 1.026e-01 3.877e+00 0.000e+00
1.063e-01 1.561e-01 1.022e-01 3.292e+00 0.000e+00
1.174e-01 1.311e-01 1.013e-01 2.520e+00 0.000e+00
1.296e-01 1.100e-01 1.001e-01 1.928e+00 0.000e+00
1.431e-01 9.221e-02 9.861e-02 1.472e+00 0.000e+00
1.500e-01 8.475e-02 9.784e-02 1.295e+00 0.000e+00
1.579e-01 7.730e-02 9.695e-02 1.125e+00 0.000e+00
1.743e-01 6.472e-02 9.509e-02 8.596e-01 0.000e+00
1.925e-01 5.409e-02 9.304e-02 6.558e-01 0.000e+00
2.000e-01 5.047e-02 9.221e-02 5.911e-01 0.000e+00
2.125e-01 4.521e-02 9.085e-02 5.014e-01 0.000e+00
2.345e-01 3.776e-02 8.854e-02 3.842e-01 0.000e+00
2.589e-01 3.148e-02 8.612e-02 2.945e-01 0.000e+00
2.858e-01 2.621e-02 8.363e-02 2.264e-01 0.000e+00
3.000e-01 2.394e-02 8.239e-02 1.991e-01 0.000e+00
3.155e-01 2.179e-02 8.109e-02 1.744e-01 0.000e+00
3.483e-01 1.808e-02 7.850e-02 1.348e-01 0.000e+00
3.845e-01 1.499e-02 7.589e-02 1.046e-01 0.000e+00
4.000e-01 1.391e-02 7.483e-02 9.464e-02 0.000e+00
4.245e-01 1.242e-02 7.324e-02 8.150e-02 0.000e+00
4.686e-01 1.028e-02 7.059e-02 6.381e-02 0.000e+00
5.000e-01 9.073e-03 6.886e-02 5.449e-02 0.000e+00
5.173e-01 8.497e-03 6.796e-02 5.021e-02 0.000e+00
5.710e-01 7.022e-03 6.534e-02 3.972e-02 0.000e+00
6.000e-01 6.380e-03 6.404e-02 3.539e-02 0.000e+00
6.304e-01 5.797e-03 6.273e-02 3.158e-02 0.000e+00
6.959e-01 4.783e-03 6.014e-02 2.525e-02 0.000e+00
7.682e-01 3.944e-03 5.758e-02 2.031e-02 0.000e+00
8.000e-01 3.644e-03 5.655e-02 1.860e-02 0.000e+00
8.480e-01 3.251e-03 5.508e-02 1.643e-02 0.000e+00
9.361e-01 2.679e-03 5.262e-02 1.337e-02 0.000e+00
1.000e+00 2.353e-03 5.098e-02 1.168e-02 0.000e+00
1.022e+00 2.255e-03 5.044e-02 1.118e-02 0.000e+00
1.033e+00 2.208e-03 5.018e-02 1.094e-02 7.304e-08
1.141e+00 1.815e-03 4.780e-02 8.987e-03 6.253e-05
1.250e+00 1.516e-03 4.568e-02 7.537e-03 3.085e-04
1.259e+00 1.495e-03 4.552e-02 7.435e-03 3.371e-04
1.390e+00 1.229e-03 4.326e-02 6.178e-03 8.689e-04
1.500e+00 1.057e-03 4.157e-02 5.375e-03 1.439e-03
1.535e+00 1.010e-03 4.106e-02 5.156e-03 1.635e-03
1.694e+00 8.305e-04 3.895e-02 4.328e-03 2.582e-03
1.870e+00 6.825e-04 3.690e-02 3.648e-03 3.677e-03
2.000e+00 5.972e-04 3.553e-02 3.257e-03 4.494e-03
2.044e+00 5.719e-04 3.509e-02 3.140e-03 4.771e-03
2.065e+00 5.604e-04 3.488e-02 3.088e-03 4.902e-03
2.279e+00 4.605e-04 3.295e-02 2.627e-03 6.225e-03
2.516e+00 3.782e-04 3.110e-02 2.243e-03 7.640e-03
2.778e+00 3.104e-04 2.931e-02 1.922e-03 9.136e-03
3.000e+00 2.663e-04 2.797e-02 1.710e-03 1.035e-02
3.066e+00 2.550e-04 2.760e-02 1.654e-03 1.070e-02
3.385e+00 2.093e-04 2.596e-02 1.428e-03 1.235e-02
3.737e+00 1.718e-04 2.439e-02 1.237e-03 1.406e-02
4.000e+00 1.500e-04 2.335e-02 1.123e-03 1.527e-02
4.125e+00 1.410e-04 2.289e-02 1.076e-03 1.583e-02
4.554e+00 1.158e-04 2.145e-02 9.376e-04 1.766e-02
5.000e+00 9.606e-05 2.017e-02 8.256e-04 1.943e-02
5.027e+00 9.503e-05 2.009e-02 8.196e-04 1.953e-02
5.549e+00 7.799e-05 1.880e-02 7.182e-04 2.145e-02
6.000e+00 6.670e-05 1.783e-02 6.481e-04 2.301e-02
6.126e+00 6.399e-05 1.758e-02 6.309e-04 2.343e-02
6.762e+00 5.253e-05 1.642e-02 5.556e-04 2.544e-02
7.000e+00 4.902e-05 1.603e-02 5.317e-04 2.617e-02
7.465e+00 4.312e-05 1.532e-02 4.903e-04 2.753e-02
8.000e+00 3.755e-05 1.459e-02 4.497e-04 2.901e-02
8.241e+00 3.539e-05 1.428e-02 4.336e-04 2.966e-02
9.000e+00 2.966e-05 1.341e-02 3.894e-04 3.160e-02
9.097e+00 2.903e-05 1.330e-02 3.843e-04 3.185e-02
1.000e+01 2.403e-05 1.242e-02 3.428e-04 3.399e-02
1.004e+01 2.384e-05 1.239e-02 3.412e-04 3.408e-02
1.100e+01 1.986e-05 1.159e-02 3.059e-04 3.617e-02
1.109e+01 1.954e-05 1.152e-02 3.030e-04 3.637e-02
1.200e+01 1.669e-05 1.087e-02 2.761e-04 3.824e-02
1.224e+01 1.604e-05 1.071e-02 2.698e-04 3.872e-02
1.300e+01 1.422e-05 1.024e-02 2.516e-04 4.016e-02
1.351e+01 1.317e-05 9.949e-03 2.406e-04 4.108e-02
1.400e+01 1.226e-05 9.687e-03 2.309e-04 4.194e-02
1.491e+01 1.081e-05 9.239e-03 2.149e-04 4.344e-02
1.500e+01 1.068e-05 9.197e-03 2.134e-04 4.359e-02
1.600e+01 9.390e-06 8.759e-03 1.983e-04 4.513e-02
1.646e+01 8.872e-06 8.571e-03 1.921e-04 4.580e-02
1.800e+01 7.419e-06 8.003e-03 1.737e-04 4.791e-02
1.818e+01 7.273e-06 7.942e-03 1.718e-04 4.814e-02
2.000e+01 6.009e-06 7.382e-03 1.545e-04 5.042e-02
