# MERCURY from NIST Database
1.355e+01 0.000e+00 0.000e+00 0.000e+00 0.000e+00
8.000e+01 1.000e+00 3.500e+00 0.000e+00 0.000e+00
0.000e+00 0.000e+00 0.000e+00 0.000e+00 0.000e+00
1.000e-03 1.234e+01 3.564e-03 4.819e+03 0.000e+00
1.020e-03 1.232e+01 3.673e-03 4.634e+03 0.000e+00
1.126e-03 1.222e+01 4.267e-03 3.811e+03 0.000e+00
1.243e-03 1.212e+01 4.946e-03 3.135e+03 0.000e+00
1.372e-03 1.200e+01 5.708e-03 2.579e+03 0.000e+00
1.500e-03 1.187e+01 6.464e-03 2.162e+03 0.000e+00
1.515e-03 1.186e+01 6.552e-03 2.117e+03 0.000e+00
1.672e-03 1.169e+01 7.460e-03 1.716e+03 0.000e+00
1.846e-03 1.150e+01 8.451e-03 1.390e+03 0.000e+00
2.000e-03 1.132e+01 9.322e-03 1.172e+03 0.000e+00
2.038e-03 1.128e+01 9.537e-03 1.125e+03 0.000e+00
2.250e-03 1.103e+01 1.073e-02 9.049e+02 0.000e+00
2.295e-03 1.098e+01 1.098e-02 8.664e+02 0.000e+00
2.295e-03 1.098e+01 1.098e-02 9.781e+02 0.000e+00
2.339e-03 1.092e+01 1.123e-02 1.439e+03 0.000e+00
2.385e-03 1.087e+01 1.148e-02 2.117e+03 0.000e+00
2.385e-03 1.087e+01 1.148e-02 2.283e+03 0.000e+00
2.483e-03 1.076e+01 1.202e-02 2.233e+03 0.000e+00
2.741e-03 1.046e+01 1.341e-02 2.112e+03 0.000e+00
2.847e-03 1.034e+01 1.398e-02 2.068e+03 0.000e+00
2.847e-03 1.034e+01 1.398e-02 2.388e+03 0.000e+00
3.000e-03 1.017e+01 1.480e-02 2.107e+03 0.000e+00
3.026e-03 1.014e+01 1.494e-02 2.063e+03 0.000e+00
3.278e-03 9.850e+00 1.627e-02 1.694e+03 0.000e+00
3.278e-03 9.850e+00 1.627e-02 1.798e+03 0.000e+00
3.341e-03 9.780e+00 1.660e-02 1.719e+03 0.000e+00
3.562e-03 9.535e+00 1.775e-02 1.477e+03 0.000e+00
3.562e-03 9.535e+00 1.775e-02 1.540e+03 0.000e+00
3.688e-03 9.397e+00 1.841e-02 1.418e+03 0.000e+00
4.000e-03 9.064e+00 2.001e-02 1.170e+03 0.000e+00
4.071e-03 8.990e+00 2.037e-02 1.121e+03 0.000e+00
4.494e-03 8.565e+00 2.249e-02 8.805e+02 0.000e+00
4.961e-03 8.124e+00 2.478e-02 6.919e+02 0.000e+00
5.000e-03 8.088e+00 2.497e-02 6.788e+02 0.000e+00
5.477e-03 7.668e+00 2.726e-02 5.412e+02 0.000e+00
6.000e-03 7.241e+00 2.971e-02 4.314e+02 0.000e+00
6.046e-03 7.205e+00 2.993e-02 4.231e+02 0.000e+00
6.675e-03 6.740e+00 3.280e-02 3.293e+02 0.000e+00
7.368e-03 6.276e+00 3.583e-02 2.564e+02 0.000e+00
8.000e-03 5.893e+00 3.846e-02 2.081e+02 0.000e+00
8.134e-03 5.817e+00 3.900e-02 1.994e+02 0.000e+00
8.979e-03 5.365e+00 4.225e-02 1.546e+02 0.000e+00
9.912e-03 4.921e+00 4.560e-02 1.199e+02 0.000e+00
1.000e-02 4.882e+00 4.590e-02 1.172e+02 0.000e+00
1.094e-02 4.488e+00 4.902e-02 9.275e+01 0.000e+00
1.208e-02 4.068e+00 5.245e-02 7.166e+01 0.000e+00
1.228e-02 3.999e+00 5.302e-02 6.860e+01 0.000e+00
1.228e-02 3.999e+00 5.302e-02 1.739e+02 0.000e+00
1.334e-02 3.667e+00 5.580e-02 1.392e+02 0.000e+00
1.421e-02 3.423e+00 5.797e-02 1.174e+02 0.000e+00
1.421e-02 3.423e+00 5.797e-02 1.628e+02 0.000e+00
1.472e-02 3.290e+00 5.923e-02 1.496e+02 0.000e+00
1.484e-02 3.260e+00 5.950e-02 1.467e+02 0.000e+00
1.484e-02 3.260e+00 5.950e-02 1.698e+02 0.000e+00
1.500e-02 3.221e+00 5.986e-02 1.648e+02 0.000e+00
1.625e-02 2.937e+00 6.258e-02 1.343e+02 0.000e+00
1.794e-02 2.604e+00 6.604e-02 1.042e+02 0.000e+00
1.980e-02 2.301e+00 6.954e-02 8.095e+01 0.000e+00
2.000e-02 2.271e+00 6.989e-02 7.890e+01 0.000e+00
2.186e-02 2.028e+00 7.301e-02 6.236e+01 0.000e+00
2.413e-02 1.786e+00 7.641e-02 4.801e+01 0.000e+00
2.664e-02 1.570e+00 7.971e-02 3.695e+01 0.000e+00
2.941e-02 1.376e+00 8.288e-02 2.844e+01 0.000e+00
3.000e-02 1.340e+00 8.349e-02 2.699e+01 0.000e+00
3.247e-02 1.202e+00 8.587e-02 2.181e+01 0.000e+00
3.584e-02 1.047e+00 8.865e-02 1.671e+01 0.000e+00
3.957e-02 9.070e-01 9.119e-02 1.280e+01 0.000e+00
4.000e-02 8.926e-01 9.145e-02 1.244e+01 0.000e+00
4.368e-02 7.816e-01 9.343e-02 9.785e+00 0.000e+00
4.822e-02 6.706e-01 9.537e-02 7.476e+00 0.000e+00
5.000e-02 6.335e-01 9.601e-02 6.773e+00 0.000e+00
5.323e-02 5.737e-01 9.701e-02 5.706e+00 0.000e+00
5.876e-02 4.901e-01 9.833e-02 4.352e+00 0.000e+00
6.000e-02 4.740e-01 9.856e-02 4.110e+00 0.000e+00
6.486e-02 4.185e-01 9.931e-02 3.316e+00 0.000e+00
7.161e-02 3.569e-01 9.997e-02 2.525e+00 0.000e+00
7.905e-02 3.039e-01 1.003e-01 1.923e+00 0.000e+00
8.000e-02 2.980e-01 1.004e-01 1.860e+00 0.000e+00
8.310e-02 2.799e-01 1.004e-01 1.675e+00 0.000e+00
8.310e-02 2.799e-01 1.004e-01 8.085e+00 0.000e+00
8.726e-02 2.582e-01 1.004e-01 7.111e+00 0.000e+00
9.633e-02 2.190e-01 1.002e-01 5.484e+00 0.000e+00
1.000e-01 2.056e-01 1.000e-01 4.972e+00 0.000e+00
1.063e-01 1.853e-01 9.968e-02 4.236e+00 0.000e+00
1.174e-01 1.561e-01 9.887e-02 3.265e+00 0.000e+00
1.296e-01 1.312e-01 9.781e-02 2.518e+00 0.000e+00
1.431e-01 1.100e-01 9.650e-02 1.939e+00 0.000e+00
1.500e-01 1.012e-01 9.580e-02 1.712e+00 0.000e+00
1.579e-01 9.230e-02 9.498e-02 1.494e+00 0.000e+00
1.743e-01 7.730e-02 9.324e-02 1.147e+00 0.000e+00
1.925e-01 6.463e-02 9.130e-02 8.800e-01 0.000e+00
2.000e-01 6.031e-02 9.052e-02 7.947e-01 0.000e+00
2.125e-01 5.405e-02 8.923e-02 6.763e-01 0.000e+00
2.345e-01 4.519e-02 8.702e-02 5.209e-01 0.000e+00
2.589e-01 3.772e-02 8.470e-02 4.015e-01 0.000e+00
2.858e-01 3.145e-02 8.230e-02 3.102e-01 0.000e+00
3.000e-01 2.876e-02 8.109e-02 2.736e-01 0.000e+00
3.155e-01 2.619e-02 7.982e-02 2.403e-01 0.000e+00
3.483e-01 2.178e-02 7.729e-02 1.866e-01 0.000e+00
3.845e-01 1.809e-02 7.473e-02 1.455e-01 0.000e+00
4.000e-01 1.679e-02 7.370e-02 1.319e-01 0.000e+00
4.245e-01 1.500e-02 7.215e-02 1.139e-01 0.000e+00
4.686e-01 1.243e-02 6.957e-02 8.952e-02 0.000e+00
5.000e-01 1.098e-02 6.788e-02 7.665e-02 0.000e+00
5.173e-01 1.029e-02 6.700e-02 7.071e-02 0.000e+00
5.710e-01 8.511e-03 6.444e-02 5.615e-02 0.000e+00
6.000e-01 7.737e-03 6.317e-02 5.011e-02 0.000e+00
6.304e-01 7.033e-03 6.189e-02 4.479e-02 0.000e+00
6.959e-01 5.809e-03 5.935e-02 3.592e-02 0.000e+00
7.682e-01 4.795e-03 5.684e-02 2.896e-02 0.000e+00
8.000e-01 4.431e-03 5.581e-02 2.655e-02 0.000e+00
8.480e-01 3.956e-03 5.435e-02 2.347e-02 0.000e+00
9.361e-01 3.262e-03 5.192e-02 1.911e-02 0.000e+00
1.000e+00 2.867e-03 5.035e-02 1.672e-02 0.000e+00
1.022e+00 2.747e-03 4.984e-02 1.600e-02 0.000e+00
1.033e+00 2.690e-03 4.959e-02 1.566e-02 8.235e-08
1.141e+00 2.214e-03 4.724e-02 1.287e-02 7.253e-05
1.250e+00 1.850e-03 4.512e-02 1.079e-02 3.657e-04
1.259e+00 1.824e-03 4.496e-02 1.065e-02 4.001e-04
1.390e+00 1.501e-03 4.274e-02 8.842e-03 1.046e-03
1.500e+00 1.291e-03 4.107e-02 7.689e-03 1.737e-03
1.535e+00 1.233e-03 4.057e-02 7.374e-03 1.973e-03
1.694e+00 1.014e-03 3.846e-02 6.184e-03 3.091e-03
1.870e+00 8.337e-04 3.643e-02 5.209e-03 4.348e-03
2.000e+00 7.301e-04 3.510e-02 4.650e-03 5.272e-03
2.044e+00 6.995e-04 3.468e-02 4.485e-03 5.584e-03
2.065e+00 6.856e-04 3.448e-02 4.410e-03 5.732e-03
2.279e+00 5.641e-04 3.260e-02 3.752e-03 7.206e-03
2.516e+00 4.633e-04 3.076e-02 3.201e-03 8.755e-03
2.778e+00 3.801e-04 2.898e-02 2.739e-03 1.037e-02
3.000e+00 3.260e-04 2.765e-02 2.434e-03 1.166e-02
3.066e+00 3.122e-04 2.728e-02 2.354e-03 1.204e-02
3.385e+00 2.563e-04 2.565e-02 2.031e-03 1.378e-02
3.737e+00 2.104e-04 2.410e-02 1.758e-03 1.559e-02
4.000e+00 1.837e-04 2.308e-02 1.594e-03 1.686e-02
4.125e+00 1.728e-04 2.262e-02 1.526e-03 1.745e-02
4.554e+00 1.418e-04 2.121e-02 1.329e-03 1.937e-02
5.000e+00 1.177e-04 1.994e-02 1.169e-03 2.123e-02
5.027e+00 1.164e-04 1.987e-02 1.161e-03 2.134e-02
5.549e+00 9.556e-05 1.859e-02 1.016e-03 2.336e-02
6.000e+00 8.175e-05 1.762e-02 9.166e-04 2.500e-02
6.126e+00 7.843e-05 1.737e-02 8.920e-04 2.545e-02
6.762e+00 6.438e-05 1.623e-02 7.849e-04 2.757e-02
7.000e+00 6.007e-05 1.584e-02 7.509e-04 2.833e-02
7.465e+00 5.282e-05 1.514e-02 6.919e-04 2.977e-02
8.000e+00 4.599e-05 1.442e-02 6.344e-04 3.133e-02
8.241e+00 4.335e-05 1.412e-02 6.114e-04 3.201e-02
9.000e+00 3.636e-05 1.325e-02 5.485e-04 3.404e-02
9.097e+00 3.559e-05 1.315e-02 5.413e-04 3.429e-02
1.000e+01 2.945e-05 1.228e-02 4.825e-04 3.658e-02
1.004e+01 2.922e-05 1.225e-02 4.801e-04 3.667e-02
1.100e+01 2.434e-05 1.146e-02 4.305e-04 3.889e-02
1.109e+01 2.395e-05 1.139e-02 4.263e-04 3.909e-02
1.200e+01 2.045e-05 1.074e-02 3.882e-04 4.105e-02
1.224e+01 1.966e-05 1.059e-02 3.793e-04 4.155e-02
1.300e+01 1.743e-05 1.012e-02 3.537e-04 4.306e-02
1.351e+01 1.614e-05 9.837e-03 3.382e-04 4.405e-02
1.400e+01 1.503e-05 9.577e-03 3.245e-04 4.495e-02
1.491e+01 1.325e-05 9.132e-03 3.018e-04 4.657e-02
1.500e+01 1.309e-05 9.091e-03 2.997e-04 4.672e-02
1.600e+01 1.151e-05 8.658e-03 2.784e-04 4.838e-02
1.646e+01 1.087e-05 8.474e-03 2.696e-04 4.910e-02
1.800e+01 9.091e-06 7.914e-03 2.437e-04 5.136e-02
1.818e+01 8.912e-06 7.854e-03 2.410e-04 5.162e-02
2.000e+01 7.364e-06 7.298e-03 2.166e-04 5.402e-02
