# HOLMIUM from NIST Database
8.795e+00 0.000e+00 0.000e+00 0.000e+00 0.000e+00
6.700e+01 1.000e+00 3.500e+00 0.000e+00 0.000e+00
0.000e+00 0.000e+00 0.000e+00 0.000e+00 0.000e+00
1.000e-03 1.037e+01 5.137e-03 2.606e+03 0.000e+00
1.020e-03 1.035e+01 5.269e-03 2.507e+03 0.000e+00
1.126e-03 1.025e+01 5.974e-03 2.070e+03 0.000e+00
1.243e-03 1.014e+01 6.760e-03 1.709e+03 0.000e+00
1.351e-03 1.003e+01 7.485e-03 1.453e+03 0.000e+00
1.351e-03 1.003e+01 7.485e-03 2.058e+03 0.000e+00
1.372e-03 1.001e+01 7.622e-03 3.078e+03 0.000e+00
1.391e-03 9.994e+00 7.752e-03 4.477e+03 0.000e+00
1.391e-03 9.994e+00 7.752e-03 5.181e+03 0.000e+00
1.500e-03 9.880e+00 8.478e-03 5.838e+03 0.000e+00
1.515e-03 9.865e+00 8.578e-03 5.696e+03 0.000e+00
1.672e-03 9.709e+00 9.610e-03 4.455e+03 0.000e+00
1.741e-03 9.639e+00 1.006e-02 4.027e+03 0.000e+00
1.741e-03 9.639e+00 1.006e-02 4.666e+03 0.000e+00
1.846e-03 9.530e+00 1.075e-02 4.066e+03 0.000e+00
1.923e-03 9.450e+00 1.126e-02 3.695e+03 0.000e+00
1.923e-03 9.450e+00 1.126e-02 3.925e+03 0.000e+00
2.000e-03 9.369e+00 1.177e-02 3.581e+03 0.000e+00
2.038e-03 9.329e+00 1.202e-02 3.434e+03 0.000e+00
2.128e-03 9.234e+00 1.261e-02 3.119e+03 0.000e+00
2.128e-03 9.234e+00 1.261e-02 3.257e+03 0.000e+00
2.250e-03 9.108e+00 1.341e-02 2.859e+03 0.000e+00
2.483e-03 8.872e+00 1.494e-02 2.269e+03 0.000e+00
2.741e-03 8.616e+00 1.662e-02 1.800e+03 0.000e+00
3.000e-03 8.362e+00 1.828e-02 1.456e+03 0.000e+00
3.026e-03 8.336e+00 1.845e-02 1.426e+03 0.000e+00
3.341e-03 8.030e+00 2.042e-02 1.118e+03 0.000e+00
3.688e-03 7.701e+00 2.253e-02 8.774e+02 0.000e+00
4.000e-03 7.416e+00 2.439e-02 7.189e+02 0.000e+00
4.071e-03 7.352e+00 2.480e-02 6.879e+02 0.000e+00
4.494e-03 6.986e+00 2.722e-02 5.366e+02 0.000e+00
4.961e-03 6.603e+00 2.980e-02 4.186e+02 0.000e+00
5.000e-03 6.572e+00 3.001e-02 4.104e+02 0.000e+00
5.477e-03 6.207e+00 3.251e-02 3.253e+02 0.000e+00
6.000e-03 5.838e+00 3.511e-02 2.577e+02 0.000e+00
6.046e-03 5.808e+00 3.533e-02 2.527e+02 0.000e+00
6.675e-03 5.412e+00 3.823e-02 1.955e+02 0.000e+00
7.368e-03 5.014e+00 4.125e-02 1.514e+02 0.000e+00
8.000e-03 4.677e+00 4.389e-02 1.223e+02 0.000e+00
8.071e-03 4.641e+00 4.418e-02 1.195e+02 0.000e+00
8.071e-03 4.641e+00 4.418e-02 3.237e+02 0.000e+00
8.134e-03 4.609e+00 4.444e-02 3.172e+02 0.000e+00
8.918e-03 4.250e+00 4.747e-02 2.497e+02 0.000e+00
8.918e-03 4.250e+00 4.747e-02 3.421e+02 0.000e+00
8.979e-03 4.224e+00 4.769e-02 3.364e+02 0.000e+00
9.394e-03 4.049e+00 4.918e-02 3.010e+02 0.000e+00
9.394e-03 4.049e+00 4.918e-02 3.479e+02 0.000e+00
9.912e-03 3.845e+00 5.100e-02 3.040e+02 0.000e+00
1.000e-02 3.812e+00 5.130e-02 2.973e+02 0.000e+00
1.094e-02 3.482e+00 5.443e-02 2.353e+02 0.000e+00
1.208e-02 3.137e+00 5.798e-02 1.818e+02 0.000e+00
1.334e-02 2.815e+00 6.162e-02 1.405e+02 0.000e+00
1.472e-02 2.519e+00 6.530e-02 1.087e+02 0.000e+00
1.500e-02 2.465e+00 6.602e-02 1.035e+02 0.000e+00
1.625e-02 2.247e+00 6.906e-02 8.358e+01 0.000e+00
1.794e-02 2.000e+00 7.284e-02 6.415e+01 0.000e+00
1.980e-02 1.776e+00 7.656e-02 4.928e+01 0.000e+00
2.000e-02 1.754e+00 7.693e-02 4.798e+01 0.000e+00
2.186e-02 1.572e+00 8.019e-02 3.765e+01 0.000e+00
2.413e-02 1.387e+00 8.368e-02 2.876e+01 0.000e+00
2.664e-02 1.219e+00 8.699e-02 2.196e+01 0.000e+00
2.941e-02 1.065e+00 9.007e-02 1.677e+01 0.000e+00
3.000e-02 1.036e+00 9.066e-02 1.588e+01 0.000e+00
3.247e-02 9.251e-01 9.290e-02 1.276e+01 0.000e+00
3.584e-02 7.995e-01 9.544e-02 9.708e+00 0.000e+00
3.957e-02 6.882e-01 9.770e-02 7.381e+00 0.000e+00
4.000e-02 6.770e-01 9.793e-02 7.164e+00 0.000e+00
4.368e-02 5.912e-01 9.965e-02 5.605e+00 0.000e+00
4.822e-02 5.070e-01 1.013e-01 4.254e+00 0.000e+00
5.000e-02 4.791e-01 1.019e-01 3.845e+00 0.000e+00
5.323e-02 4.342e-01 1.027e-01 3.226e+00 0.000e+00
5.562e-02 4.053e-01 1.033e-01 2.852e+00 0.000e+00
5.562e-02 4.053e-01 1.033e-01 1.541e+01 0.000e+00
5.876e-02 3.717e-01 1.038e-01 1.334e+01 0.000e+00
6.000e-02 3.597e-01 1.040e-01 1.263e+01 0.000e+00
6.486e-02 3.177e-01 1.046e-01 1.029e+01 0.000e+00
7.161e-02 2.707e-01 1.050e-01 7.933e+00 0.000e+00
7.905e-02 2.299e-01 1.052e-01 6.103e+00 0.000e+00
8.000e-02 2.254e-01 1.052e-01 5.911e+00 0.000e+00
8.726e-02 1.946e-01 1.051e-01 4.682e+00 0.000e+00
9.633e-02 1.642e-01 1.046e-01 3.581e+00 0.000e+00
1.000e-01 1.539e-01 1.044e-01 3.234e+00 0.000e+00
1.063e-01 1.383e-01 1.039e-01 2.738e+00 0.000e+00
1.174e-01 1.161e-01 1.028e-01 2.085e+00 0.000e+00
1.296e-01 9.743e-02 1.015e-01 1.589e+00 0.000e+00
1.431e-01 8.164e-02 9.995e-02 1.209e+00 0.000e+00
1.500e-01 7.503e-02 9.913e-02 1.062e+00 0.000e+00
1.579e-01 6.843e-02 9.819e-02 9.214e-01 0.000e+00
1.743e-01 5.729e-02 9.624e-02 7.012e-01 0.000e+00
1.925e-01 4.787e-02 9.411e-02 5.330e-01 0.000e+00
2.000e-01 4.466e-02 9.325e-02 4.798e-01 0.000e+00
2.125e-01 3.998e-02 9.186e-02 4.062e-01 0.000e+00
2.345e-01 3.337e-02 8.949e-02 3.102e-01 0.000e+00
2.589e-01 2.779e-02 8.702e-02 2.370e-01 0.000e+00
2.858e-01 2.311e-02 8.448e-02 1.816e-01 0.000e+00
3.000e-01 2.110e-02 8.321e-02 1.596e-01 0.000e+00
3.155e-01 1.919e-02 8.189e-02 1.396e-01 0.000e+00
3.483e-01 1.591e-02 7.925e-02 1.076e-01 0.000e+00
3.845e-01 1.318e-02 7.658e-02 8.324e-02 0.000e+00
4.000e-01 1.222e-02 7.551e-02 7.522e-02 0.000e+00
4.245e-01 1.091e-02 7.389e-02 6.467e-02 0.000e+00
4.686e-01 9.024e-03 7.121e-02 5.049e-02 0.000e+00
5.000e-01 7.964e-03 6.945e-02 4.305e-02 0.000e+00
5.173e-01 7.457e-03 6.853e-02 3.963e-02 0.000e+00
5.710e-01 6.159e-03 6.588e-02 3.129e-02 0.000e+00
6.000e-01 5.594e-03 6.456e-02 2.785e-02 0.000e+00
6.304e-01 5.081e-03 6.324e-02 2.483e-02 0.000e+00
6.959e-01 4.191e-03 6.062e-02 1.983e-02 0.000e+00
7.682e-01 3.455e-03 5.804e-02 1.593e-02 0.000e+00
8.000e-01 3.191e-03 5.700e-02 1.458e-02 0.000e+00
8.480e-01 2.846e-03 5.552e-02 1.287e-02 0.000e+00
9.361e-01 2.344e-03 5.303e-02 1.047e-02 0.000e+00
1.000e+00 2.059e-03 5.137e-02 9.143e-03 0.000e+00
1.022e+00 1.972e-03 5.083e-02 8.749e-03 0.000e+00
1.033e+00 1.931e-03 5.056e-02 8.562e-03 6.632e-08
1.141e+00 1.588e-03 4.814e-02 7.030e-03 5.609e-05
1.250e+00 1.325e-03 4.601e-02 5.897e-03 2.743e-04
1.259e+00 1.307e-03 4.584e-02 5.817e-03 2.995e-04
1.390e+00 1.074e-03 4.358e-02 4.836e-03 7.680e-04
1.500e+00 9.234e-04 4.188e-02 4.210e-03 1.271e-03
1.535e+00 8.822e-04 4.137e-02 4.039e-03 1.445e-03
1.694e+00 7.257e-04 3.923e-02 3.392e-03 2.293e-03
1.870e+00 5.964e-04 3.715e-02 2.859e-03 3.290e-03
2.000e+00 5.214e-04 3.578e-02 2.553e-03 4.042e-03
2.044e+00 4.991e-04 3.534e-02 2.462e-03 4.298e-03
2.065e+00 4.890e-04 3.513e-02 2.420e-03 4.419e-03
2.279e+00 4.015e-04 3.320e-02 2.060e-03 5.651e-03
2.516e+00 3.297e-04 3.133e-02 1.760e-03 6.981e-03
2.778e+00 2.708e-04 2.953e-02 1.509e-03 8.397e-03
3.000e+00 2.324e-04 2.818e-02 1.343e-03 9.551e-03
3.066e+00 2.225e-04 2.780e-02 1.300e-03 9.885e-03
3.385e+00 1.826e-04 2.615e-02 1.123e-03 1.145e-02
3.737e+00 1.499e-04 2.456e-02 9.738e-04 1.308e-02
4.000e+00 1.308e-04 2.351e-02 8.844e-04 1.424e-02
4.125e+00 1.230e-04 2.305e-02 8.470e-04 1.477e-02
4.554e+00 1.009e-04 2.161e-02 7.386e-04 1.652e-02
5.000e+00 8.376e-05 2.031e-02 6.507e-04 1.823e-02
5.027e+00 8.287e-05 2.024e-02 6.460e-04 1.833e-02
5.549e+00 6.803e-05 1.893e-02 5.665e-04 2.017e-02
6.000e+00 5.820e-05 1.795e-02 5.116e-04 2.167e-02
6.126e+00 5.583e-05 1.770e-02 4.980e-04 2.208e-02
6.762e+00 4.582e-05 1.653e-02 4.391e-04 2.402e-02
7.000e+00 4.276e-05 1.614e-02 4.203e-04 2.471e-02
7.465e+00 3.760e-05 1.543e-02 3.876e-04 2.602e-02
8.000e+00 3.275e-05 1.469e-02 3.556e-04 2.746e-02
8.241e+00 3.086e-05 1.438e-02 3.428e-04 2.808e-02
9.000e+00 2.587e-05 1.350e-02 3.079e-04 2.995e-02
9.097e+00 2.532e-05 1.340e-02 3.039e-04 3.018e-02
1.000e+01 2.096e-05 1.251e-02 2.712e-04 3.223e-02
1.004e+01 2.079e-05 1.248e-02 2.699e-04 3.232e-02
1.100e+01 1.732e-05 1.167e-02 2.422e-04 3.435e-02
1.109e+01 1.704e-05 1.160e-02 2.399e-04 3.453e-02
1.200e+01 1.455e-05 1.094e-02 2.187e-04 3.631e-02
1.224e+01 1.399e-05 1.078e-02 2.137e-04 3.676e-02
1.300e+01 1.240e-05 1.031e-02 1.993e-04 3.813e-02
1.351e+01 1.149e-05 1.002e-02 1.907e-04 3.903e-02
1.400e+01 1.069e-05 9.756e-03 1.830e-04 3.984e-02
1.491e+01 9.427e-06 9.302e-03 1.704e-04 4.131e-02
1.500e+01 9.315e-06 9.260e-03 1.692e-04 4.144e-02
1.600e+01 8.186e-06 8.818e-03 1.573e-04 4.293e-02
1.646e+01 7.736e-06 8.630e-03 1.523e-04 4.357e-02
1.800e+01 6.470e-06 8.062e-03 1.378e-04 4.557e-02
1.818e+01 6.343e-06 8.001e-03 1.363e-04 4.580e-02
2.000e+01 5.240e-06 7.434e-03 1.226e-04 4.795e-02
