# IODINE from NIST Database
4.930e+00 0.000e+00 0.000e+00 0.000e+00 0.000e+00
5.300e+01 1.000e+00 3.500e+00 0.000e+00 0.000e+00
0.000e+00 0.000e+00 0.000e+00 0.000e+00 0.000e+00
1.000e-03 8.418e+00 4.688e-03 9.087e+03 0.000e+00
1.020e-03 8.401e+00 4.847e-03 8.719e+03 0.000e+00
1.072e-03 8.357e+00 5.272e-03 7.858e+03 0.000e+00
1.072e-03 8.357e+00 5.272e-03 8.195e+03 0.000e+00
1.126e-03 8.310e+00 5.720e-03 7.356e+03 0.000e+00
1.243e-03 8.205e+00 6.715e-03 5.917e+03 0.000e+00
1.372e-03 8.083e+00 7.837e-03 4.760e+03 0.000e+00
1.500e-03 7.958e+00 8.969e-03 3.911e+03 0.000e+00
1.515e-03 7.943e+00 9.102e-03 3.821e+03 0.000e+00
1.672e-03 7.784e+00 1.050e-02 3.030e+03 0.000e+00
1.846e-03 7.605e+00 1.206e-02 2.401e+03 0.000e+00
2.000e-03 7.446e+00 1.342e-02 1.989e+03 0.000e+00
2.038e-03 7.406e+00 1.376e-02 1.899e+03 0.000e+00
2.250e-03 7.189e+00 1.562e-02 1.490e+03 0.000e+00
2.483e-03 6.956e+00 1.763e-02 1.170e+03 0.000e+00
2.741e-03 6.705e+00 1.979e-02 9.180e+02 0.000e+00
3.000e-03 6.463e+00 2.190e-02 7.355e+02 0.000e+00
3.026e-03 6.440e+00 2.210e-02 7.196e+02 0.000e+00
3.341e-03 6.161e+00 2.456e-02 5.601e+02 0.000e+00
3.688e-03 5.872e+00 2.713e-02 4.361e+02 0.000e+00
4.000e-03 5.628e+00 2.932e-02 3.551e+02 0.000e+00
4.071e-03 5.575e+00 2.980e-02 3.394e+02 0.000e+00
4.494e-03 5.272e+00 3.256e-02 2.632e+02 0.000e+00
4.557e-03 5.229e+00 3.296e-02 2.539e+02 0.000e+00
4.557e-03 5.229e+00 3.296e-02 7.498e+02 0.000e+00
4.702e-03 5.133e+00 3.387e-02 7.027e+02 0.000e+00
4.852e-03 5.035e+00 3.479e-02 6.587e+02 0.000e+00
4.852e-03 5.035e+00 3.479e-02 8.883e+02 0.000e+00
4.961e-03 4.965e+00 3.545e-02 8.509e+02 0.000e+00
5.000e-03 4.940e+00 3.568e-02 8.380e+02 0.000e+00
5.188e-03 4.821e+00 3.679e-02 7.616e+02 0.000e+00
5.188e-03 4.821e+00 3.679e-02 8.788e+02 0.000e+00
5.477e-03 4.648e+00 3.844e-02 7.685e+02 0.000e+00
6.000e-03 4.356e+00 4.129e-02 6.131e+02 0.000e+00
6.046e-03 4.332e+00 4.153e-02 6.010e+02 0.000e+00
6.675e-03 4.015e+00 4.476e-02 4.637e+02 0.000e+00
7.368e-03 3.702e+00 4.813e-02 3.580e+02 0.000e+00
8.000e-03 3.446e+00 5.106e-02 2.886e+02 0.000e+00
8.134e-03 3.395e+00 5.167e-02 2.762e+02 0.000e+00
8.979e-03 3.101e+00 5.537e-02 2.125e+02 0.000e+00
9.912e-03 2.822e+00 5.921e-02 1.635e+02 0.000e+00
1.000e-02 2.798e+00 5.955e-02 1.597e+02 0.000e+00
1.094e-02 2.562e+00 6.313e-02 1.252e+02 0.000e+00
1.208e-02 2.319e+00 6.712e-02 9.569e+01 0.000e+00
1.334e-02 2.092e+00 7.113e-02 7.311e+01 0.000e+00
1.472e-02 1.882e+00 7.504e-02 5.598e+01 0.000e+00
1.500e-02 1.843e+00 7.578e-02 5.320e+01 0.000e+00
1.625e-02 1.685e+00 7.887e-02 4.265e+01 0.000e+00
1.794e-02 1.501e+00 8.257e-02 3.245e+01 0.000e+00
1.980e-02 1.329e+00 8.611e-02 2.471e+01 0.000e+00
2.000e-02 1.312e+00 8.646e-02 2.404e+01 0.000e+00
2.186e-02 1.168e+00 8.950e-02 1.873e+01 0.000e+00
2.413e-02 1.020e+00 9.272e-02 1.420e+01 0.000e+00
2.664e-02 8.860e-01 9.574e-02 1.076e+01 0.000e+00
2.941e-02 7.675e-01 9.855e-02 8.158e+00 0.000e+00
3.000e-02 7.455e-01 9.908e-02 7.716e+00 0.000e+00
3.247e-02 6.636e-01 1.011e-01 6.169e+00 0.000e+00
3.317e-02 6.430e-01 1.016e-01 5.808e+00 0.000e+00
3.317e-02 6.430e-01 1.016e-01 3.508e+01 0.000e+00
3.584e-02 5.730e-01 1.034e-01 2.867e+01 0.000e+00
3.957e-02 4.939e-01 1.055e-01 2.213e+01 0.000e+00
4.000e-02 4.859e-01 1.057e-01 2.151e+01 0.000e+00
4.368e-02 4.252e-01 1.073e-01 1.704e+01 0.000e+00
4.822e-02 3.653e-01 1.089e-01 1.309e+01 0.000e+00
5.000e-02 3.452e-01 1.093e-01 1.187e+01 0.000e+00
5.323e-02 3.127e-01 1.100e-01 1.001e+01 0.000e+00
5.876e-02 2.666e-01 1.109e-01 7.635e+00 0.000e+00
6.000e-02 2.577e-01 1.110e-01 7.208e+00 0.000e+00
6.486e-02 2.265e-01 1.114e-01 5.813e+00 0.000e+00
7.161e-02 1.916e-01 1.117e-01 4.416e+00 0.000e+00
7.905e-02 1.618e-01 1.116e-01 3.351e+00 0.000e+00
8.000e-02 1.584e-01 1.115e-01 3.240e+00 0.000e+00
8.726e-02 1.363e-01 1.111e-01 2.537e+00 0.000e+00
9.633e-02 1.146e-01 1.104e-01 1.918e+00 0.000e+00
1.000e-01 1.073e-01 1.100e-01 1.725e+00 0.000e+00
1.063e-01 9.640e-02 1.093e-01 1.450e+00 0.000e+00
1.174e-01 8.088e-02 1.080e-01 1.092e+00 0.000e+00
1.296e-01 6.784e-02 1.064e-01 8.234e-01 0.000e+00
1.431e-01 5.682e-02 1.046e-01 6.201e-01 0.000e+00
1.500e-01 5.220e-02 1.036e-01 5.419e-01 0.000e+00
1.579e-01 4.758e-02 1.026e-01 4.679e-01 0.000e+00
1.743e-01 3.975e-02 1.004e-01 3.527e-01 0.000e+00
1.925e-01 3.313e-02 9.803e-02 2.657e-01 0.000e+00
2.000e-01 3.087e-02 9.709e-02 2.383e-01 0.000e+00
2.125e-01 2.758e-02 9.556e-02 2.006e-01 0.000e+00
2.345e-01 2.295e-02 9.300e-02 1.519e-01 0.000e+00
2.589e-01 1.905e-02 9.034e-02 1.151e-01 0.000e+00
2.858e-01 1.579e-02 8.762e-02 8.743e-02 0.000e+00
3.000e-01 1.440e-02 8.627e-02 7.650e-02 0.000e+00
3.155e-01 1.308e-02 8.486e-02 6.663e-02 0.000e+00
3.483e-01 1.083e-02 8.206e-02 5.096e-02 0.000e+00
3.845e-01 8.952e-03 7.924e-02 3.913e-02 0.000e+00
4.000e-01 8.295e-03 7.811e-02 3.525e-02 0.000e+00
4.245e-01 7.394e-03 7.641e-02 3.018e-02 0.000e+00
4.686e-01 6.105e-03 7.359e-02 2.341e-02 0.000e+00
5.000e-01 5.381e-03 7.175e-02 1.988e-02 0.000e+00
5.173e-01 5.036e-03 7.079e-02 1.827e-02 0.000e+00
5.710e-01 4.154e-03 6.801e-02 1.435e-02 0.000e+00
6.000e-01 3.771e-03 6.663e-02 1.274e-02 0.000e+00
6.304e-01 3.423e-03 6.525e-02 1.132e-02 0.000e+00
6.959e-01 2.820e-03 6.251e-02 8.983e-03 0.000e+00
7.682e-01 2.322e-03 5.983e-02 7.197e-03 0.000e+00
8.000e-01 2.143e-03 5.875e-02 6.596e-03 0.000e+00
8.480e-01 1.910e-03 5.721e-02 5.842e-03 0.000e+00
9.361e-01 1.571e-03 5.464e-02 4.759e-03 0.000e+00
1.000e+00 1.379e-03 5.291e-02 4.120e-03 0.000e+00
1.022e+00 1.321e-03 5.234e-02 3.922e-03 0.000e+00
1.033e+00 1.294e-03 5.206e-02 3.830e-03 4.717e-08
1.141e+00 1.062e-03 4.957e-02 3.130e-03 3.907e-05
1.250e+00 8.860e-04 4.737e-02 2.645e-03 1.883e-04
1.259e+00 8.734e-04 4.720e-02 2.610e-03 2.055e-04
1.390e+00 7.173e-04 4.486e-02 2.175e-03 5.243e-04
1.500e+00 6.164e-04 4.309e-02 1.893e-03 8.713e-04
1.535e+00 5.888e-04 4.257e-02 1.816e-03 9.935e-04
1.694e+00 4.839e-04 4.036e-02 1.527e-03 1.604e-03
1.870e+00 3.975e-04 3.822e-02 1.289e-03 2.355e-03
2.000e+00 3.476e-04 3.681e-02 1.152e-03 2.939e-03
2.044e+00 3.329e-04 3.635e-02 1.111e-03 3.139e-03
2.065e+00 3.262e-04 3.614e-02 1.093e-03 3.235e-03
2.279e+00 2.679e-04 3.415e-02 9.316e-04 4.214e-03
2.516e+00 2.199e-04 3.223e-02 7.975e-04 5.292e-03
2.778e+00 1.804e-04 3.037e-02 6.856e-04 6.458e-03
3.000e+00 1.547e-04 2.898e-02 6.112e-04 7.418e-03
3.066e+00 1.482e-04 2.859e-02 5.919e-04 7.698e-03
3.385e+00 1.216e-04 2.689e-02 5.124e-04 9.016e-03
3.737e+00 9.981e-05 2.526e-02 4.450e-04 1.040e-02
4.000e+00 8.713e-05 2.418e-02 4.046e-04 1.140e-02
4.125e+00 8.193e-05 2.370e-02 3.878e-04 1.186e-02
4.554e+00 6.722e-05 2.222e-02 3.389e-04 1.336e-02
5.000e+00 5.576e-05 2.088e-02 2.992e-04 1.484e-02
5.027e+00 5.516e-05 2.081e-02 2.971e-04 1.492e-02
5.549e+00 4.528e-05 1.947e-02 2.611e-04 1.653e-02
6.000e+00 3.873e-05 1.846e-02 2.361e-04 1.782e-02
6.126e+00 3.716e-05 1.820e-02 2.299e-04 1.817e-02
6.762e+00 3.050e-05 1.700e-02 2.030e-04 1.987e-02
7.000e+00 2.846e-05 1.659e-02 1.944e-04 2.047e-02
7.465e+00 2.503e-05 1.586e-02 1.795e-04 2.161e-02
8.000e+00 2.179e-05 1.510e-02 1.650e-04 2.286e-02
8.241e+00 2.053e-05 1.479e-02 1.591e-04 2.340e-02
9.000e+00 1.722e-05 1.389e-02 1.431e-04 2.503e-02
9.097e+00 1.685e-05 1.378e-02 1.412e-04 2.523e-02
1.000e+01 1.395e-05 1.286e-02 1.262e-04 2.702e-02
1.004e+01 1.384e-05 1.283e-02 1.256e-04 2.709e-02
1.100e+01 1.153e-05 1.200e-02 1.129e-04 2.885e-02
1.109e+01 1.134e-05 1.192e-02 1.118e-04 2.901e-02
1.200e+01 9.685e-06 1.125e-02 1.021e-04 3.055e-02
1.224e+01 9.309e-06 1.109e-02 9.977e-05 3.094e-02
1.300e+01 8.252e-06 1.060e-02 9.310e-05 3.213e-02
1.351e+01 7.643e-06 1.030e-02 8.910e-05 3.289e-02
1.400e+01 7.118e-06 1.003e-02 8.556e-05 3.358e-02
1.491e+01 6.273e-06 9.567e-03 7.969e-05 3.482e-02
1.500e+01 6.198e-06 9.524e-03 7.915e-05 3.493e-02
1.600e+01 5.448e-06 9.068e-03 7.365e-05 3.619e-02
1.646e+01 5.148e-06 8.874e-03 7.135e-05 3.674e-02
1.800e+01 4.305e-06 8.285e-03 6.459e-05 3.847e-02
1.818e+01 4.220e-06 8.222e-03 6.388e-05 3.867e-02
2.000e+01 3.487e-06 7.640e-03 5.751e-05 4.053e-02
