# INDIUM from NIST Database
7.310e+00 0.000e+00 0.000e+00 0.000e+00 0.000e+00
4.900e+01 1.000e+00 3.500e+00 0.000e+00 0.000e+00
0.000e+00 0.000e+00 0.000e+00 0.000e+00 0.000e+00
1.000e-03 7.951e+00 5.455e-03 7.799e+03 0.000e+00
1.020e-03 7.934e+00 5.621e-03 7.458e+03 0.000e+00
1.126e-03 7.844e+00 6.526e-03 5.967e+03 0.000e+00
1.243e-03 7.750e+00 7.561e-03 4.773e+03 0.000e+00
1.372e-03 7.645e+00 8.721e-03 3.820e+03 0.000e+00
1.500e-03 7.537e+00 9.871e-03 3.123e+03 0.000e+00
1.515e-03 7.524e+00 1.000e-02 3.050e+03 0.000e+00
1.672e-03 7.385e+00 1.139e-02 2.410e+03 0.000e+00
1.846e-03 7.227e+00 1.288e-02 1.902e+03 0.000e+00
2.000e-03 7.086e+00 1.417e-02 1.571e+03 0.000e+00
2.038e-03 7.051e+00 1.449e-02 1.499e+03 0.000e+00
2.250e-03 6.857e+00 1.622e-02 1.173e+03 0.000e+00
2.483e-03 6.646e+00 1.808e-02 9.188e+02 0.000e+00
2.741e-03 6.418e+00 2.008e-02 7.191e+02 0.000e+00
3.000e-03 6.194e+00 2.204e-02 5.748e+02 0.000e+00
3.026e-03 6.172e+00 2.223e-02 5.623e+02 0.000e+00
3.341e-03 5.910e+00 2.454e-02 4.369e+02 0.000e+00
3.688e-03 5.630e+00 2.701e-02 3.396e+02 0.000e+00
3.730e-03 5.596e+00 2.730e-02 3.300e+02 0.000e+00
3.730e-03 5.596e+00 2.730e-02 1.041e+03 0.000e+00
3.833e-03 5.515e+00 2.801e-02 9.815e+02 0.000e+00
3.938e-03 5.434e+00 2.874e-02 9.257e+02 0.000e+00
3.938e-03 5.434e+00 2.874e-02 1.247e+03 0.000e+00
4.000e-03 5.386e+00 2.916e-02 1.225e+03 0.000e+00
4.071e-03 5.333e+00 2.964e-02 1.173e+03 0.000e+00
4.237e-03 5.212e+00 3.076e-02 1.061e+03 0.000e+00
4.237e-03 5.212e+00 3.076e-02 1.218e+03 0.000e+00
4.494e-03 5.030e+00 3.245e-02 1.053e+03 0.000e+00
4.961e-03 4.716e+00 3.543e-02 8.246e+02 0.000e+00
5.000e-03 4.691e+00 3.568e-02 8.088e+02 0.000e+00
5.477e-03 4.398e+00 3.860e-02 6.379e+02 0.000e+00
6.000e-03 4.106e+00 4.168e-02 5.030e+02 0.000e+00
6.046e-03 4.081e+00 4.195e-02 4.930e+02 0.000e+00
6.675e-03 3.769e+00 4.548e-02 3.799e+02 0.000e+00
7.368e-03 3.467e+00 4.920e-02 2.928e+02 0.000e+00
8.000e-03 3.226e+00 5.245e-02 2.358e+02 0.000e+00
8.134e-03 3.178e+00 5.312e-02 2.255e+02 0.000e+00
8.979e-03 2.904e+00 5.721e-02 1.729e+02 0.000e+00
9.912e-03 2.647e+00 6.141e-02 1.326e+02 0.000e+00
1.000e-02 2.625e+00 6.178e-02 1.294e+02 0.000e+00
1.094e-02 2.407e+00 6.560e-02 1.012e+02 0.000e+00
1.208e-02 2.180e+00 6.977e-02 7.715e+01 0.000e+00
1.334e-02 1.966e+00 7.388e-02 5.880e+01 0.000e+00
1.472e-02 1.764e+00 7.787e-02 4.490e+01 0.000e+00
1.500e-02 1.727e+00 7.862e-02 4.265e+01 0.000e+00
1.625e-02 1.573e+00 8.176e-02 3.412e+01 0.000e+00
1.794e-02 1.393e+00 8.554e-02 2.591e+01 0.000e+00
1.980e-02 1.226e+00 8.917e-02 1.968e+01 0.000e+00
2.000e-02 1.209e+00 8.953e-02 1.914e+01 0.000e+00
2.186e-02 1.071e+00 9.267e-02 1.490e+01 0.000e+00
2.413e-02 9.322e-01 9.601e-02 1.127e+01 0.000e+00
2.664e-02 8.086e-01 9.916e-02 8.530e+00 0.000e+00
2.794e-02 7.547e-01 1.006e-01 7.458e+00 0.000e+00
2.794e-02 7.547e-01 1.006e-01 4.647e+01 0.000e+00
2.941e-02 7.007e-01 1.021e-01 4.073e+01 0.000e+00
3.000e-02 6.808e-01 1.026e-01 3.870e+01 0.000e+00
3.247e-02 6.064e-01 1.048e-01 3.153e+01 0.000e+00
3.584e-02 5.240e-01 1.072e-01 2.435e+01 0.000e+00
3.957e-02 4.517e-01 1.093e-01 1.871e+01 0.000e+00
4.000e-02 4.444e-01 1.095e-01 1.817e+01 0.000e+00
4.368e-02 3.886e-01 1.111e-01 1.432e+01 0.000e+00
4.822e-02 3.332e-01 1.126e-01 1.091e+01 0.000e+00
5.000e-02 3.146e-01 1.131e-01 9.876e+00 0.000e+00
5.323e-02 2.845e-01 1.138e-01 8.308e+00 0.000e+00
5.876e-02 2.418e-01 1.146e-01 6.315e+00 0.000e+00
6.000e-02 2.336e-01 1.148e-01 5.958e+00 0.000e+00
6.486e-02 2.049e-01 1.151e-01 4.792e+00 0.000e+00
7.161e-02 1.730e-01 1.152e-01 3.626e+00 0.000e+00
7.905e-02 1.459e-01 1.150e-01 2.740e+00 0.000e+00
8.000e-02 1.429e-01 1.150e-01 2.649e+00 0.000e+00
8.726e-02 1.228e-01 1.145e-01 2.068e+00 0.000e+00
9.633e-02 1.033e-01 1.136e-01 1.558e+00 0.000e+00
1.000e-01 9.672e-02 1.132e-01 1.399e+00 0.000e+00
1.063e-01 8.685e-02 1.124e-01 1.174e+00 0.000e+00
1.174e-01 7.285e-02 1.110e-01 8.816e-01 0.000e+00
1.296e-01 6.109e-02 1.093e-01 6.626e-01 0.000e+00
1.431e-01 5.114e-02 1.074e-01 4.975e-01 0.000e+00
1.500e-01 4.697e-02 1.064e-01 4.342e-01 0.000e+00
1.579e-01 4.280e-02 1.053e-01 3.743e-01 0.000e+00
1.743e-01 3.572e-02 1.030e-01 2.814e-01 0.000e+00
1.925e-01 2.974e-02 1.006e-01 2.114e-01 0.000e+00
2.000e-01 2.770e-02 9.960e-02 1.894e-01 0.000e+00
2.125e-01 2.474e-02 9.802e-02 1.592e-01 0.000e+00
2.345e-01 2.056e-02 9.536e-02 1.202e-01 0.000e+00
2.589e-01 1.705e-02 9.260e-02 9.082e-02 0.000e+00
2.858e-01 1.413e-02 8.978e-02 6.884e-02 0.000e+00
3.000e-01 1.288e-02 8.838e-02 6.016e-02 0.000e+00
3.155e-01 1.169e-02 8.691e-02 5.234e-02 0.000e+00
3.483e-01 9.672e-03 8.400e-02 3.995e-02 0.000e+00
3.845e-01 7.994e-03 8.109e-02 3.061e-02 0.000e+00
4.000e-01 7.406e-03 7.993e-02 2.756e-02 0.000e+00
4.245e-01 6.600e-03 7.820e-02 2.357e-02 0.000e+00
4.686e-01 5.446e-03 7.532e-02 1.825e-02 0.000e+00
5.000e-01 4.800e-03 7.343e-02 1.548e-02 0.000e+00
5.173e-01 4.491e-03 7.243e-02 1.422e-02 0.000e+00
5.710e-01 3.703e-03 6.956e-02 1.115e-02 0.000e+00
6.000e-01 3.360e-03 6.813e-02 9.892e-03 0.000e+00
6.304e-01 3.050e-03 6.672e-02 8.785e-03 0.000e+00
6.959e-01 2.511e-03 6.395e-02 6.963e-03 0.000e+00
7.682e-01 2.067e-03 6.119e-02 5.575e-03 0.000e+00
8.000e-01 1.908e-03 6.005e-02 5.109e-03 0.000e+00
8.480e-01 1.701e-03 5.842e-02 4.525e-03 0.000e+00
9.361e-01 1.399e-03 5.574e-02 3.686e-03 0.000e+00
1.000e+00 1.227e-03 5.407e-02 3.189e-03 0.000e+00
1.022e+00 1.175e-03 5.355e-02 3.034e-03 0.000e+00
1.033e+00 1.151e-03 5.329e-02 2.962e-03 4.209e-08
1.141e+00 9.448e-04 5.077e-02 2.421e-03 3.490e-05
1.250e+00 7.883e-04 4.843e-02 2.047e-03 1.685e-04
1.259e+00 7.771e-04 4.825e-02 2.020e-03 1.839e-04
1.390e+00 6.380e-04 4.583e-02 1.685e-03 4.706e-04
1.500e+00 5.481e-04 4.405e-02 1.466e-03 7.846e-04
1.535e+00 5.234e-04 4.351e-02 1.407e-03 8.958e-04
1.694e+00 4.301e-04 4.126e-02 1.183e-03 1.455e-03
1.870e+00 3.532e-04 3.907e-02 9.996e-04 2.150e-03
2.000e+00 3.090e-04 3.762e-02 8.937e-04 2.694e-03
2.044e+00 2.959e-04 3.715e-02 8.623e-04 2.882e-03
2.065e+00 2.899e-04 3.694e-02 8.479e-04 2.971e-03
2.279e+00 2.381e-04 3.490e-02 7.233e-04 3.891e-03
2.516e+00 1.954e-04 3.293e-02 6.195e-04 4.907e-03
2.778e+00 1.604e-04 3.103e-02 5.327e-04 6.011e-03
3.000e+00 1.375e-04 2.961e-02 4.751e-04 6.923e-03
3.066e+00 1.317e-04 2.922e-02 4.602e-04 7.190e-03
3.385e+00 1.081e-04 2.748e-02 3.987e-04 8.446e-03
3.737e+00 8.868e-05 2.581e-02 3.466e-04 9.772e-03
4.000e+00 7.741e-05 2.471e-02 3.153e-04 1.072e-02
4.125e+00 7.279e-05 2.422e-02 3.023e-04 1.116e-02
4.554e+00 5.972e-05 2.271e-02 2.644e-04 1.260e-02
5.000e+00 4.954e-05 2.134e-02 2.335e-04 1.402e-02
5.027e+00 4.901e-05 2.126e-02 2.319e-04 1.411e-02
5.549e+00 4.023e-05 1.990e-02 2.039e-04 1.563e-02
6.000e+00 3.441e-05 1.887e-02 1.845e-04 1.688e-02
6.126e+00 3.301e-05 1.860e-02 1.797e-04 1.721e-02
6.762e+00 2.710e-05 1.737e-02 1.587e-04 1.884e-02
7.000e+00 2.529e-05 1.696e-02 1.520e-04 1.942e-02
7.465e+00 2.223e-05 1.621e-02 1.405e-04 2.052e-02
8.000e+00 1.936e-05 1.543e-02 1.291e-04 2.173e-02
8.241e+00 1.824e-05 1.511e-02 1.245e-04 2.225e-02
9.000e+00 1.529e-05 1.419e-02 1.120e-04 2.382e-02
9.097e+00 1.497e-05 1.408e-02 1.106e-04 2.401e-02
1.000e+01 1.239e-05 1.314e-02 9.892e-05 2.573e-02
1.004e+01 1.229e-05 1.311e-02 9.845e-05 2.580e-02
1.100e+01 1.024e-05 1.226e-02 8.848e-05 2.750e-02
1.109e+01 1.007e-05 1.219e-02 8.765e-05 2.765e-02
1.200e+01 8.607e-06 1.150e-02 8.004e-05 2.913e-02
1.224e+01 8.273e-06 1.133e-02 7.823e-05 2.950e-02
1.300e+01 7.332e-06 1.083e-02 7.301e-05 3.064e-02
1.351e+01 6.788e-06 1.052e-02 6.989e-05 3.136e-02
1.400e+01 6.320e-06 1.025e-02 6.713e-05 3.202e-02
1.491e+01 5.574e-06 9.773e-03 6.252e-05 3.320e-02
1.500e+01 5.507e-06 9.729e-03 6.210e-05 3.331e-02
1.600e+01 4.840e-06 9.268e-03 5.780e-05 3.452e-02
1.646e+01 4.574e-06 9.071e-03 5.601e-05 3.505e-02
1.800e+01 3.825e-06 8.470e-03 5.072e-05 3.672e-02
1.818e+01 3.749e-06 8.406e-03 5.016e-05 3.690e-02
2.000e+01 3.098e-06 7.810e-03 4.518e-05 3.868e-02
