# IRIDIUM from NIST Database
2.242e+01 0.000e+00 0.000e+00 0.000e+00 0.000e+00
7.700e+01 1.000e+00 3.500e+00 0.000e+00 0.000e+00
0.000e+00 0.000e+00 0.000e+00 0.000e+00 0.000e+00
1.000e-03 1.189e+01 3.932e-03 4.229e+03 0.000e+00
1.020e-03 1.187e+01 4.048e-03 4.066e+03 0.000e+00
1.126e-03 1.177e+01 4.682e-03 3.339e+03 0.000e+00
1.243e-03 1.166e+01 5.401e-03 2.743e+03 0.000e+00
1.372e-03 1.154e+01 6.206e-03 2.253e+03 0.000e+00
1.500e-03 1.141e+01 6.999e-03 1.887e+03 0.000e+00
1.515e-03 1.140e+01 7.091e-03 1.847e+03 0.000e+00
1.672e-03 1.123e+01 8.040e-03 1.496e+03 0.000e+00
1.846e-03 1.104e+01 9.068e-03 1.211e+03 0.000e+00
2.000e-03 1.087e+01 9.966e-03 1.021e+03 0.000e+00
2.038e-03 1.082e+01 1.019e-02 9.800e+02 0.000e+00
2.040e-03 1.082e+01 1.020e-02 9.775e+02 0.000e+00
2.040e-03 1.082e+01 1.020e-02 1.052e+03 0.000e+00
2.078e-03 1.078e+01 1.042e-02 1.601e+03 0.000e+00
2.116e-03 1.073e+01 1.065e-02 2.434e+03 0.000e+00
2.116e-03 1.073e+01 1.065e-02 2.566e+03 0.000e+00
2.250e-03 1.059e+01 1.142e-02 2.515e+03 0.000e+00
2.483e-03 1.033e+01 1.274e-02 2.435e+03 0.000e+00
2.551e-03 1.025e+01 1.312e-02 2.413e+03 0.000e+00
2.551e-03 1.025e+01 1.312e-02 2.789e+03 0.000e+00
2.741e-03 1.003e+01 1.419e-02 2.344e+03 0.000e+00
2.909e-03 9.844e+00 1.513e-02 2.031e+03 0.000e+00
2.909e-03 9.844e+00 1.513e-02 2.156e+03 0.000e+00
3.000e-03 9.743e+00 1.563e-02 2.002e+03 0.000e+00
3.026e-03 9.715e+00 1.578e-02 1.962e+03 0.000e+00
3.174e-03 9.555e+00 1.659e-02 1.758e+03 0.000e+00
3.174e-03 9.555e+00 1.659e-02 1.833e+03 0.000e+00
3.341e-03 9.376e+00 1.751e-02 1.621e+03 0.000e+00
3.688e-03 9.012e+00 1.938e-02 1.280e+03 0.000e+00
4.000e-03 8.697e+00 2.103e-02 1.054e+03 0.000e+00
4.071e-03 8.627e+00 2.140e-02 1.010e+03 0.000e+00
4.494e-03 8.223e+00 2.358e-02 7.924e+02 0.000e+00
4.961e-03 7.804e+00 2.594e-02 6.218e+02 0.000e+00
5.000e-03 7.770e+00 2.613e-02 6.100e+02 0.000e+00
5.477e-03 7.369e+00 2.848e-02 4.857e+02 0.000e+00
6.000e-03 6.961e+00 3.098e-02 3.866e+02 0.000e+00
6.046e-03 6.927e+00 3.119e-02 3.792e+02 0.000e+00
6.675e-03 6.480e+00 3.408e-02 2.946e+02 0.000e+00
7.368e-03 6.031e+00 3.710e-02 2.291e+02 0.000e+00
8.000e-03 5.658e+00 3.969e-02 1.857e+02 0.000e+00
8.134e-03 5.583e+00 4.022e-02 1.779e+02 0.000e+00
8.979e-03 5.139e+00 4.341e-02 1.378e+02 0.000e+00
9.912e-03 4.706e+00 4.669e-02 1.067e+02 0.000e+00
1.000e-02 4.668e+00 4.699e-02 1.043e+02 0.000e+00
1.094e-02 4.287e+00 5.007e-02 8.250e+01 0.000e+00
1.122e-02 4.182e+00 5.091e-02 7.732e+01 0.000e+00
1.122e-02 4.182e+00 5.091e-02 1.996e+02 0.000e+00
1.208e-02 3.871e+00 5.337e-02 1.633e+02 0.000e+00
1.282e-02 3.631e+00 5.539e-02 1.389e+02 0.000e+00
1.282e-02 3.631e+00 5.539e-02 1.923e+02 0.000e+00
1.334e-02 3.481e+00 5.678e-02 1.746e+02 0.000e+00
1.342e-02 3.459e+00 5.699e-02 1.721e+02 0.000e+00
1.342e-02 3.459e+00 5.699e-02 1.989e+02 0.000e+00
1.472e-02 3.120e+00 6.022e-02 1.573e+02 0.000e+00
1.500e-02 3.053e+00 6.087e-02 1.499e+02 0.000e+00
1.625e-02 2.778e+00 6.368e-02 1.217e+02 0.000e+00
1.794e-02 2.463e+00 6.720e-02 9.413e+01 0.000e+00
1.980e-02 2.179e+00 7.073e-02 7.284e+01 0.000e+00
2.000e-02 2.151e+00 7.109e-02 7.096e+01 0.000e+00
2.186e-02 1.923e+00 7.425e-02 5.600e+01 0.000e+00
2.413e-02 1.695e+00 7.771e-02 4.304e+01 0.000e+00
2.664e-02 1.491e+00 8.107e-02 3.307e+01 0.000e+00
2.941e-02 1.306e+00 8.428e-02 2.541e+01 0.000e+00
3.000e-02 1.271e+00 8.490e-02 2.410e+01 0.000e+00
3.247e-02 1.140e+00 8.730e-02 1.945e+01 0.000e+00
3.584e-02 9.906e-01 9.007e-02 1.488e+01 0.000e+00
3.957e-02 8.565e-01 9.257e-02 1.138e+01 0.000e+00
4.000e-02 8.428e-01 9.283e-02 1.105e+01 0.000e+00
4.368e-02 7.371e-01 9.477e-02 8.686e+00 0.000e+00
4.822e-02 6.319e-01 9.666e-02 6.626e+00 0.000e+00
5.000e-02 5.968e-01 9.728e-02 6.000e+00 0.000e+00
5.323e-02 5.405e-01 9.825e-02 5.048e+00 0.000e+00
5.876e-02 4.619e-01 9.953e-02 3.843e+00 0.000e+00
6.000e-02 4.468e-01 9.975e-02 3.628e+00 0.000e+00
6.486e-02 3.946e-01 1.005e-01 2.924e+00 0.000e+00
7.161e-02 3.365e-01 1.011e-01 2.223e+00 0.000e+00
7.611e-02 3.048e-01 1.013e-01 1.878e+00 0.000e+00
7.611e-02 3.048e-01 1.013e-01 9.320e+00 0.000e+00
7.905e-02 2.864e-01 1.014e-01 8.458e+00 0.000e+00
8.000e-02 2.809e-01 1.014e-01 8.202e+00 0.000e+00
8.726e-02 2.432e-01 1.015e-01 6.542e+00 0.000e+00
9.633e-02 2.060e-01 1.012e-01 5.038e+00 0.000e+00
1.000e-01 1.934e-01 1.010e-01 4.562e+00 0.000e+00
1.063e-01 1.741e-01 1.006e-01 3.878e+00 0.000e+00
1.174e-01 1.465e-01 9.976e-02 2.979e+00 0.000e+00
1.296e-01 1.231e-01 9.864e-02 2.289e+00 0.000e+00
1.431e-01 1.032e-01 9.728e-02 1.757e+00 0.000e+00
1.500e-01 9.483e-02 9.656e-02 1.549e+00 0.000e+00
1.579e-01 8.651e-02 9.571e-02 1.350e+00 0.000e+00
1.743e-01 7.244e-02 9.394e-02 1.035e+00 0.000e+00
1.925e-01 6.056e-02 9.197e-02 7.922e-01 0.000e+00
2.000e-01 5.652e-02 9.117e-02 7.149e-01 0.000e+00
2.125e-01 5.064e-02 8.985e-02 6.077e-01 0.000e+00
2.345e-01 4.233e-02 8.761e-02 4.672e-01 0.000e+00
2.589e-01 3.531e-02 8.525e-02 3.593e-01 0.000e+00
2.858e-01 2.943e-02 8.281e-02 2.770e-01 0.000e+00
3.000e-01 2.690e-02 8.158e-02 2.441e-01 0.000e+00
3.155e-01 2.449e-02 8.030e-02 2.141e-01 0.000e+00
3.483e-01 2.035e-02 7.774e-02 1.660e-01 0.000e+00
3.845e-01 1.689e-02 7.516e-02 1.292e-01 0.000e+00
4.000e-01 1.567e-02 7.413e-02 1.170e-01 0.000e+00
4.245e-01 1.400e-02 7.256e-02 1.009e-01 0.000e+00
4.686e-01 1.160e-02 6.997e-02 7.923e-02 0.000e+00
5.000e-01 1.024e-02 6.827e-02 6.777e-02 0.000e+00
5.173e-01 9.594e-03 6.738e-02 6.248e-02 0.000e+00
5.710e-01 7.932e-03 6.480e-02 4.954e-02 0.000e+00
6.000e-01 7.209e-03 6.350e-02 4.417e-02 0.000e+00
6.304e-01 6.552e-03 6.222e-02 3.946e-02 0.000e+00
6.959e-01 5.410e-03 5.966e-02 3.161e-02 0.000e+00
7.682e-01 4.465e-03 5.713e-02 2.546e-02 0.000e+00
8.000e-01 4.126e-03 5.611e-02 2.334e-02 0.000e+00
8.480e-01 3.683e-03 5.466e-02 2.062e-02 0.000e+00
9.361e-01 3.035e-03 5.222e-02 1.679e-02 0.000e+00
1.000e+00 2.667e-03 5.060e-02 1.468e-02 0.000e+00
1.022e+00 2.555e-03 5.006e-02 1.405e-02 0.000e+00
1.033e+00 2.502e-03 4.980e-02 1.375e-02 7.918e-08
1.141e+00 2.058e-03 4.744e-02 1.130e-02 6.889e-05
1.250e+00 1.720e-03 4.533e-02 9.477e-03 3.440e-04
1.259e+00 1.696e-03 4.517e-02 9.349e-03 3.762e-04
1.390e+00 1.395e-03 4.294e-02 7.765e-03 9.770e-04
1.500e+00 1.200e-03 4.126e-02 6.755e-03 1.620e-03
1.535e+00 1.146e-03 4.076e-02 6.479e-03 1.841e-03
1.694e+00 9.432e-04 3.868e-02 5.439e-03 2.893e-03
1.870e+00 7.753e-04 3.664e-02 4.584e-03 4.090e-03
2.000e+00 6.783e-04 3.528e-02 4.088e-03 4.972e-03
2.044e+00 6.495e-04 3.484e-02 3.941e-03 5.270e-03
2.065e+00 6.364e-04 3.463e-02 3.874e-03 5.411e-03
2.279e+00 5.229e-04 3.271e-02 3.293e-03 6.824e-03
2.516e+00 4.295e-04 3.087e-02 2.810e-03 8.323e-03
2.778e+00 3.527e-04 2.910e-02 2.408e-03 9.896e-03
3.000e+00 3.026e-04 2.778e-02 2.141e-03 1.117e-02
3.066e+00 2.898e-04 2.741e-02 2.072e-03 1.153e-02
3.385e+00 2.379e-04 2.578e-02 1.788e-03 1.325e-02
3.737e+00 1.953e-04 2.421e-02 1.548e-03 1.502e-02
4.000e+00 1.705e-04 2.318e-02 1.404e-03 1.628e-02
4.125e+00 1.603e-04 2.272e-02 1.344e-03 1.685e-02
4.554e+00 1.316e-04 2.130e-02 1.171e-03 1.874e-02
5.000e+00 1.092e-04 2.003e-02 1.030e-03 2.058e-02
5.027e+00 1.080e-04 1.995e-02 1.023e-03 2.068e-02
5.549e+00 8.867e-05 1.867e-02 8.960e-04 2.267e-02
6.000e+00 7.585e-05 1.770e-02 8.083e-04 2.428e-02
6.126e+00 7.276e-05 1.745e-02 7.867e-04 2.472e-02
6.762e+00 5.972e-05 1.630e-02 6.925e-04 2.680e-02
7.000e+00 5.573e-05 1.591e-02 6.626e-04 2.755e-02
7.465e+00 4.902e-05 1.521e-02 6.108e-04 2.895e-02
8.000e+00 4.270e-05 1.448e-02 5.602e-04 3.049e-02
8.241e+00 4.024e-05 1.418e-02 5.399e-04 3.116e-02
9.000e+00 3.374e-05 1.331e-02 4.844e-04 3.317e-02
9.097e+00 3.303e-05 1.321e-02 4.780e-04 3.341e-02
1.000e+01 2.733e-05 1.234e-02 4.261e-04 3.565e-02
1.004e+01 2.711e-05 1.230e-02 4.240e-04 3.574e-02
1.100e+01 2.259e-05 1.151e-02 3.803e-04 3.791e-02
1.109e+01 2.222e-05 1.144e-02 3.767e-04 3.811e-02
1.200e+01 1.898e-05 1.079e-02 3.431e-04 4.003e-02
1.224e+01 1.824e-05 1.064e-02 3.352e-04 4.053e-02
1.300e+01 1.617e-05 1.017e-02 3.125e-04 4.202e-02
1.351e+01 1.497e-05 9.878e-03 2.989e-04 4.296e-02
1.400e+01 1.394e-05 9.618e-03 2.868e-04 4.385e-02
1.491e+01 1.229e-05 9.174e-03 2.668e-04 4.546e-02
1.500e+01 1.215e-05 9.133e-03 2.650e-04 4.561e-02
1.600e+01 1.068e-05 8.697e-03 2.462e-04 4.720e-02
1.646e+01 1.009e-05 8.511e-03 2.384e-04 4.790e-02
1.800e+01 8.437e-06 7.948e-03 2.155e-04 5.014e-02
1.818e+01 8.271e-06 7.888e-03 2.132e-04 5.038e-02
2.000e+01 6.833e-06 7.331e-03 1.916e-04 5.271e-02
