# POTASSIUM from NIST Database
8.620e-01 0.000e+00 0.000e+00 0.000e+00 0.000e+00
1.900e+01 1.000e+00 3.500e+00 0.000e+00 0.000e+00
0.000e+00 0.000e+00 0.000e+00 0.000e+00 0.000e+00
1.000e-03 3.347e+00 1.216e-02 4.054e+03 0.000e+00
1.020e-03 3.335e+00 1.245e-02 3.851e+03 0.000e+00
1.126e-03 3.275e+00 1.400e-02 2.979e+03 0.000e+00
1.243e-03 3.212e+00 1.573e-02 2.305e+03 0.000e+00
1.372e-03 3.145e+00 1.766e-02 1.784e+03 0.000e+00
1.500e-03 3.079e+00 1.958e-02 1.415e+03 0.000e+00
1.515e-03 3.071e+00 1.980e-02 1.378e+03 0.000e+00
1.672e-03 2.989e+00 2.215e-02 1.059e+03 0.000e+00
1.846e-03 2.897e+00 2.474e-02 8.130e+02 0.000e+00
2.000e-03 2.817e+00 2.703e-02 6.565e+02 0.000e+00
2.038e-03 2.797e+00 2.760e-02 6.236e+02 0.000e+00
2.250e-03 2.689e+00 3.075e-02 4.763e+02 0.000e+00
2.483e-03 2.573e+00 3.419e-02 3.641e+02 0.000e+00
2.741e-03 2.448e+00 3.794e-02 2.781e+02 0.000e+00
3.000e-03 2.327e+00 4.162e-02 2.175e+02 0.000e+00
3.026e-03 2.315e+00 4.198e-02 2.124e+02 0.000e+00
3.341e-03 2.176e+00 4.628e-02 1.615e+02 0.000e+00
3.607e-03 2.065e+00 4.977e-02 1.306e+02 0.000e+00
3.607e-03 2.065e+00 4.977e-02 1.199e+03 0.000e+00
3.688e-03 2.034e+00 5.079e-02 1.134e+03 0.000e+00
4.000e-03 1.916e+00 5.463e-02 9.235e+02 0.000e+00
4.071e-03 1.891e+00 5.548e-02 8.830e+02 0.000e+00
4.494e-03 1.748e+00 6.036e-02 6.841e+02 0.000e+00
4.961e-03 1.610e+00 6.537e-02 5.280e+02 0.000e+00
5.000e-03 1.599e+00 6.577e-02 5.172e+02 0.000e+00
5.477e-03 1.476e+00 7.042e-02 4.066e+02 0.000e+00
6.000e-03 1.360e+00 7.507e-02 3.190e+02 0.000e+00
6.046e-03 1.351e+00 7.546e-02 3.125e+02 0.000e+00
6.675e-03 1.234e+00 8.044e-02 2.393e+02 0.000e+00
7.368e-03 1.126e+00 8.532e-02 1.828e+02 0.000e+00
8.000e-03 1.042e+00 8.932e-02 1.458e+02 0.000e+00
8.134e-03 1.025e+00 9.012e-02 1.392e+02 0.000e+00
8.979e-03 9.318e-01 9.481e-02 1.057e+02 0.000e+00
9.912e-03 8.438e-01 9.943e-02 8.011e+01 0.000e+00
1.000e-02 8.362e-01 9.984e-02 7.814e+01 0.000e+00
1.094e-02 7.605e-01 1.040e-01 6.057e+01 0.000e+00
1.208e-02 6.811e-01 1.086e-01 4.562e+01 0.000e+00
1.334e-02 6.059e-01 1.130e-01 3.428e+01 0.000e+00
1.472e-02 5.356e-01 1.174e-01 2.576e+01 0.000e+00
1.500e-02 5.226e-01 1.182e-01 2.438e+01 0.000e+00
1.625e-02 4.695e-01 1.216e-01 1.930e+01 0.000e+00
1.794e-02 4.088e-01 1.256e-01 1.442e+01 0.000e+00
1.980e-02 3.542e-01 1.294e-01 1.077e+01 0.000e+00
2.000e-02 3.490e-01 1.297e-01 1.045e+01 0.000e+00
2.186e-02 3.056e-01 1.328e-01 8.018e+00 0.000e+00
2.413e-02 2.629e-01 1.358e-01 5.961e+00 0.000e+00
2.664e-02 2.256e-01 1.384e-01 4.422e+00 0.000e+00
2.941e-02 1.932e-01 1.406e-01 3.276e+00 0.000e+00
3.000e-02 1.873e-01 1.410e-01 3.084e+00 0.000e+00
3.247e-02 1.653e-01 1.424e-01 2.423e+00 0.000e+00
3.584e-02 1.413e-01 1.438e-01 1.791e+00 0.000e+00
3.957e-02 1.205e-01 1.448e-01 1.321e+00 0.000e+00
4.000e-02 1.185e-01 1.449e-01 1.277e+00 0.000e+00
4.368e-02 1.027e-01 1.455e-01 9.733e-01 0.000e+00
4.822e-02 8.725e-02 1.458e-01 7.162e-01 0.000e+00
5.000e-02 8.214e-02 1.458e-01 6.398e-01 0.000e+00
5.323e-02 7.395e-02 1.458e-01 5.265e-01 0.000e+00
5.876e-02 6.251e-02 1.454e-01 3.867e-01 0.000e+00
6.000e-02 6.030e-02 1.453e-01 3.623e-01 0.000e+00
6.486e-02 5.268e-02 1.447e-01 2.839e-01 0.000e+00
7.161e-02 4.425e-02 1.436e-01 2.080e-01 0.000e+00
7.905e-02 3.708e-02 1.422e-01 1.524e-01 0.000e+00
8.000e-02 3.629e-02 1.421e-01 1.468e-01 0.000e+00
8.726e-02 3.100e-02 1.405e-01 1.116e-01 0.000e+00
9.633e-02 2.586e-02 1.385e-01 8.173e-02 0.000e+00
1.000e-01 2.414e-02 1.377e-01 7.264e-02 0.000e+00
1.063e-01 2.155e-02 1.363e-01 5.990e-02 0.000e+00
1.174e-01 1.791e-02 1.338e-01 4.379e-02 0.000e+00
1.296e-01 1.488e-02 1.310e-01 3.207e-02 0.000e+00
1.431e-01 1.234e-02 1.281e-01 2.348e-02 0.000e+00
1.500e-01 1.129e-02 1.266e-01 2.025e-02 0.000e+00
1.579e-01 1.024e-02 1.250e-01 1.724e-02 0.000e+00
1.743e-01 8.480e-03 1.218e-01 1.266e-02 0.000e+00
1.925e-01 7.008e-03 1.184e-01 9.293e-03 0.000e+00
2.000e-01 6.511e-03 1.171e-01 8.256e-03 0.000e+00
2.125e-01 5.792e-03 1.150e-01 6.847e-03 0.000e+00
2.345e-01 4.785e-03 1.115e-01 5.063e-03 0.000e+00
2.589e-01 3.947e-03 1.079e-01 3.750e-03 0.000e+00
2.858e-01 3.254e-03 1.044e-01 2.789e-03 0.000e+00
3.000e-01 2.959e-03 1.026e-01 2.415e-03 0.000e+00
3.155e-01 2.680e-03 1.008e-01 2.082e-03 0.000e+00
3.483e-01 2.206e-03 9.719e-02 1.562e-03 0.000e+00
3.845e-01 1.815e-03 9.363e-02 1.178e-03 0.000e+00
4.000e-01 1.679e-03 9.222e-02 1.054e-03 0.000e+00
4.245e-01 1.493e-03 9.010e-02 8.936e-04 0.000e+00
4.686e-01 1.227e-03 8.661e-02 6.827e-04 0.000e+00
5.000e-01 1.079e-03 8.434e-02 5.747e-04 0.000e+00
5.173e-01 1.009e-03 8.317e-02 5.258e-04 0.000e+00
5.710e-01 8.293e-04 7.978e-02 4.081e-04 0.000e+00
6.000e-01 7.515e-04 7.811e-02 3.601e-04 0.000e+00
6.304e-01 6.811e-04 7.645e-02 3.182e-04 0.000e+00
6.959e-01 5.594e-04 7.318e-02 2.500e-04 0.000e+00
7.682e-01 4.594e-04 6.998e-02 1.994e-04 0.000e+00
8.000e-01 4.237e-04 6.868e-02 1.828e-04 0.000e+00
8.480e-01 3.773e-04 6.684e-02 1.624e-04 0.000e+00
9.361e-01 3.098e-04 6.377e-02 1.325e-04 0.000e+00
1.000e+00 2.715e-04 6.178e-02 1.137e-04 0.000e+00
1.022e+00 2.600e-04 6.113e-02 1.076e-04 0.000e+00
1.033e+00 2.545e-04 6.082e-02 1.049e-04 1.025e-08
1.141e+00 2.087e-04 5.789e-02 8.540e-05 9.361e-06
1.250e+00 1.739e-04 5.526e-02 7.287e-05 4.906e-05
1.259e+00 1.714e-04 5.506e-02 7.197e-05 5.386e-05
1.390e+00 1.407e-04 5.231e-02 6.035e-05 1.486e-04
1.500e+00 1.208e-04 5.024e-02 5.266e-05 2.601e-04
1.535e+00 1.154e-04 4.963e-02 5.057e-05 3.009e-04
1.694e+00 9.475e-05 4.704e-02 4.273e-05 5.133e-04
1.870e+00 7.776e-05 4.453e-02 3.635e-05 7.894e-04
2.000e+00 6.799e-05 4.288e-02 3.267e-05 1.013e-03
2.044e+00 6.509e-05 4.236e-02 3.158e-05 1.091e-03
2.065e+00 6.378e-05 4.211e-02 3.108e-05 1.129e-03
2.279e+00 5.236e-05 3.979e-02 2.671e-05 1.521e-03
2.516e+00 4.296e-05 3.754e-02 2.305e-05 1.963e-03
2.778e+00 3.524e-05 3.537e-02 1.996e-05 2.452e-03
3.000e+00 3.022e-05 3.375e-02 1.790e-05 2.861e-03
3.066e+00 2.893e-05 3.330e-02 1.736e-05 2.983e-03
3.385e+00 2.374e-05 3.131e-02 1.515e-05 3.562e-03
3.737e+00 1.948e-05 2.941e-02 1.327e-05 4.184e-03
4.000e+00 1.700e-05 2.816e-02 1.213e-05 4.633e-03
4.125e+00 1.599e-05 2.760e-02 1.166e-05 4.842e-03
4.554e+00 1.312e-05 2.586e-02 1.026e-05 5.535e-03
5.000e+00 1.088e-05 2.431e-02 9.123e-06 6.220e-03
5.027e+00 1.077e-05 2.422e-02 9.062e-06 6.260e-03
5.549e+00 8.837e-06 2.266e-02 8.017e-06 7.023e-03
6.000e+00 7.558e-06 2.149e-02 7.288e-06 7.647e-03
6.126e+00 7.250e-06 2.118e-02 7.108e-06 7.816e-03
6.762e+00 5.950e-06 1.979e-02 6.315e-06 8.631e-03
7.000e+00 5.553e-06 1.931e-02 6.061e-06 8.921e-03
7.465e+00 4.882e-06 1.846e-02 5.618e-06 9.470e-03
8.000e+00 4.251e-06 1.757e-02 5.181e-06 1.007e-02
8.241e+00 4.006e-06 1.721e-02 5.006e-06 1.033e-02
9.000e+00 3.359e-06 1.616e-02 4.524e-06 1.112e-02
9.097e+00 3.288e-06 1.603e-02 4.469e-06 1.121e-02
1.000e+01 2.722e-06 1.497e-02 4.012e-06 1.206e-02
1.004e+01 2.700e-06 1.493e-02 3.994e-06 1.210e-02
1.100e+01 2.249e-06 1.396e-02 3.604e-06 1.293e-02
1.109e+01 2.212e-06 1.388e-02 3.571e-06 1.301e-02
1.200e+01 1.890e-06 1.310e-02 3.270e-06 1.373e-02
1.224e+01 1.816e-06 1.290e-02 3.199e-06 1.390e-02
1.300e+01 1.610e-06 1.234e-02 2.993e-06 1.445e-02
1.351e+01 1.491e-06 1.199e-02 2.869e-06 1.481e-02
1.400e+01 1.388e-06 1.167e-02 2.759e-06 1.514e-02
1.491e+01 1.224e-06 1.113e-02 2.575e-06 1.572e-02
1.500e+01 1.209e-06 1.108e-02 2.558e-06 1.579e-02
1.600e+01 1.063e-06 1.055e-02 2.384e-06 1.639e-02
1.646e+01 1.004e-06 1.033e-02 2.312e-06 1.665e-02
1.800e+01 8.397e-07 9.644e-03 2.099e-06 1.748e-02
1.818e+01 8.232e-07 9.570e-03 2.077e-06 1.758e-02
2.000e+01 6.802e-07 8.893e-03 1.876e-06 1.848e-02
