# KAPTON POLYIMIDE FILM from NIST Database
1.420e+00 0.000e+00 0.000e+00 0.000e+00 0.000e+00
1.000e+00 2.615e-02 3.500e+00 0.000e+00 0.000e+00
6.000e+00 5.755e-02 3.500e+00 0.000e+00 0.000e+00
7.000e+00 5.231e-03 3.500e+00 0.000e+00 0.000e+00
8.000e+00 1.308e-02 3.500e+00 0.000e+00 0.000e+00
0.000e+00 0.000e+00 0.000e+00 0.000e+00 0.000e+00
1.000e-03 1.164e+00 1.264e-02 2.730e+03 0.000e+00
1.020e-03 1.159e+00 1.309e-02 2.585e+03 0.000e+00
1.126e-03 1.134e+00 1.556e-02 1.969e+03 0.000e+00
1.243e-03 1.107e+00 1.846e-02 1.499e+03 0.000e+00
1.372e-03 1.078e+00 2.182e-02 1.139e+03 0.000e+00
1.500e-03 1.048e+00 2.527e-02 8.864e+02 0.000e+00
1.515e-03 1.044e+00 2.567e-02 8.619e+02 0.000e+00
1.672e-03 1.005e+00 3.000e-02 6.512e+02 0.000e+00
1.846e-03 9.612e-01 3.483e-02 4.900e+02 0.000e+00
2.000e-03 9.223e-01 3.912e-02 3.885e+02 0.000e+00
2.038e-03 9.128e-01 4.017e-02 3.679e+02 0.000e+00
2.250e-03 8.608e-01 4.601e-02 2.756e+02 0.000e+00
2.483e-03 8.061e-01 5.227e-02 2.064e+02 0.000e+00
2.741e-03 7.492e-01 5.895e-02 1.541e+02 0.000e+00
3.000e-03 6.962e-01 6.534e-02 1.178e+02 0.000e+00
3.026e-03 6.911e-01 6.596e-02 1.148e+02 0.000e+00
3.341e-03 6.326e-01 7.319e-02 8.531e+01 0.000e+00
3.688e-03 5.753e-01 8.050e-02 6.333e+01 0.000e+00
4.000e-03 5.297e-01 8.648e-02 4.952e+01 0.000e+00
4.071e-03 5.200e-01 8.777e-02 4.694e+01 0.000e+00
4.494e-03 4.675e-01 9.487e-02 3.472e+01 0.000e+00
4.961e-03 4.186e-01 1.017e-01 2.564e+01 0.000e+00
5.000e-03 4.149e-01 1.022e-01 2.503e+01 0.000e+00
5.477e-03 3.735e-01 1.082e-01 1.890e+01 0.000e+00
6.000e-03 3.355e-01 1.138e-01 1.425e+01 0.000e+00
6.046e-03 3.325e-01 1.143e-01 1.391e+01 0.000e+00
6.675e-03 2.955e-01 1.200e-01 1.022e+01 0.000e+00
7.368e-03 2.625e-01 1.253e-01 7.503e+00 0.000e+00
8.000e-03 2.376e-01 1.294e-01 5.793e+00 0.000e+00
8.134e-03 2.329e-01 1.303e-01 5.498e+00 0.000e+00
8.979e-03 2.066e-01 1.349e-01 4.024e+00 0.000e+00
9.912e-03 1.832e-01 1.393e-01 2.941e+00 0.000e+00
1.000e-02 1.812e-01 1.397e-01 2.859e+00 0.000e+00
1.094e-02 1.622e-01 1.435e-01 2.148e+00 0.000e+00
1.208e-02 1.432e-01 1.475e-01 1.564e+00 0.000e+00
1.334e-02 1.261e-01 1.512e-01 1.138e+00 0.000e+00
1.472e-02 1.107e-01 1.546e-01 8.284e-01 0.000e+00
1.500e-02 1.079e-01 1.553e-01 7.795e-01 0.000e+00
1.625e-02 9.663e-02 1.578e-01 6.017e-01 0.000e+00
1.794e-02 8.396e-02 1.608e-01 4.365e-01 0.000e+00
1.980e-02 7.261e-02 1.633e-01 3.167e-01 0.000e+00
2.000e-02 7.153e-02 1.635e-01 3.065e-01 0.000e+00
2.186e-02 6.245e-02 1.654e-01 2.293e-01 0.000e+00
2.413e-02 5.346e-02 1.672e-01 1.659e-01 0.000e+00
2.664e-02 4.556e-02 1.684e-01 1.200e-01 0.000e+00
2.941e-02 3.868e-02 1.693e-01 8.665e-02 0.000e+00
3.000e-02 3.741e-02 1.694e-01 8.117e-02 0.000e+00
3.247e-02 3.273e-02 1.697e-01 6.254e-02 0.000e+00
3.584e-02 2.762e-02 1.697e-01 4.515e-02 0.000e+00
3.957e-02 2.324e-02 1.693e-01 3.254e-02 0.000e+00
4.000e-02 2.280e-02 1.693e-01 3.140e-02 0.000e+00
4.368e-02 1.951e-02 1.686e-01 2.346e-02 0.000e+00
4.822e-02 1.634e-02 1.675e-01 1.691e-02 0.000e+00
5.000e-02 1.531e-02 1.670e-01 1.499e-02 0.000e+00
5.323e-02 1.366e-02 1.660e-01 1.218e-02 0.000e+00
5.876e-02 1.140e-02 1.642e-01 8.770e-03 0.000e+00
6.000e-02 1.097e-02 1.638e-01 8.182e-03 0.000e+00
6.486e-02 9.497e-03 1.622e-01 6.316e-03 0.000e+00
7.161e-02 7.894e-03 1.599e-01 4.546e-03 0.000e+00
7.905e-02 6.552e-03 1.573e-01 3.273e-03 0.000e+00
8.000e-02 6.405e-03 1.570e-01 3.146e-03 0.000e+00
8.726e-02 5.429e-03 1.545e-01 2.358e-03 0.000e+00
9.633e-02 4.492e-03 1.515e-01 1.698e-03 0.000e+00
1.000e-01 4.180e-03 1.504e-01 1.501e-03 0.000e+00
1.063e-01 3.715e-03 1.484e-01 1.226e-03 0.000e+00
1.174e-01 3.065e-03 1.450e-01 8.832e-04 0.000e+00
1.296e-01 2.528e-03 1.415e-01 6.379e-04 0.000e+00
1.431e-01 2.082e-03 1.379e-01 4.610e-04 0.000e+00
1.500e-01 1.899e-03 1.362e-01 3.952e-04 0.000e+00
1.579e-01 1.716e-03 1.342e-01 3.343e-04 0.000e+00
1.743e-01 1.413e-03 1.304e-01 2.425e-04 0.000e+00
1.925e-01 1.161e-03 1.266e-01 1.761e-04 0.000e+00
2.000e-01 1.077e-03 1.251e-01 1.557e-04 0.000e+00
2.125e-01 9.548e-04 1.227e-01 1.283e-04 0.000e+00
2.345e-01 7.854e-04 1.188e-01 9.394e-05 0.000e+00
2.589e-01 6.453e-04 1.148e-01 6.892e-05 0.000e+00
2.858e-01 5.302e-04 1.109e-01 5.081e-05 0.000e+00
3.000e-01 4.815e-04 1.090e-01 4.382e-05 0.000e+00
3.155e-01 4.355e-04 1.070e-01 3.763e-05 0.000e+00
3.483e-01 3.576e-04 1.031e-01 2.802e-05 0.000e+00
3.845e-01 2.937e-04 9.922e-02 2.099e-05 0.000e+00
4.000e-01 2.714e-04 9.770e-02 1.873e-05 0.000e+00
4.245e-01 2.411e-04 9.542e-02 1.581e-05 0.000e+00
4.686e-01 1.979e-04 9.169e-02 1.201e-05 0.000e+00
5.000e-01 1.739e-04 8.926e-02 1.008e-05 0.000e+00
5.173e-01 1.625e-04 8.800e-02 9.219e-06 0.000e+00
5.710e-01 1.334e-04 8.437e-02 7.136e-06 0.000e+00
6.000e-01 1.208e-04 8.257e-02 6.276e-06 0.000e+00
6.304e-01 1.095e-04 8.081e-02 5.516e-06 0.000e+00
6.959e-01 8.984e-05 7.734e-02 4.287e-06 0.000e+00
7.682e-01 7.374e-05 7.393e-02 3.425e-06 0.000e+00
8.000e-01 6.799e-05 7.255e-02 3.166e-06 0.000e+00
8.480e-01 6.051e-05 7.059e-02 2.865e-06 0.000e+00
9.361e-01 4.966e-05 6.734e-02 2.374e-06 0.000e+00
1.000e+00 4.352e-05 6.525e-02 1.968e-06 0.000e+00
1.022e+00 4.167e-05 6.457e-02 1.824e-06 0.000e+00
1.033e+00 4.079e-05 6.424e-02 1.762e-06 2.988e-09
1.141e+00 3.344e-05 6.115e-02 1.411e-06 2.839e-06
1.250e+00 2.786e-05 5.835e-02 1.239e-06 1.537e-05
1.259e+00 2.747e-05 5.813e-02 1.226e-06 1.691e-05
1.390e+00 2.253e-05 5.522e-02 1.034e-06 4.796e-05
1.500e+00 1.935e-05 5.304e-02 8.992e-07 8.523e-05
1.535e+00 1.848e-05 5.239e-02 8.631e-07 9.895e-05
1.694e+00 1.517e-05 4.967e-02 7.320e-07 1.707e-04
1.870e+00 1.245e-05 4.701e-02 6.275e-07 2.641e-04
2.000e+00 1.089e-05 4.526e-02 5.666e-07 3.396e-04
2.044e+00 1.042e-05 4.469e-02 5.481e-07 3.661e-04
2.065e+00 1.021e-05 4.443e-02 5.397e-07 3.788e-04
2.279e+00 8.380e-06 4.196e-02 4.662e-07 5.124e-04
2.516e+00 6.876e-06 3.959e-02 4.044e-07 6.655e-04
2.778e+00 5.641e-06 3.731e-02 3.522e-07 8.378e-04
3.000e+00 4.838e-06 3.560e-02 3.172e-07 9.845e-04
3.066e+00 4.632e-06 3.513e-02 3.081e-07 1.028e-03
3.385e+00 3.801e-06 3.303e-02 2.702e-07 1.237e-03
3.737e+00 3.118e-06 3.103e-02 2.377e-07 1.463e-03
4.000e+00 2.722e-06 2.970e-02 2.180e-07 1.629e-03
4.125e+00 2.559e-06 2.911e-02 2.098e-07 1.706e-03
4.554e+00 2.100e-06 2.729e-02 1.855e-07 1.962e-03
5.000e+00 1.742e-06 2.565e-02 1.655e-07 2.218e-03
5.027e+00 1.723e-06 2.556e-02 1.644e-07 2.234e-03
5.549e+00 1.414e-06 2.391e-02 1.460e-07 2.521e-03
6.000e+00 1.210e-06 2.267e-02 1.331e-07 2.758e-03
6.126e+00 1.160e-06 2.235e-02 1.299e-07 2.822e-03
6.762e+00 9.522e-07 2.087e-02 1.158e-07 3.133e-03
7.000e+00 8.885e-07 2.038e-02 1.113e-07 3.245e-03
7.465e+00 7.814e-07 1.948e-02 1.033e-07 3.456e-03
8.000e+00 6.805e-07 1.854e-02 9.551e-08 3.687e-03
8.241e+00 6.413e-07 1.816e-02 9.236e-08 3.788e-03
9.000e+00 5.376e-07 1.705e-02 8.366e-08 4.092e-03
9.097e+00 5.262e-07 1.691e-02 8.267e-08 4.129e-03
1.000e+01 4.355e-07 1.579e-02 7.441e-08 4.461e-03
1.004e+01 4.320e-07 1.575e-02 7.408e-08 4.475e-03
1.100e+01 3.599e-07 1.473e-02 6.698e-08 4.799e-03
1.109e+01 3.541e-07 1.464e-02 6.638e-08 4.828e-03
1.200e+01 3.024e-07 1.382e-02 6.089e-08 5.111e-03
1.224e+01 2.907e-07 1.361e-02 5.960e-08 5.182e-03
1.300e+01 2.577e-07 1.301e-02 5.582e-08 5.402e-03
1.351e+01 2.386e-07 1.264e-02 5.354e-08 5.543e-03
1.400e+01 2.222e-07 1.231e-02 5.152e-08 5.673e-03
1.491e+01 1.959e-07 1.174e-02 4.815e-08 5.905e-03
1.500e+01 1.935e-07 1.169e-02 4.784e-08 5.927e-03
1.600e+01 1.701e-07 1.113e-02 4.465e-08 6.169e-03
1.646e+01 1.607e-07 1.089e-02 4.332e-08 6.275e-03
1.800e+01 1.344e-07 1.017e-02 3.939e-08 6.608e-03
1.818e+01 1.317e-07 1.010e-02 3.898e-08 6.645e-03
2.000e+01 1.089e-07 9.380e-03 3.523e-08 7.003e-03
