# KRYPTON from NIST Database
3.478e-03 0.000e+00 0.000e+00 0.000e+00 0.000e+00
3.600e+01 1.000e+00 3.500e+00 0.000e+00 0.000e+00
0.000e+00 0.000e+00 0.000e+00 0.000e+00 0.000e+00
1.000e-03 5.898e+00 4.757e-03 2.848e+03 0.000e+00
1.020e-03 5.885e+00 4.923e-03 2.717e+03 0.000e+00
1.126e-03 5.820e+00 5.838e-03 2.149e+03 0.000e+00
1.243e-03 5.749e+00 6.905e-03 1.699e+03 0.000e+00
1.372e-03 5.667e+00 8.130e-03 1.344e+03 0.000e+00
1.500e-03 5.581e+00 9.371e-03 1.087e+03 0.000e+00
1.515e-03 5.570e+00 9.517e-03 1.061e+03 0.000e+00
1.672e-03 5.456e+00 1.106e-02 8.343e+02 0.000e+00
1.675e-03 5.454e+00 1.109e-02 8.307e+02 0.000e+00
1.675e-03 5.454e+00 1.109e-02 3.911e+03 0.000e+00
1.701e-03 5.434e+00 1.135e-02 3.514e+03 0.000e+00
1.727e-03 5.415e+00 1.161e-02 3.160e+03 0.000e+00
1.727e-03 5.415e+00 1.161e-02 4.559e+03 0.000e+00
1.846e-03 5.331e+00 1.280e-02 3.848e+03 0.000e+00
1.921e-03 5.277e+00 1.355e-02 3.478e+03 0.000e+00
1.921e-03 5.277e+00 1.355e-02 3.942e+03 0.000e+00
2.000e-03 5.217e+00 1.434e-02 3.595e+03 0.000e+00
2.038e-03 5.188e+00 1.472e-02 3.429e+03 0.000e+00
2.250e-03 5.028e+00 1.682e-02 2.676e+03 0.000e+00
2.483e-03 4.857e+00 1.909e-02 2.090e+03 0.000e+00
2.741e-03 4.672e+00 2.155e-02 1.631e+03 0.000e+00
3.000e-03 4.494e+00 2.396e-02 1.301e+03 0.000e+00
3.026e-03 4.476e+00 2.420e-02 1.272e+03 0.000e+00
3.341e-03 4.270e+00 2.705e-02 9.826e+02 0.000e+00
3.688e-03 4.058e+00 3.007e-02 7.596e+02 0.000e+00
4.000e-03 3.880e+00 3.268e-02 6.148e+02 0.000e+00
4.071e-03 3.841e+00 3.326e-02 5.866e+02 0.000e+00
4.494e-03 3.623e+00 3.659e-02 4.507e+02 0.000e+00
4.961e-03 3.404e+00 4.004e-02 3.463e+02 0.000e+00
5.000e-03 3.386e+00 4.032e-02 3.391e+02 0.000e+00
5.477e-03 3.184e+00 4.359e-02 2.650e+02 0.000e+00
6.000e-03 2.982e+00 4.694e-02 2.071e+02 0.000e+00
6.046e-03 2.965e+00 4.723e-02 2.028e+02 0.000e+00
6.675e-03 2.747e+00 5.096e-02 1.546e+02 0.000e+00
7.368e-03 2.531e+00 5.479e-02 1.179e+02 0.000e+00
8.000e-03 2.352e+00 5.805e-02 9.407e+01 0.000e+00
8.134e-03 2.316e+00 5.872e-02 8.983e+01 0.000e+00
8.979e-03 2.105e+00 6.276e-02 6.827e+01 0.000e+00
9.912e-03 1.897e+00 6.692e-02 5.188e+01 0.000e+00
1.000e-02 1.879e+00 6.729e-02 5.062e+01 0.000e+00
1.094e-02 1.697e+00 7.118e-02 3.931e+01 0.000e+00
1.208e-02 1.508e+00 7.553e-02 2.975e+01 0.000e+00
1.334e-02 1.333e+00 7.987e-02 2.250e+01 0.000e+00
1.433e-02 1.217e+00 8.293e-02 1.841e+01 0.000e+00
1.433e-02 1.217e+00 8.293e-02 1.300e+02 0.000e+00
1.472e-02 1.176e+00 8.408e-02 1.213e+02 0.000e+00
1.500e-02 1.148e+00 8.487e-02 1.156e+02 0.000e+00
1.625e-02 1.034e+00 8.824e-02 9.405e+01 0.000e+00
1.794e-02 9.055e-01 9.236e-02 7.273e+01 0.000e+00
1.980e-02 7.919e-01 9.634e-02 5.608e+01 0.000e+00
2.000e-02 7.812e-01 9.673e-02 5.460e+01 0.000e+00
2.186e-02 6.918e-01 1.001e-01 4.301e+01 0.000e+00
2.413e-02 6.036e-01 1.035e-01 3.287e+01 0.000e+00
2.664e-02 5.252e-01 1.067e-01 2.502e+01 0.000e+00
2.941e-02 4.553e-01 1.096e-01 1.901e+01 0.000e+00
3.000e-02 4.422e-01 1.102e-01 1.798e+01 0.000e+00
3.247e-02 3.929e-01 1.122e-01 1.441e+01 0.000e+00
3.584e-02 3.376e-01 1.145e-01 1.091e+01 0.000e+00
3.957e-02 2.886e-01 1.164e-01 8.241e+00 0.000e+00
4.000e-02 2.836e-01 1.166e-01 7.991e+00 0.000e+00
4.368e-02 2.458e-01 1.180e-01 6.212e+00 0.000e+00
4.822e-02 2.086e-01 1.192e-01 4.672e+00 0.000e+00
5.000e-02 1.963e-01 1.196e-01 4.207e+00 0.000e+00
5.323e-02 1.767e-01 1.200e-01 3.508e+00 0.000e+00
5.876e-02 1.494e-01 1.205e-01 2.630e+00 0.000e+00
6.000e-02 1.442e-01 1.205e-01 2.474e+00 0.000e+00
6.486e-02 1.262e-01 1.205e-01 1.969e+00 0.000e+00
7.161e-02 1.065e-01 1.202e-01 1.471e+00 0.000e+00
7.905e-02 8.980e-02 1.196e-01 1.098e+00 0.000e+00
8.000e-02 8.796e-02 1.195e-01 1.060e+00 0.000e+00
8.726e-02 7.562e-02 1.187e-01 8.190e-01 0.000e+00
9.633e-02 6.357e-02 1.175e-01 6.101e-01 0.000e+00
1.000e-01 5.951e-02 1.169e-01 5.457e-01 0.000e+00
1.063e-01 5.339e-02 1.160e-01 4.546e-01 0.000e+00
1.174e-01 4.468e-02 1.142e-01 3.378e-01 0.000e+00
1.296e-01 3.736e-02 1.123e-01 2.513e-01 0.000e+00
1.431e-01 3.116e-02 1.101e-01 1.868e-01 0.000e+00
1.500e-01 2.857e-02 1.090e-01 1.623e-01 0.000e+00
1.579e-01 2.597e-02 1.078e-01 1.392e-01 0.000e+00
1.743e-01 2.160e-02 1.053e-01 1.036e-01 0.000e+00
1.925e-01 1.791e-02 1.027e-01 7.714e-02 0.000e+00
2.000e-01 1.667e-02 1.016e-01 6.888e-02 0.000e+00
2.125e-01 1.486e-02 9.993e-02 5.759e-02 0.000e+00
2.345e-01 1.232e-02 9.711e-02 4.311e-02 0.000e+00
2.589e-01 1.019e-02 9.420e-02 3.231e-02 0.000e+00
2.858e-01 8.427e-03 9.123e-02 2.430e-02 0.000e+00
3.000e-01 7.675e-03 8.976e-02 2.116e-02 0.000e+00
3.155e-01 6.963e-03 8.822e-02 1.834e-02 0.000e+00
3.483e-01 5.749e-03 8.517e-02 1.389e-02 0.000e+00
3.845e-01 4.743e-03 8.213e-02 1.057e-02 0.000e+00
4.000e-01 4.392e-03 8.092e-02 9.493e-03 0.000e+00
4.245e-01 3.910e-03 7.910e-02 8.088e-03 0.000e+00
4.686e-01 3.223e-03 7.611e-02 6.228e-03 0.000e+00
5.000e-01 2.838e-03 7.416e-02 5.265e-03 0.000e+00
5.173e-01 2.654e-03 7.315e-02 4.828e-03 0.000e+00
5.710e-01 2.185e-03 7.024e-02 3.768e-03 0.000e+00
6.000e-01 1.982e-03 6.879e-02 3.335e-03 0.000e+00
6.304e-01 1.798e-03 6.735e-02 2.956e-03 0.000e+00
6.959e-01 1.479e-03 6.450e-02 2.336e-03 0.000e+00
7.682e-01 1.216e-03 6.170e-02 1.866e-03 0.000e+00
8.000e-01 1.122e-03 6.057e-02 1.709e-03 0.000e+00
8.480e-01 9.992e-04 5.897e-02 1.512e-03 0.000e+00
9.361e-01 8.210e-04 5.629e-02 1.230e-03 0.000e+00
1.000e+00 7.201e-04 5.453e-02 1.064e-03 0.000e+00
1.022e+00 6.896e-04 5.395e-02 1.012e-03 0.000e+00
1.033e+00 6.751e-04 5.367e-02 9.879e-04 2.439e-08
1.141e+00 5.539e-04 5.110e-02 8.073e-04 2.084e-05
1.250e+00 4.618e-04 4.880e-02 6.833e-04 1.033e-04
1.259e+00 4.552e-04 4.862e-02 6.745e-04 1.129e-04
1.390e+00 3.737e-04 4.619e-02 5.635e-04 2.965e-04
1.500e+00 3.210e-04 4.438e-02 4.913e-04 5.036e-04
1.535e+00 3.066e-04 4.383e-02 4.715e-04 5.782e-04
1.694e+00 2.519e-04 4.156e-02 3.971e-04 9.609e-04
1.870e+00 2.068e-04 3.935e-02 3.362e-04 1.448e-03
2.000e+00 1.808e-04 3.789e-02 3.010e-04 1.834e-03
2.044e+00 1.731e-04 3.742e-02 2.906e-04 1.967e-03
2.065e+00 1.696e-04 3.720e-02 2.859e-04 2.031e-03
2.279e+00 1.393e-04 3.514e-02 2.445e-04 2.693e-03
2.516e+00 1.143e-04 3.316e-02 2.100e-04 3.440e-03
2.778e+00 9.377e-05 3.124e-02 1.810e-04 4.263e-03
3.000e+00 8.041e-05 2.982e-02 1.618e-04 4.948e-03
3.066e+00 7.699e-05 2.942e-02 1.568e-04 5.150e-03
3.385e+00 6.317e-05 2.767e-02 1.361e-04 6.099e-03
3.737e+00 5.183e-05 2.599e-02 1.187e-04 7.103e-03
4.000e+00 4.525e-05 2.488e-02 1.082e-04 7.826e-03
4.125e+00 4.255e-05 2.439e-02 1.038e-04 8.161e-03
4.554e+00 3.491e-05 2.286e-02 9.099e-05 9.275e-03
5.000e+00 2.896e-05 2.149e-02 8.056e-05 1.036e-02
5.027e+00 2.865e-05 2.141e-02 8.000e-05 1.044e-02
5.549e+00 2.352e-05 2.003e-02 7.050e-05 1.163e-02
6.000e+00 2.011e-05 1.899e-02 6.389e-05 1.260e-02
6.126e+00 1.930e-05 1.872e-02 6.226e-05 1.287e-02
6.762e+00 1.583e-05 1.748e-02 5.511e-05 1.414e-02
7.000e+00 1.478e-05 1.707e-02 5.283e-05 1.460e-02
7.465e+00 1.299e-05 1.632e-02 4.887e-05 1.546e-02
8.000e+00 1.131e-05 1.554e-02 4.498e-05 1.640e-02
8.241e+00 1.066e-05 1.521e-02 4.342e-05 1.681e-02
9.000e+00 8.940e-06 1.428e-02 3.912e-05 1.804e-02
9.097e+00 8.751e-06 1.417e-02 3.863e-05 1.820e-02
1.000e+01 7.244e-06 1.323e-02 3.460e-05 1.953e-02
1.004e+01 7.186e-06 1.319e-02 3.444e-05 1.959e-02
1.100e+01 5.985e-06 1.235e-02 3.100e-05 2.090e-02
1.109e+01 5.888e-06 1.227e-02 3.071e-05 2.101e-02
1.200e+01 5.029e-06 1.158e-02 2.808e-05 2.214e-02
1.224e+01 4.834e-06 1.141e-02 2.745e-05 2.243e-02
1.300e+01 4.285e-06 1.091e-02 2.565e-05 2.330e-02
1.351e+01 3.968e-06 1.060e-02 2.457e-05 2.385e-02
1.400e+01 3.695e-06 1.032e-02 2.361e-05 2.436e-02
1.491e+01 3.258e-06 9.840e-03 2.201e-05 2.527e-02
1.500e+01 3.219e-06 9.795e-03 2.186e-05 2.536e-02
1.600e+01 2.829e-06 9.328e-03 2.035e-05 2.629e-02
1.646e+01 2.673e-06 9.128e-03 1.973e-05 2.670e-02
1.800e+01 2.235e-06 8.523e-03 1.789e-05 2.800e-02
1.818e+01 2.191e-06 8.458e-03 1.769e-05 2.815e-02
2.000e+01 1.810e-06 7.862e-03 1.595e-05 2.953e-02
