# LANTHANUM from NIST Database
6.154e+00 0.000e+00 0.000e+00 0.000e+00 0.000e+00
5.700e+01 1.000e+00 3.500e+00 0.000e+00 0.000e+00
0.000e+00 0.000e+00 0.000e+00 0.000e+00 0.000e+00
1.000e-03 8.736e+00 6.885e-03 9.078e+03 0.000e+00
1.020e-03 8.714e+00 7.060e-03 8.684e+03 0.000e+00
1.123e-03 8.606e+00 7.973e-03 6.993e+03 0.000e+00
1.123e-03 8.606e+00 7.973e-03 8.016e+03 0.000e+00
1.126e-03 8.603e+00 7.996e-03 7.976e+03 0.000e+00
1.204e-03 8.519e+00 8.671e-03 6.902e+03 0.000e+00
1.204e-03 8.519e+00 8.671e-03 7.314e+03 0.000e+00
1.243e-03 8.479e+00 8.991e-03 6.841e+03 0.000e+00
1.361e-03 8.354e+00 9.950e-03 5.645e+03 0.000e+00
1.361e-03 8.354e+00 9.950e-03 5.896e+03 0.000e+00
1.372e-03 8.343e+00 1.004e-02 5.796e+03 0.000e+00
1.500e-03 8.203e+00 1.110e-02 4.765e+03 0.000e+00
1.515e-03 8.186e+00 1.123e-02 4.657e+03 0.000e+00
1.672e-03 8.017e+00 1.251e-02 3.711e+03 0.000e+00
1.846e-03 7.834e+00 1.391e-02 2.954e+03 0.000e+00
2.000e-03 7.674e+00 1.512e-02 2.456e+03 0.000e+00
2.038e-03 7.634e+00 1.542e-02 2.347e+03 0.000e+00
2.250e-03 7.417e+00 1.708e-02 1.847e+03 0.000e+00
2.483e-03 7.183e+00 1.888e-02 1.455e+03 0.000e+00
2.741e-03 6.932e+00 2.085e-02 1.145e+03 0.000e+00
3.000e-03 6.690e+00 2.278e-02 9.200e+02 0.000e+00
3.026e-03 6.666e+00 2.297e-02 9.003e+02 0.000e+00
3.341e-03 6.386e+00 2.526e-02 7.022e+02 0.000e+00
3.688e-03 6.093e+00 2.770e-02 5.480e+02 0.000e+00
4.000e-03 5.844e+00 2.983e-02 4.470e+02 0.000e+00
4.071e-03 5.789e+00 3.030e-02 4.273e+02 0.000e+00
4.494e-03 5.476e+00 3.305e-02 3.319e+02 0.000e+00
4.961e-03 5.158e+00 3.592e-02 2.578e+02 0.000e+00
5.000e-03 5.133e+00 3.615e-02 2.527e+02 0.000e+00
5.477e-03 4.842e+00 3.887e-02 1.996e+02 0.000e+00
5.483e-03 4.838e+00 3.890e-02 1.990e+02 0.000e+00
5.483e-03 4.838e+00 3.890e-02 5.714e+02 0.000e+00
5.683e-03 4.725e+00 3.998e-02 5.238e+02 0.000e+00
5.891e-03 4.609e+00 4.108e-02 4.799e+02 0.000e+00
5.891e-03 4.609e+00 4.108e-02 6.503e+02 0.000e+00
6.000e-03 4.548e+00 4.165e-02 6.273e+02 0.000e+00
6.046e-03 4.523e+00 4.189e-02 6.151e+02 0.000e+00
6.266e-03 4.409e+00 4.301e-02 5.610e+02 0.000e+00
6.266e-03 4.409e+00 4.301e-02 6.473e+02 0.000e+00
6.675e-03 4.209e+00 4.499e-02 5.518e+02 0.000e+00
7.368e-03 3.896e+00 4.813e-02 4.299e+02 0.000e+00
8.000e-03 3.638e+00 5.081e-02 3.492e+02 0.000e+00
8.134e-03 3.586e+00 5.136e-02 3.342e+02 0.000e+00
8.979e-03 3.285e+00 5.472e-02 2.574e+02 0.000e+00
9.912e-03 2.995e+00 5.821e-02 1.983e+02 0.000e+00
1.000e-02 2.970e+00 5.853e-02 1.937e+02 0.000e+00
1.094e-02 2.720e+00 6.181e-02 1.522e+02 0.000e+00
1.208e-02 2.459e+00 6.551e-02 1.167e+02 0.000e+00
1.334e-02 2.216e+00 6.926e-02 8.943e+01 0.000e+00
1.472e-02 1.993e+00 7.299e-02 6.868e+01 0.000e+00
1.500e-02 1.953e+00 7.370e-02 6.529e+01 0.000e+00
1.625e-02 1.788e+00 7.669e-02 5.244e+01 0.000e+00
1.794e-02 1.598e+00 8.030e-02 3.999e+01 0.000e+00
1.980e-02 1.421e+00 8.376e-02 3.053e+01 0.000e+00
2.000e-02 1.404e+00 8.411e-02 2.970e+01 0.000e+00
2.186e-02 1.255e+00 8.707e-02 2.319e+01 0.000e+00
2.413e-02 1.102e+00 9.019e-02 1.762e+01 0.000e+00
2.664e-02 9.620e-01 9.310e-02 1.338e+01 0.000e+00
2.941e-02 8.354e-01 9.581e-02 1.016e+01 0.000e+00
3.000e-02 8.116e-01 9.633e-02 9.616e+00 0.000e+00
3.247e-02 7.223e-01 9.831e-02 7.695e+00 0.000e+00
3.584e-02 6.230e-01 1.006e-01 5.826e+00 0.000e+00
3.892e-02 5.502e-01 1.023e-01 4.617e+00 0.000e+00
3.892e-02 5.502e-01 1.023e-01 2.707e+01 0.000e+00
3.957e-02 5.367e-01 1.026e-01 2.590e+01 0.000e+00
4.000e-02 5.281e-01 1.028e-01 2.515e+01 0.000e+00
4.368e-02 4.622e-01 1.043e-01 1.992e+01 0.000e+00
4.822e-02 3.973e-01 1.058e-01 1.539e+01 0.000e+00
5.000e-02 3.757e-01 1.063e-01 1.399e+01 0.000e+00
5.323e-02 3.407e-01 1.070e-01 1.184e+01 0.000e+00
5.876e-02 2.913e-01 1.079e-01 9.071e+00 0.000e+00
6.000e-02 2.817e-01 1.080e-01 8.571e+00 0.000e+00
6.486e-02 2.482e-01 1.085e-01 6.932e+00 0.000e+00
7.161e-02 2.105e-01 1.088e-01 5.286e+00 0.000e+00
7.905e-02 1.780e-01 1.087e-01 4.025e+00 0.000e+00
8.000e-02 1.744e-01 1.087e-01 3.894e+00 0.000e+00
8.726e-02 1.501e-01 1.084e-01 3.059e+00 0.000e+00
9.633e-02 1.263e-01 1.077e-01 2.321e+00 0.000e+00
1.000e-01 1.183e-01 1.073e-01 2.090e+00 0.000e+00
1.063e-01 1.063e-01 1.067e-01 1.760e+00 0.000e+00
1.174e-01 8.918e-02 1.055e-01 1.330e+00 0.000e+00
1.296e-01 7.483e-02 1.039e-01 1.006e+00 0.000e+00
1.431e-01 6.270e-02 1.022e-01 7.600e-01 0.000e+00
1.500e-01 5.762e-02 1.013e-01 6.651e-01 0.000e+00
1.579e-01 5.253e-02 1.003e-01 5.750e-01 0.000e+00
1.743e-01 4.393e-02 9.819e-02 4.347e-01 0.000e+00
1.925e-01 3.664e-02 9.594e-02 3.283e-01 0.000e+00
2.000e-01 3.416e-02 9.503e-02 2.947e-01 0.000e+00
2.125e-01 3.054e-02 9.357e-02 2.485e-01 0.000e+00
2.345e-01 2.544e-02 9.110e-02 1.886e-01 0.000e+00
2.589e-01 2.113e-02 8.854e-02 1.432e-01 0.000e+00
2.858e-01 1.754e-02 8.590e-02 1.090e-01 0.000e+00
3.000e-01 1.600e-02 8.458e-02 9.551e-02 0.000e+00
3.155e-01 1.454e-02 8.320e-02 8.329e-02 0.000e+00
3.483e-01 1.203e-02 8.047e-02 6.384e-02 0.000e+00
3.845e-01 9.954e-03 7.771e-02 4.913e-02 0.000e+00
4.000e-01 9.226e-03 7.661e-02 4.431e-02 0.000e+00
4.245e-01 8.228e-03 7.495e-02 3.798e-02 0.000e+00
4.686e-01 6.799e-03 7.220e-02 2.952e-02 0.000e+00
5.000e-01 5.996e-03 7.041e-02 2.510e-02 0.000e+00
5.173e-01 5.612e-03 6.947e-02 2.307e-02 0.000e+00
5.710e-01 4.630e-03 6.674e-02 1.814e-02 0.000e+00
6.000e-01 4.203e-03 6.538e-02 1.612e-02 0.000e+00
6.304e-01 3.816e-03 6.402e-02 1.435e-02 0.000e+00
6.959e-01 3.145e-03 6.134e-02 1.142e-02 0.000e+00
7.682e-01 2.591e-03 5.871e-02 9.152e-03 0.000e+00
8.000e-01 2.392e-03 5.766e-02 8.376e-03 0.000e+00
8.480e-01 2.132e-03 5.617e-02 7.391e-03 0.000e+00
9.361e-01 1.754e-03 5.367e-02 6.005e-03 0.000e+00
1.000e+00 1.540e-03 5.198e-02 5.237e-03 0.000e+00
1.022e+00 1.475e-03 5.142e-02 5.007e-03 0.000e+00
1.033e+00 1.445e-03 5.114e-02 4.899e-03 5.206e-08
1.141e+00 1.187e-03 4.868e-02 4.020e-03 4.332e-05
1.250e+00 9.902e-04 4.652e-02 3.378e-03 2.094e-04
1.259e+00 9.762e-04 4.635e-02 3.332e-03 2.286e-04
1.390e+00 8.020e-04 4.406e-02 2.774e-03 5.835e-04
1.500e+00 6.893e-04 4.233e-02 2.416e-03 9.677e-04
1.535e+00 6.584e-04 4.181e-02 2.318e-03 1.102e-03
1.694e+00 5.410e-04 3.965e-02 1.948e-03 1.769e-03
1.870e+00 4.443e-04 3.755e-02 1.644e-03 2.579e-03
2.000e+00 3.887e-04 3.616e-02 1.468e-03 3.204e-03
2.044e+00 3.722e-04 3.572e-02 1.416e-03 3.419e-03
2.065e+00 3.647e-04 3.551e-02 1.393e-03 3.521e-03
2.279e+00 2.997e-04 3.355e-02 1.187e-03 4.567e-03
2.516e+00 2.460e-04 3.166e-02 1.015e-03 5.710e-03
2.778e+00 2.018e-04 2.984e-02 8.721e-04 6.939e-03
3.000e+00 1.731e-04 2.847e-02 7.769e-04 7.948e-03
3.066e+00 1.657e-04 2.809e-02 7.522e-04 8.241e-03
3.385e+00 1.360e-04 2.642e-02 6.506e-04 9.619e-03
3.737e+00 1.116e-04 2.481e-02 5.647e-04 1.106e-02
4.000e+00 9.742e-05 2.375e-02 5.133e-04 1.210e-02
4.125e+00 9.161e-05 2.329e-02 4.919e-04 1.258e-02
4.554e+00 7.519e-05 2.183e-02 4.297e-04 1.415e-02
5.000e+00 6.239e-05 2.052e-02 3.791e-04 1.568e-02
5.027e+00 6.172e-05 2.045e-02 3.764e-04 1.577e-02
5.549e+00 5.065e-05 1.913e-02 3.306e-04 1.743e-02
6.000e+00 4.332e-05 1.814e-02 2.988e-04 1.878e-02
6.126e+00 4.156e-05 1.788e-02 2.910e-04 1.914e-02
6.762e+00 3.411e-05 1.670e-02 2.568e-04 2.090e-02
7.000e+00 3.183e-05 1.631e-02 2.459e-04 2.153e-02
7.465e+00 2.799e-05 1.559e-02 2.270e-04 2.271e-02
8.000e+00 2.437e-05 1.484e-02 2.084e-04 2.400e-02
8.241e+00 2.297e-05 1.453e-02 2.010e-04 2.456e-02
9.000e+00 1.926e-05 1.364e-02 1.807e-04 2.625e-02
9.097e+00 1.885e-05 1.353e-02 1.784e-04 2.646e-02
1.000e+01 1.560e-05 1.264e-02 1.594e-04 2.832e-02
1.004e+01 1.547e-05 1.260e-02 1.586e-04 2.840e-02
1.100e+01 1.289e-05 1.179e-02 1.425e-04 3.022e-02
1.109e+01 1.269e-05 1.172e-02 1.411e-04 3.038e-02
1.200e+01 1.083e-05 1.106e-02 1.288e-04 3.199e-02
1.224e+01 1.041e-05 1.089e-02 1.258e-04 3.239e-02
1.300e+01 9.230e-06 1.041e-02 1.174e-04 3.364e-02
1.351e+01 8.547e-06 1.012e-02 1.124e-04 3.442e-02
1.400e+01 7.960e-06 9.854e-03 1.079e-04 3.516e-02
1.491e+01 7.016e-06 9.398e-03 1.005e-04 3.644e-02
1.500e+01 6.932e-06 9.356e-03 9.980e-05 3.657e-02
1.600e+01 6.096e-06 8.909e-03 9.282e-05 3.787e-02
1.646e+01 5.760e-06 8.719e-03 8.992e-05 3.844e-02
1.800e+01 4.817e-06 8.142e-03 8.138e-05 4.025e-02
1.818e+01 4.722e-06 8.080e-03 8.048e-05 4.045e-02
2.000e+01 3.901e-06 7.509e-03 7.244e-05 4.238e-02
