# LITHIUM AMIDE from NIST Database
1.178e+00 0.000e+00 0.000e+00 0.000e+00 0.000e+00
1.000e+00 8.709e-02 3.500e+00 0.000e+00 0.000e+00
3.000e+00 4.343e-02 3.500e+00 0.000e+00 0.000e+00
7.000e+00 4.355e-02 3.500e+00 0.000e+00 0.000e+00
0.000e+00 0.000e+00 0.000e+00 0.000e+00 0.000e+00
1.000e-03 9.421e-01 2.044e-02 2.090e+03 0.000e+00
1.020e-03 9.379e-01 2.103e-02 1.980e+03 0.000e+00
1.126e-03 9.170e-01 2.426e-02 1.508e+03 0.000e+00
1.243e-03 8.950e-01 2.794e-02 1.148e+03 0.000e+00
1.372e-03 8.709e-01 3.206e-02 8.728e+02 0.000e+00
1.500e-03 8.465e-01 3.611e-02 6.797e+02 0.000e+00
1.515e-03 8.436e-01 3.658e-02 6.609e+02 0.000e+00
1.672e-03 8.126e-01 4.142e-02 4.997e+02 0.000e+00
1.846e-03 7.780e-01 4.664e-02 3.762e+02 0.000e+00
2.000e-03 7.478e-01 5.114e-02 2.984e+02 0.000e+00
2.038e-03 7.404e-01 5.223e-02 2.826e+02 0.000e+00
2.250e-03 7.001e-01 5.821e-02 2.118e+02 0.000e+00
2.483e-03 6.579e-01 6.453e-02 1.586e+02 0.000e+00
2.741e-03 6.138e-01 7.117e-02 1.184e+02 0.000e+00
3.000e-03 5.725e-01 7.745e-02 9.050e+01 0.000e+00
3.026e-03 5.686e-01 7.806e-02 8.820e+01 0.000e+00
3.341e-03 5.228e-01 8.511e-02 6.556e+01 0.000e+00
3.688e-03 4.774e-01 9.220e-02 4.867e+01 0.000e+00
4.000e-03 4.410e-01 9.800e-02 3.805e+01 0.000e+00
4.071e-03 4.333e-01 9.925e-02 3.607e+01 0.000e+00
4.494e-03 3.908e-01 1.062e-01 2.669e+01 0.000e+00
4.961e-03 3.507e-01 1.129e-01 1.971e+01 0.000e+00
5.000e-03 3.477e-01 1.134e-01 1.924e+01 0.000e+00
5.477e-03 3.133e-01 1.194e-01 1.453e+01 0.000e+00
6.000e-03 2.814e-01 1.251e-01 1.096e+01 0.000e+00
6.046e-03 2.788e-01 1.256e-01 1.070e+01 0.000e+00
6.675e-03 2.473e-01 1.314e-01 7.864e+00 0.000e+00
7.368e-03 2.190e-01 1.369e-01 5.774e+00 0.000e+00
8.000e-03 1.975e-01 1.412e-01 4.459e+00 0.000e+00
8.134e-03 1.934e-01 1.420e-01 4.232e+00 0.000e+00
8.979e-03 1.706e-01 1.467e-01 3.098e+00 0.000e+00
9.912e-03 1.503e-01 1.511e-01 2.265e+00 0.000e+00
1.000e-02 1.486e-01 1.514e-01 2.203e+00 0.000e+00
1.094e-02 1.323e-01 1.551e-01 1.655e+00 0.000e+00
1.208e-02 1.162e-01 1.587e-01 1.205e+00 0.000e+00
1.334e-02 1.018e-01 1.620e-01 8.765e-01 0.000e+00
1.472e-02 8.900e-02 1.650e-01 6.383e-01 0.000e+00
1.500e-02 8.671e-02 1.655e-01 6.006e-01 0.000e+00
1.625e-02 7.748e-02 1.676e-01 4.637e-01 0.000e+00
1.794e-02 6.717e-02 1.699e-01 3.364e-01 0.000e+00
1.980e-02 5.798e-02 1.719e-01 2.441e-01 0.000e+00
2.000e-02 5.710e-02 1.720e-01 2.362e-01 0.000e+00
2.186e-02 4.978e-02 1.734e-01 1.768e-01 0.000e+00
2.413e-02 4.256e-02 1.746e-01 1.280e-01 0.000e+00
2.664e-02 3.622e-02 1.754e-01 9.249e-02 0.000e+00
2.941e-02 3.071e-02 1.757e-01 6.682e-02 0.000e+00
3.000e-02 2.969e-02 1.758e-01 6.259e-02 0.000e+00
3.247e-02 2.594e-02 1.757e-01 4.822e-02 0.000e+00
3.584e-02 2.187e-02 1.754e-01 3.481e-02 0.000e+00
3.957e-02 1.837e-02 1.746e-01 2.509e-02 0.000e+00
4.000e-02 1.803e-02 1.745e-01 2.421e-02 0.000e+00
4.368e-02 1.541e-02 1.735e-01 1.809e-02 0.000e+00
4.822e-02 1.290e-02 1.721e-01 1.304e-02 0.000e+00
5.000e-02 1.208e-02 1.715e-01 1.156e-02 0.000e+00
5.323e-02 1.078e-02 1.704e-01 9.391e-03 0.000e+00
5.876e-02 8.986e-03 1.684e-01 6.762e-03 0.000e+00
6.000e-02 8.646e-03 1.680e-01 6.309e-03 0.000e+00
6.486e-02 7.481e-03 1.662e-01 4.870e-03 0.000e+00
7.161e-02 6.215e-03 1.637e-01 3.505e-03 0.000e+00
7.905e-02 5.156e-03 1.609e-01 2.525e-03 0.000e+00
8.000e-02 5.040e-03 1.606e-01 2.426e-03 0.000e+00
8.726e-02 4.272e-03 1.580e-01 1.818e-03 0.000e+00
9.633e-02 3.534e-03 1.549e-01 1.310e-03 0.000e+00
1.000e-01 3.288e-03 1.536e-01 1.157e-03 0.000e+00
1.063e-01 2.922e-03 1.516e-01 9.451e-04 0.000e+00
1.174e-01 2.410e-03 1.481e-01 6.806e-04 0.000e+00
1.296e-01 1.988e-03 1.445e-01 4.914e-04 0.000e+00
1.431e-01 1.638e-03 1.408e-01 3.550e-04 0.000e+00
1.500e-01 1.493e-03 1.390e-01 3.044e-04 0.000e+00
1.579e-01 1.350e-03 1.370e-01 2.575e-04 0.000e+00
1.743e-01 1.111e-03 1.331e-01 1.870e-04 0.000e+00
1.925e-01 9.129e-04 1.291e-01 1.358e-04 0.000e+00
2.000e-01 8.464e-04 1.276e-01 1.201e-04 0.000e+00
2.125e-01 7.507e-04 1.251e-01 9.900e-05 0.000e+00
2.345e-01 6.175e-04 1.211e-01 7.246e-05 0.000e+00
2.589e-01 5.073e-04 1.171e-01 5.315e-05 0.000e+00
2.858e-01 4.168e-04 1.131e-01 3.917e-05 0.000e+00
3.000e-01 3.785e-04 1.111e-01 3.378e-05 0.000e+00
3.155e-01 3.424e-04 1.091e-01 2.901e-05 0.000e+00
3.483e-01 2.811e-04 1.051e-01 2.160e-05 0.000e+00
3.845e-01 2.308e-04 1.012e-01 1.618e-05 0.000e+00
4.000e-01 2.133e-04 9.961e-02 1.444e-05 0.000e+00
4.245e-01 1.895e-04 9.728e-02 1.219e-05 0.000e+00
4.686e-01 1.555e-04 9.346e-02 9.256e-06 0.000e+00
5.000e-01 1.366e-04 9.098e-02 7.770e-06 0.000e+00
5.173e-01 1.277e-04 8.969e-02 7.104e-06 0.000e+00
5.710e-01 1.048e-04 8.600e-02 5.499e-06 0.000e+00
6.000e-01 9.496e-05 8.418e-02 4.837e-06 0.000e+00
6.304e-01 8.604e-05 8.238e-02 4.252e-06 0.000e+00
6.959e-01 7.062e-05 7.885e-02 3.306e-06 0.000e+00
7.682e-01 5.795e-05 7.538e-02 2.641e-06 0.000e+00
8.000e-01 5.343e-05 7.397e-02 2.440e-06 0.000e+00
8.480e-01 4.754e-05 7.196e-02 2.207e-06 0.000e+00
9.361e-01 3.901e-05 6.863e-02 1.828e-06 0.000e+00
1.000e+00 3.420e-05 6.650e-02 1.517e-06 0.000e+00
1.022e+00 3.275e-05 6.582e-02 1.407e-06 0.000e+00
1.033e+00 3.206e-05 6.548e-02 1.359e-06 2.439e-09
1.141e+00 2.629e-05 6.233e-02 1.089e-06 2.320e-06
1.250e+00 2.190e-05 5.948e-02 9.549e-07 1.257e-05
1.259e+00 2.158e-05 5.926e-02 9.447e-07 1.383e-05
1.390e+00 1.771e-05 5.627e-02 7.975e-07 3.924e-05
1.500e+00 1.521e-05 5.405e-02 6.934e-07 6.976e-05
1.535e+00 1.452e-05 5.339e-02 6.655e-07 8.099e-05
1.694e+00 1.193e-05 5.062e-02 5.642e-07 1.397e-04
1.870e+00 9.789e-06 4.793e-02 4.835e-07 2.162e-04
2.000e+00 8.556e-06 4.613e-02 4.367e-07 2.780e-04
2.044e+00 8.190e-06 4.555e-02 4.226e-07 2.997e-04
2.065e+00 8.024e-06 4.528e-02 4.162e-07 3.102e-04
2.279e+00 6.585e-06 4.276e-02 3.597e-07 4.197e-04
2.516e+00 5.402e-06 4.034e-02 3.120e-07 5.455e-04
2.778e+00 4.432e-06 3.803e-02 2.716e-07 6.874e-04
3.000e+00 3.801e-06 3.629e-02 2.446e-07 8.085e-04
3.066e+00 3.639e-06 3.581e-02 2.375e-07 8.446e-04
3.385e+00 2.986e-06 3.367e-02 2.083e-07 1.018e-03
3.737e+00 2.451e-06 3.163e-02 1.833e-07 1.206e-03
4.000e+00 2.139e-06 3.027e-02 1.681e-07 1.344e-03
4.125e+00 2.011e-06 2.968e-02 1.617e-07 1.408e-03
4.554e+00 1.650e-06 2.781e-02 1.430e-07 1.622e-03
5.000e+00 1.369e-06 2.614e-02 1.276e-07 1.836e-03
5.027e+00 1.354e-06 2.605e-02 1.268e-07 1.850e-03
5.549e+00 1.111e-06 2.437e-02 1.126e-07 2.091e-03
6.000e+00 9.507e-07 2.311e-02 1.027e-07 2.290e-03
6.126e+00 9.120e-07 2.278e-02 1.002e-07 2.344e-03
6.762e+00 7.485e-07 2.128e-02 8.930e-08 2.605e-03
7.000e+00 6.985e-07 2.077e-02 8.580e-08 2.699e-03
7.465e+00 6.142e-07 1.985e-02 7.969e-08 2.876e-03
8.000e+00 5.348e-07 1.890e-02 7.365e-08 3.072e-03
8.241e+00 5.040e-07 1.851e-02 7.122e-08 3.157e-03
9.000e+00 4.226e-07 1.737e-02 6.451e-08 3.413e-03
9.097e+00 4.136e-07 1.724e-02 6.374e-08 3.445e-03
1.000e+01 3.423e-07 1.610e-02 5.735e-08 3.725e-03
1.004e+01 3.395e-07 1.605e-02 5.710e-08 3.737e-03
1.100e+01 2.828e-07 1.501e-02 5.164e-08 4.013e-03
1.109e+01 2.783e-07 1.492e-02 5.118e-08 4.038e-03
1.200e+01 2.377e-07 1.408e-02 4.696e-08 4.276e-03
1.224e+01 2.284e-07 1.388e-02 4.596e-08 4.337e-03
1.300e+01 2.025e-07 1.327e-02 4.305e-08 4.523e-03
1.351e+01 1.875e-07 1.289e-02 4.129e-08 4.643e-03
1.400e+01 1.746e-07 1.255e-02 3.973e-08 4.753e-03
1.491e+01 1.539e-07 1.197e-02 3.712e-08 4.951e-03
1.500e+01 1.521e-07 1.191e-02 3.688e-08 4.971e-03
1.600e+01 1.337e-07 1.135e-02 3.444e-08 5.175e-03
1.646e+01 1.263e-07 1.111e-02 3.341e-08 5.265e-03
1.800e+01 1.056e-07 1.037e-02 3.037e-08 5.548e-03
1.818e+01 1.036e-07 1.029e-02 3.005e-08 5.579e-03
2.000e+01 8.556e-08 9.563e-03 2.718e-08 5.884e-03
