# LITHIUM FLUORIDE from NIST Database
2.635e+00 0.000e+00 0.000e+00 0.000e+00 0.000e+00
3.000e+00 3.845e-02 3.500e+00 0.000e+00 0.000e+00
9.000e+00 3.855e-02 3.500e+00 0.000e+00 0.000e+00
0.000e+00 0.000e+00 0.000e+00 0.000e+00 0.000e+00
1.000e-03 1.296e+00 1.295e-02 4.200e+03 0.000e+00
1.020e-03 1.293e+00 1.330e-02 3.992e+03 0.000e+00
1.126e-03 1.273e+00 1.522e-02 3.098e+03 0.000e+00
1.243e-03 1.253e+00 1.738e-02 2.400e+03 0.000e+00
1.372e-03 1.230e+00 1.979e-02 1.856e+03 0.000e+00
1.500e-03 1.206e+00 2.216e-02 1.466e+03 0.000e+00
1.515e-03 1.203e+00 2.243e-02 1.427e+03 0.000e+00
1.672e-03 1.173e+00 2.525e-02 1.094e+03 0.000e+00
1.846e-03 1.138e+00 2.832e-02 8.347e+02 0.000e+00
2.000e-03 1.106e+00 3.103e-02 6.688e+02 0.000e+00
2.038e-03 1.098e+00 3.170e-02 6.347e+02 0.000e+00
2.250e-03 1.054e+00 3.543e-02 4.814e+02 0.000e+00
2.483e-03 1.007e+00 3.953e-02 3.647e+02 0.000e+00
2.741e-03 9.546e-01 4.404e-02 2.754e+02 0.000e+00
3.000e-03 9.036e-01 4.852e-02 2.126e+02 0.000e+00
3.026e-03 8.985e-01 4.897e-02 2.074e+02 0.000e+00
3.341e-03 8.390e-01 5.431e-02 1.557e+02 0.000e+00
3.688e-03 7.773e-01 6.001e-02 1.168e+02 0.000e+00
4.000e-03 7.255e-01 6.494e-02 9.202e+01 0.000e+00
4.071e-03 7.142e-01 6.603e-02 8.738e+01 0.000e+00
4.494e-03 6.509e-01 7.233e-02 6.522e+01 0.000e+00
4.961e-03 5.885e-01 7.881e-02 4.859e+01 0.000e+00
5.000e-03 5.836e-01 7.933e-02 4.747e+01 0.000e+00
5.477e-03 5.281e-01 8.540e-02 3.613e+01 0.000e+00
6.000e-03 4.750e-01 9.145e-02 2.746e+01 0.000e+00
6.046e-03 4.708e-01 9.195e-02 2.683e+01 0.000e+00
6.675e-03 4.172e-01 9.835e-02 1.987e+01 0.000e+00
7.368e-03 3.680e-01 1.045e-01 1.470e+01 0.000e+00
8.000e-03 3.304e-01 1.093e-01 1.142e+01 0.000e+00
8.134e-03 3.232e-01 1.103e-01 1.086e+01 0.000e+00
8.979e-03 2.829e-01 1.157e-01 8.006e+00 0.000e+00
9.912e-03 2.470e-01 1.207e-01 5.896e+00 0.000e+00
1.000e-02 2.440e-01 1.211e-01 5.736e+00 0.000e+00
1.094e-02 2.154e-01 1.253e-01 4.337e+00 0.000e+00
1.208e-02 1.874e-01 1.294e-01 3.181e+00 0.000e+00
1.334e-02 1.628e-01 1.331e-01 2.329e+00 0.000e+00
1.472e-02 1.415e-01 1.364e-01 1.708e+00 0.000e+00
1.500e-02 1.377e-01 1.370e-01 1.609e+00 0.000e+00
1.625e-02 1.227e-01 1.394e-01 1.249e+00 0.000e+00
1.794e-02 1.063e-01 1.420e-01 9.116e-01 0.000e+00
1.980e-02 9.182e-02 1.443e-01 6.653e-01 0.000e+00
2.000e-02 9.045e-02 1.445e-01 6.443e-01 0.000e+00
2.186e-02 7.905e-02 1.463e-01 4.845e-01 0.000e+00
2.413e-02 6.784e-02 1.480e-01 3.526e-01 0.000e+00
2.664e-02 5.800e-02 1.493e-01 2.563e-01 0.000e+00
2.941e-02 4.940e-02 1.502e-01 1.861e-01 0.000e+00
3.000e-02 4.781e-02 1.504e-01 1.745e-01 0.000e+00
3.247e-02 4.190e-02 1.508e-01 1.349e-01 0.000e+00
3.584e-02 3.543e-02 1.511e-01 9.788e-02 0.000e+00
3.957e-02 2.985e-02 1.509e-01 7.088e-02 0.000e+00
4.000e-02 2.929e-02 1.509e-01 6.843e-02 0.000e+00
4.368e-02 2.509e-02 1.505e-01 5.134e-02 0.000e+00
4.822e-02 2.104e-02 1.497e-01 3.715e-02 0.000e+00
5.000e-02 1.972e-02 1.493e-01 3.298e-02 0.000e+00
5.323e-02 1.761e-02 1.486e-01 2.686e-02 0.000e+00
5.876e-02 1.472e-02 1.471e-01 1.941e-02 0.000e+00
6.000e-02 1.416e-02 1.468e-01 1.812e-02 0.000e+00
6.486e-02 1.228e-02 1.454e-01 1.403e-02 0.000e+00
7.161e-02 1.022e-02 1.435e-01 1.013e-02 0.000e+00
7.905e-02 8.501e-03 1.413e-01 7.318e-03 0.000e+00
8.000e-02 8.313e-03 1.410e-01 7.036e-03 0.000e+00
8.726e-02 7.059e-03 1.389e-01 5.288e-03 0.000e+00
9.633e-02 5.852e-03 1.363e-01 3.820e-03 0.000e+00
1.000e-01 5.450e-03 1.352e-01 3.379e-03 0.000e+00
1.063e-01 4.850e-03 1.335e-01 2.765e-03 0.000e+00
1.174e-01 4.008e-03 1.305e-01 1.997e-03 0.000e+00
1.296e-01 3.311e-03 1.274e-01 1.446e-03 0.000e+00
1.431e-01 2.732e-03 1.242e-01 1.047e-03 0.000e+00
1.500e-01 2.492e-03 1.227e-01 8.986e-04 0.000e+00
1.579e-01 2.255e-03 1.209e-01 7.609e-04 0.000e+00
1.743e-01 1.858e-03 1.175e-01 5.530e-04 0.000e+00
1.925e-01 1.528e-03 1.141e-01 4.022e-04 0.000e+00
2.000e-01 1.417e-03 1.127e-01 3.560e-04 0.000e+00
2.125e-01 1.258e-03 1.106e-01 2.937e-04 0.000e+00
2.345e-01 1.035e-03 1.071e-01 2.154e-04 0.000e+00
2.589e-01 8.511e-04 1.035e-01 1.583e-04 0.000e+00
2.858e-01 6.996e-04 9.998e-02 1.169e-04 0.000e+00
3.000e-01 6.354e-04 9.825e-02 1.009e-04 0.000e+00
3.155e-01 5.749e-04 9.646e-02 8.676e-05 0.000e+00
3.483e-01 4.723e-04 9.296e-02 6.469e-05 0.000e+00
3.845e-01 3.880e-04 8.950e-02 4.851e-05 0.000e+00
4.000e-01 3.586e-04 8.813e-02 4.331e-05 0.000e+00
4.245e-01 3.185e-04 8.607e-02 3.659e-05 0.000e+00
4.686e-01 2.615e-04 8.269e-02 2.782e-05 0.000e+00
5.000e-01 2.298e-04 8.050e-02 2.336e-05 0.000e+00
5.173e-01 2.147e-04 7.937e-02 2.135e-05 0.000e+00
5.710e-01 1.763e-04 7.610e-02 1.653e-05 0.000e+00
6.000e-01 1.597e-04 7.449e-02 1.456e-05 0.000e+00
6.304e-01 1.447e-04 7.290e-02 1.282e-05 0.000e+00
6.959e-01 1.188e-04 6.978e-02 1.000e-05 0.000e+00
7.682e-01 9.748e-05 6.672e-02 7.981e-06 0.000e+00
8.000e-01 8.989e-05 6.548e-02 7.350e-06 0.000e+00
8.480e-01 8.002e-05 6.372e-02 6.596e-06 0.000e+00
9.361e-01 6.568e-05 6.079e-02 5.429e-06 0.000e+00
1.000e+00 5.755e-05 5.888e-02 4.569e-06 0.000e+00
1.022e+00 5.509e-05 5.826e-02 4.274e-06 0.000e+00
1.033e+00 5.393e-05 5.795e-02 4.144e-06 3.258e-09
1.141e+00 4.420e-05 5.516e-02 3.343e-06 3.094e-06
1.250e+00 3.684e-05 5.265e-02 2.899e-06 1.674e-05
1.259e+00 3.631e-05 5.246e-02 2.866e-06 1.842e-05
1.390e+00 2.979e-05 4.983e-02 2.414e-06 5.222e-05
1.500e+00 2.558e-05 4.786e-02 2.104e-06 9.278e-05
1.535e+00 2.443e-05 4.727e-02 2.021e-06 1.077e-04
1.694e+00 2.006e-05 4.479e-02 1.713e-06 1.857e-04
1.870e+00 1.646e-05 4.240e-02 1.465e-06 2.874e-04
2.000e+00 1.439e-05 4.083e-02 1.321e-06 3.697e-04
2.044e+00 1.378e-05 4.034e-02 1.278e-06 3.986e-04
2.065e+00 1.350e-05 4.010e-02 1.258e-06 4.125e-04
2.279e+00 1.109e-05 3.790e-02 1.086e-06 5.580e-04
2.516e+00 9.099e-06 3.575e-02 9.406e-07 7.243e-04
2.778e+00 7.463e-06 3.368e-02 8.184e-07 9.107e-04
3.000e+00 6.399e-06 3.213e-02 7.365e-07 1.069e-03
3.066e+00 6.126e-06 3.170e-02 7.151e-07 1.116e-03
3.385e+00 5.026e-06 2.981e-02 6.267e-07 1.341e-03
3.737e+00 4.124e-06 2.800e-02 5.508e-07 1.584e-03
4.000e+00 3.600e-06 2.680e-02 5.049e-07 1.762e-03
4.125e+00 3.385e-06 2.627e-02 4.856e-07 1.844e-03
4.554e+00 2.777e-06 2.463e-02 4.290e-07 2.119e-03
5.000e+00 2.303e-06 2.314e-02 3.825e-07 2.393e-03
5.027e+00 2.279e-06 2.306e-02 3.800e-07 2.410e-03
5.549e+00 1.870e-06 2.158e-02 3.374e-07 2.716e-03
6.000e+00 1.600e-06 2.046e-02 3.075e-07 2.968e-03
6.126e+00 1.535e-06 2.017e-02 3.000e-07 3.037e-03
6.762e+00 1.259e-06 1.884e-02 2.672e-07 3.368e-03
7.000e+00 1.175e-06 1.839e-02 2.566e-07 3.486e-03
7.465e+00 1.033e-06 1.758e-02 2.383e-07 3.710e-03
8.000e+00 8.999e-07 1.673e-02 2.201e-07 3.955e-03
8.241e+00 8.480e-07 1.638e-02 2.128e-07 4.062e-03
9.000e+00 7.109e-07 1.538e-02 1.927e-07 4.382e-03
9.097e+00 6.958e-07 1.526e-02 1.904e-07 4.423e-03
1.000e+01 5.760e-07 1.425e-02 1.713e-07 4.775e-03
1.004e+01 5.714e-07 1.421e-02 1.705e-07 4.790e-03
1.100e+01 4.760e-07 1.329e-02 1.541e-07 5.134e-03
1.109e+01 4.683e-07 1.321e-02 1.528e-07 5.165e-03
1.200e+01 3.998e-07 1.246e-02 1.401e-07 5.462e-03
1.224e+01 3.843e-07 1.228e-02 1.371e-07 5.538e-03
1.300e+01 3.408e-07 1.175e-02 1.284e-07 5.768e-03
1.351e+01 3.156e-07 1.141e-02 1.231e-07 5.916e-03
1.400e+01 2.939e-07 1.111e-02 1.185e-07 6.054e-03
1.491e+01 2.591e-07 1.060e-02 1.107e-07 6.300e-03
1.500e+01 2.560e-07 1.055e-02 1.100e-07 6.322e-03
1.600e+01 2.250e-07 1.005e-02 1.026e-07 6.574e-03
1.646e+01 2.125e-07 9.831e-03 9.955e-08 6.686e-03
1.800e+01 1.777e-07 9.181e-03 9.049e-08 7.039e-03
1.818e+01 1.742e-07 9.112e-03 8.954e-08 7.079e-03
2.000e+01 1.440e-07 8.466e-03 8.091e-08 7.456e-03
