# LITHIUM TETRABORATE from NIST Database
2.440e+00 0.000e+00 0.000e+00 0.000e+00 0.000e+00
3.000e+00 1.179e-02 3.500e+00 0.000e+00 0.000e+00
5.000e+00 2.365e-02 3.500e+00 0.000e+00 0.000e+00
8.000e+00 4.139e-02 3.500e+00 0.000e+00 0.000e+00
0.000e+00 0.000e+00 0.000e+00 0.000e+00 0.000e+00
1.000e-03 1.234e+00 1.229e-02 3.372e+03 0.000e+00
1.020e-03 1.229e+00 1.269e-02 3.197e+03 0.000e+00
1.126e-03 1.207e+00 1.489e-02 2.453e+03 0.000e+00
1.243e-03 1.183e+00 1.745e-02 1.880e+03 0.000e+00
1.372e-03 1.156e+00 2.038e-02 1.438e+03 0.000e+00
1.500e-03 1.128e+00 2.335e-02 1.126e+03 0.000e+00
1.515e-03 1.124e+00 2.370e-02 1.096e+03 0.000e+00
1.672e-03 1.088e+00 2.738e-02 8.330e+02 0.000e+00
1.846e-03 1.047e+00 3.146e-02 6.305e+02 0.000e+00
2.000e-03 1.011e+00 3.507e-02 5.023e+02 0.000e+00
2.038e-03 1.002e+00 3.595e-02 4.760e+02 0.000e+00
2.250e-03 9.522e-01 4.088e-02 3.586e+02 0.000e+00
2.483e-03 8.994e-01 4.619e-02 2.699e+02 0.000e+00
2.741e-03 8.435e-01 5.189e-02 2.025e+02 0.000e+00
3.000e-03 7.903e-01 5.738e-02 1.555e+02 0.000e+00
3.026e-03 7.851e-01 5.792e-02 1.516e+02 0.000e+00
3.341e-03 7.251e-01 6.420e-02 1.132e+02 0.000e+00
3.688e-03 6.647e-01 7.064e-02 8.436e+01 0.000e+00
4.000e-03 6.156e-01 7.601e-02 6.618e+01 0.000e+00
4.071e-03 6.050e-01 7.718e-02 6.277e+01 0.000e+00
4.494e-03 5.469e-01 8.373e-02 4.663e+01 0.000e+00
4.961e-03 4.914e-01 9.022e-02 3.457e+01 0.000e+00
5.000e-03 4.872e-01 9.073e-02 3.376e+01 0.000e+00
5.477e-03 4.393e-01 9.656e-02 2.557e+01 0.000e+00
6.000e-03 3.947e-01 1.022e-01 1.934e+01 0.000e+00
6.046e-03 3.911e-01 1.027e-01 1.889e+01 0.000e+00
6.675e-03 3.469e-01 1.085e-01 1.393e+01 0.000e+00
7.368e-03 3.068e-01 1.141e-01 1.026e+01 0.000e+00
8.000e-03 2.765e-01 1.185e-01 7.949e+00 0.000e+00
8.134e-03 2.707e-01 1.193e-01 7.548e+00 0.000e+00
8.979e-03 2.385e-01 1.242e-01 5.544e+00 0.000e+00
9.912e-03 2.098e-01 1.288e-01 4.066e+00 0.000e+00
1.000e-02 2.074e-01 1.292e-01 3.954e+00 0.000e+00
1.094e-02 1.844e-01 1.331e-01 2.979e+00 0.000e+00
1.208e-02 1.617e-01 1.371e-01 2.176e+00 0.000e+00
1.334e-02 1.415e-01 1.408e-01 1.588e+00 0.000e+00
1.472e-02 1.237e-01 1.442e-01 1.160e+00 0.000e+00
1.500e-02 1.205e-01 1.448e-01 1.092e+00 0.000e+00
1.625e-02 1.077e-01 1.473e-01 8.448e-01 0.000e+00
1.794e-02 9.352e-02 1.501e-01 6.146e-01 0.000e+00
1.980e-02 8.091e-02 1.525e-01 4.471e-01 0.000e+00
2.000e-02 7.971e-02 1.528e-01 4.328e-01 0.000e+00
2.186e-02 6.967e-02 1.546e-01 3.246e-01 0.000e+00
2.413e-02 5.974e-02 1.564e-01 2.355e-01 0.000e+00
2.664e-02 5.101e-02 1.577e-01 1.706e-01 0.000e+00
2.941e-02 4.337e-02 1.587e-01 1.235e-01 0.000e+00
3.000e-02 4.197e-02 1.588e-01 1.157e-01 0.000e+00
3.247e-02 3.674e-02 1.592e-01 8.933e-02 0.000e+00
3.584e-02 3.103e-02 1.594e-01 6.462e-02 0.000e+00
3.957e-02 2.611e-02 1.592e-01 4.668e-02 0.000e+00
4.000e-02 2.562e-02 1.591e-01 4.504e-02 0.000e+00
4.368e-02 2.194e-02 1.586e-01 3.371e-02 0.000e+00
4.822e-02 1.838e-02 1.576e-01 2.434e-02 0.000e+00
5.000e-02 1.722e-02 1.572e-01 2.159e-02 0.000e+00
5.323e-02 1.538e-02 1.564e-01 1.756e-02 0.000e+00
5.876e-02 1.284e-02 1.548e-01 1.267e-02 0.000e+00
6.000e-02 1.236e-02 1.544e-01 1.182e-02 0.000e+00
6.486e-02 1.071e-02 1.529e-01 9.136e-03 0.000e+00
7.161e-02 8.906e-03 1.508e-01 6.585e-03 0.000e+00
7.905e-02 7.398e-03 1.484e-01 4.749e-03 0.000e+00
8.000e-02 7.233e-03 1.481e-01 4.565e-03 0.000e+00
8.726e-02 6.136e-03 1.458e-01 3.426e-03 0.000e+00
9.633e-02 5.082e-03 1.431e-01 2.471e-03 0.000e+00
1.000e-01 4.731e-03 1.420e-01 2.185e-03 0.000e+00
1.063e-01 4.207e-03 1.401e-01 1.786e-03 0.000e+00
1.174e-01 3.474e-03 1.370e-01 1.288e-03 0.000e+00
1.296e-01 2.867e-03 1.337e-01 9.310e-04 0.000e+00
1.431e-01 2.363e-03 1.303e-01 6.732e-04 0.000e+00
1.500e-01 2.155e-03 1.287e-01 5.774e-04 0.000e+00
1.579e-01 1.949e-03 1.269e-01 4.885e-04 0.000e+00
1.743e-01 1.605e-03 1.233e-01 3.547e-04 0.000e+00
1.925e-01 1.320e-03 1.196e-01 2.577e-04 0.000e+00
2.000e-01 1.224e-03 1.182e-01 2.280e-04 0.000e+00
2.125e-01 1.086e-03 1.159e-01 1.880e-04 0.000e+00
2.345e-01 8.932e-04 1.123e-01 1.377e-04 0.000e+00
2.589e-01 7.340e-04 1.085e-01 1.012e-04 0.000e+00
2.858e-01 6.032e-04 1.048e-01 7.463e-05 0.000e+00
3.000e-01 5.478e-04 1.030e-01 6.440e-05 0.000e+00
3.155e-01 4.956e-04 1.011e-01 5.532e-05 0.000e+00
3.483e-01 4.070e-04 9.745e-02 4.121e-05 0.000e+00
3.845e-01 3.342e-04 9.381e-02 3.088e-05 0.000e+00
4.000e-01 3.089e-04 9.237e-02 2.756e-05 0.000e+00
4.245e-01 2.744e-04 9.023e-02 2.328e-05 0.000e+00
4.686e-01 2.253e-04 8.669e-02 1.769e-05 0.000e+00
5.000e-01 1.980e-04 8.440e-02 1.486e-05 0.000e+00
5.173e-01 1.850e-04 8.321e-02 1.358e-05 0.000e+00
5.710e-01 1.519e-04 7.978e-02 1.051e-05 0.000e+00
6.000e-01 1.376e-04 7.809e-02 9.251e-06 0.000e+00
6.304e-01 1.246e-04 7.642e-02 8.138e-06 0.000e+00
6.959e-01 1.023e-04 7.313e-02 6.337e-06 0.000e+00
7.682e-01 8.398e-05 6.992e-02 5.060e-06 0.000e+00
8.000e-01 7.743e-05 6.862e-02 4.669e-06 0.000e+00
8.480e-01 6.891e-05 6.678e-02 4.209e-06 0.000e+00
9.361e-01 5.655e-05 6.372e-02 3.477e-06 0.000e+00
1.000e+00 4.957e-05 6.172e-02 2.903e-06 0.000e+00
1.022e+00 4.746e-05 6.107e-02 2.702e-06 0.000e+00
1.033e+00 4.646e-05 6.075e-02 2.614e-06 3.155e-09
1.141e+00 3.810e-05 5.781e-02 2.101e-06 2.994e-06
1.250e+00 3.174e-05 5.519e-02 1.835e-06 1.618e-05
1.259e+00 3.129e-05 5.498e-02 1.814e-06 1.781e-05
1.390e+00 2.566e-05 5.221e-02 1.530e-06 5.043e-05
1.500e+00 2.204e-05 5.015e-02 1.331e-06 8.958e-05
1.535e+00 2.104e-05 4.954e-02 1.278e-06 1.040e-04
1.694e+00 1.728e-05 4.699e-02 1.084e-06 1.794e-04
1.870e+00 1.419e-05 4.449e-02 9.282e-07 2.775e-04
2.000e+00 1.240e-05 4.281e-02 8.375e-07 3.567e-04
2.044e+00 1.187e-05 4.227e-02 8.101e-07 3.844e-04
2.065e+00 1.163e-05 4.202e-02 7.976e-07 3.978e-04
2.279e+00 9.541e-06 3.966e-02 6.886e-07 5.377e-04
2.516e+00 7.829e-06 3.742e-02 5.971e-07 6.981e-04
2.778e+00 6.424e-06 3.528e-02 5.198e-07 8.785e-04
3.000e+00 5.510e-06 3.367e-02 4.681e-07 1.032e-03
3.066e+00 5.276e-06 3.323e-02 4.545e-07 1.078e-03
3.385e+00 4.329e-06 3.125e-02 3.985e-07 1.296e-03
3.737e+00 3.552e-06 2.935e-02 3.505e-07 1.532e-03
4.000e+00 3.100e-06 2.809e-02 3.213e-07 1.703e-03
4.125e+00 2.915e-06 2.753e-02 3.091e-07 1.783e-03
4.554e+00 2.391e-06 2.581e-02 2.732e-07 2.050e-03
5.000e+00 1.984e-06 2.426e-02 2.437e-07 2.316e-03
5.027e+00 1.962e-06 2.417e-02 2.421e-07 2.332e-03
5.549e+00 1.610e-06 2.261e-02 2.149e-07 2.630e-03
6.000e+00 1.378e-06 2.144e-02 1.959e-07 2.876e-03
6.126e+00 1.321e-06 2.114e-02 1.912e-07 2.943e-03
6.762e+00 1.085e-06 1.974e-02 1.704e-07 3.264e-03
7.000e+00 1.012e-06 1.927e-02 1.637e-07 3.379e-03
7.465e+00 8.899e-07 1.842e-02 1.520e-07 3.598e-03
8.000e+00 7.749e-07 1.754e-02 1.405e-07 3.837e-03
8.241e+00 7.302e-07 1.717e-02 1.358e-07 3.941e-03
9.000e+00 6.123e-07 1.612e-02 1.230e-07 4.256e-03
9.097e+00 5.993e-07 1.600e-02 1.215e-07 4.294e-03
1.000e+01 4.960e-07 1.494e-02 1.093e-07 4.636e-03
1.004e+01 4.920e-07 1.490e-02 1.089e-07 4.651e-03
1.100e+01 4.098e-07 1.393e-02 9.843e-08 4.986e-03
1.109e+01 4.032e-07 1.385e-02 9.755e-08 5.015e-03
1.200e+01 3.444e-07 1.307e-02 8.947e-08 5.308e-03
1.224e+01 3.310e-07 1.287e-02 8.756e-08 5.382e-03
1.300e+01 2.935e-07 1.231e-02 8.201e-08 5.608e-03
1.351e+01 2.717e-07 1.196e-02 7.865e-08 5.753e-03
1.400e+01 2.530e-07 1.164e-02 7.568e-08 5.888e-03
1.491e+01 2.231e-07 1.111e-02 7.073e-08 6.128e-03
1.500e+01 2.204e-07 1.106e-02 7.027e-08 6.151e-03
1.600e+01 1.937e-07 1.053e-02 6.558e-08 6.398e-03
1.646e+01 1.830e-07 1.031e-02 6.362e-08 6.508e-03
1.800e+01 1.530e-07 9.622e-03 5.785e-08 6.853e-03
1.818e+01 1.500e-07 9.549e-03 5.724e-08 6.891e-03
2.000e+01 1.240e-07 8.872e-03 5.173e-08 7.260e-03
