# LITHIUM IODIDE from NIST Database
3.494e+00 0.000e+00 0.000e+00 0.000e+00 0.000e+00
3.000e+00 7.451e-03 3.500e+00 0.000e+00 0.000e+00
5.300e+01 7.472e-03 3.500e+00 0.000e+00 0.000e+00
0.000e+00 0.000e+00 0.000e+00 0.000e+00 0.000e+00
1.000e-03 8.003e+00 6.041e-03 8.628e+03 0.000e+00
1.020e-03 7.987e+00 6.227e-03 8.278e+03 0.000e+00
1.072e-03 7.944e+00 6.718e-03 7.461e+03 0.000e+00
1.072e-03 7.944e+00 6.718e-03 7.780e+03 0.000e+00
1.126e-03 7.899e+00 7.234e-03 6.983e+03 0.000e+00
1.243e-03 7.799e+00 8.368e-03 5.616e+03 0.000e+00
1.372e-03 7.683e+00 9.630e-03 4.518e+03 0.000e+00
1.500e-03 7.563e+00 1.088e-02 3.712e+03 0.000e+00
1.515e-03 7.549e+00 1.102e-02 3.626e+03 0.000e+00
1.672e-03 7.397e+00 1.253e-02 2.876e+03 0.000e+00
1.846e-03 7.226e+00 1.417e-02 2.279e+03 0.000e+00
2.000e-03 7.075e+00 1.560e-02 1.888e+03 0.000e+00
2.038e-03 7.037e+00 1.595e-02 1.802e+03 0.000e+00
2.250e-03 6.831e+00 1.788e-02 1.414e+03 0.000e+00
2.483e-03 6.608e+00 1.995e-02 1.110e+03 0.000e+00
2.741e-03 6.370e+00 2.218e-02 8.709e+02 0.000e+00
3.000e-03 6.140e+00 2.435e-02 6.978e+02 0.000e+00
3.026e-03 6.118e+00 2.456e-02 6.827e+02 0.000e+00
3.341e-03 5.852e+00 2.709e-02 5.313e+02 0.000e+00
3.688e-03 5.578e+00 2.974e-02 4.137e+02 0.000e+00
4.000e-03 5.346e+00 3.201e-02 3.368e+02 0.000e+00
4.071e-03 5.296e+00 3.251e-02 3.219e+02 0.000e+00
4.494e-03 5.008e+00 3.537e-02 2.496e+02 0.000e+00
4.557e-03 4.967e+00 3.579e-02 2.408e+02 0.000e+00
4.557e-03 4.967e+00 3.579e-02 7.110e+02 0.000e+00
4.702e-03 4.875e+00 3.673e-02 6.663e+02 0.000e+00
4.852e-03 4.782e+00 3.769e-02 6.246e+02 0.000e+00
4.852e-03 4.782e+00 3.769e-02 8.424e+02 0.000e+00
4.961e-03 4.716e+00 3.837e-02 8.068e+02 0.000e+00
5.000e-03 4.692e+00 3.861e-02 7.947e+02 0.000e+00
5.188e-03 4.580e+00 3.977e-02 7.222e+02 0.000e+00
5.188e-03 4.580e+00 3.977e-02 8.333e+02 0.000e+00
5.477e-03 4.414e+00 4.148e-02 7.287e+02 0.000e+00
6.000e-03 4.138e+00 4.444e-02 5.814e+02 0.000e+00
6.046e-03 4.114e+00 4.470e-02 5.698e+02 0.000e+00
6.675e-03 3.813e+00 4.804e-02 4.397e+02 0.000e+00
7.368e-03 3.515e+00 5.151e-02 3.395e+02 0.000e+00
8.000e-03 3.273e+00 5.452e-02 2.737e+02 0.000e+00
8.134e-03 3.224e+00 5.514e-02 2.619e+02 0.000e+00
8.979e-03 2.945e+00 5.891e-02 2.015e+02 0.000e+00
9.912e-03 2.680e+00 6.279e-02 1.550e+02 0.000e+00
1.000e-02 2.657e+00 6.314e-02 1.515e+02 0.000e+00
1.094e-02 2.433e+00 6.673e-02 1.187e+02 0.000e+00
1.208e-02 2.202e+00 7.071e-02 9.073e+01 0.000e+00
1.334e-02 1.986e+00 7.467e-02 6.933e+01 0.000e+00
1.472e-02 1.786e+00 7.853e-02 5.308e+01 0.000e+00
1.500e-02 1.750e+00 7.925e-02 5.044e+01 0.000e+00
1.625e-02 1.599e+00 8.227e-02 4.044e+01 0.000e+00
1.794e-02 1.425e+00 8.587e-02 3.077e+01 0.000e+00
1.980e-02 1.261e+00 8.930e-02 2.343e+01 0.000e+00
2.000e-02 1.245e+00 8.964e-02 2.279e+01 0.000e+00
2.186e-02 1.108e+00 9.256e-02 1.776e+01 0.000e+00
2.413e-02 9.678e-01 9.564e-02 1.347e+01 0.000e+00
2.664e-02 8.409e-01 9.852e-02 1.021e+01 0.000e+00
2.941e-02 7.283e-01 1.012e-01 7.735e+00 0.000e+00
3.000e-02 7.075e-01 1.017e-01 7.316e+00 0.000e+00
3.247e-02 6.297e-01 1.036e-01 5.849e+00 0.000e+00
3.317e-02 6.102e-01 1.041e-01 5.507e+00 0.000e+00
3.317e-02 6.102e-01 1.041e-01 3.326e+01 0.000e+00
3.584e-02 5.438e-01 1.058e-01 2.718e+01 0.000e+00
3.957e-02 4.687e-01 1.077e-01 2.098e+01 0.000e+00
4.000e-02 4.611e-01 1.079e-01 2.039e+01 0.000e+00
4.368e-02 4.035e-01 1.093e-01 1.616e+01 0.000e+00
4.822e-02 3.466e-01 1.107e-01 1.241e+01 0.000e+00
5.000e-02 3.275e-01 1.111e-01 1.125e+01 0.000e+00
5.323e-02 2.967e-01 1.117e-01 9.493e+00 0.000e+00
5.876e-02 2.530e-01 1.124e-01 7.239e+00 0.000e+00
6.000e-02 2.445e-01 1.126e-01 6.834e+00 0.000e+00
6.486e-02 2.149e-01 1.128e-01 5.512e+00 0.000e+00
7.161e-02 1.818e-01 1.129e-01 4.187e+00 0.000e+00
7.905e-02 1.535e-01 1.127e-01 3.177e+00 0.000e+00
8.000e-02 1.503e-01 1.127e-01 3.072e+00 0.000e+00
8.726e-02 1.293e-01 1.122e-01 2.406e+00 0.000e+00
9.633e-02 1.087e-01 1.113e-01 1.819e+00 0.000e+00
1.000e-01 1.018e-01 1.109e-01 1.636e+00 0.000e+00
1.063e-01 9.145e-02 1.102e-01 1.375e+00 0.000e+00
1.174e-01 7.673e-02 1.088e-01 1.036e+00 0.000e+00
1.296e-01 6.436e-02 1.071e-01 7.807e-01 0.000e+00
1.431e-01 5.390e-02 1.052e-01 5.880e-01 0.000e+00
1.500e-01 4.952e-02 1.042e-01 5.138e-01 0.000e+00
1.579e-01 4.513e-02 1.031e-01 4.436e-01 0.000e+00
1.743e-01 3.771e-02 1.009e-01 3.344e-01 0.000e+00
1.925e-01 3.143e-02 9.849e-02 2.519e-01 0.000e+00
2.000e-01 2.928e-02 9.754e-02 2.260e-01 0.000e+00
2.125e-01 2.617e-02 9.598e-02 1.902e-01 0.000e+00
2.345e-01 2.177e-02 9.338e-02 1.440e-01 0.000e+00
2.589e-01 1.807e-02 9.069e-02 1.091e-01 0.000e+00
2.858e-01 1.498e-02 8.793e-02 8.290e-02 0.000e+00
3.000e-01 1.366e-02 8.657e-02 7.253e-02 0.000e+00
3.155e-01 1.241e-02 8.514e-02 6.318e-02 0.000e+00
3.483e-01 1.027e-02 8.231e-02 4.832e-02 0.000e+00
3.845e-01 8.492e-03 7.947e-02 3.710e-02 0.000e+00
4.000e-01 7.869e-03 7.833e-02 3.343e-02 0.000e+00
4.245e-01 7.014e-03 7.662e-02 2.861e-02 0.000e+00
4.686e-01 5.791e-03 7.379e-02 2.219e-02 0.000e+00
5.000e-01 5.105e-03 7.193e-02 1.885e-02 0.000e+00
5.173e-01 4.778e-03 7.097e-02 1.732e-02 0.000e+00
5.710e-01 3.940e-03 6.817e-02 1.361e-02 0.000e+00
6.000e-01 3.577e-03 6.678e-02 1.208e-02 0.000e+00
6.304e-01 3.247e-03 6.540e-02 1.073e-02 0.000e+00
6.959e-01 2.675e-03 6.265e-02 8.517e-03 0.000e+00
7.682e-01 2.202e-03 5.996e-02 6.824e-03 0.000e+00
8.000e-01 2.033e-03 5.887e-02 6.254e-03 0.000e+00
8.480e-01 1.812e-03 5.733e-02 5.539e-03 0.000e+00
9.361e-01 1.490e-03 5.475e-02 4.512e-03 0.000e+00
1.000e+00 1.308e-03 5.302e-02 3.907e-03 0.000e+00
1.022e+00 1.253e-03 5.245e-02 3.719e-03 0.000e+00
1.033e+00 1.227e-03 5.217e-02 3.631e-03 4.479e-08
1.141e+00 1.008e-03 4.967e-02 2.968e-03 3.710e-05
1.250e+00 8.404e-04 4.747e-02 2.507e-03 1.789e-04
1.259e+00 8.285e-04 4.730e-02 2.475e-03 1.952e-04
1.390e+00 6.804e-04 4.495e-02 2.062e-03 4.981e-04
1.500e+00 5.847e-04 4.318e-02 1.795e-03 8.279e-04
1.535e+00 5.585e-04 4.265e-02 1.722e-03 9.440e-04
1.694e+00 4.590e-04 4.044e-02 1.448e-03 1.525e-03
1.870e+00 3.770e-04 3.829e-02 1.222e-03 2.239e-03
2.000e+00 3.298e-04 3.688e-02 1.092e-03 2.794e-03
2.044e+00 3.158e-04 3.642e-02 1.054e-03 2.984e-03
2.065e+00 3.094e-04 3.621e-02 1.036e-03 3.075e-03
2.279e+00 2.542e-04 3.422e-02 8.833e-04 4.007e-03
2.516e+00 2.086e-04 3.229e-02 7.562e-04 5.032e-03
2.778e+00 1.712e-04 3.043e-02 6.500e-04 6.141e-03
3.000e+00 1.468e-04 2.903e-02 5.795e-04 7.054e-03
3.066e+00 1.405e-04 2.865e-02 5.612e-04 7.321e-03
3.385e+00 1.154e-04 2.694e-02 4.858e-04 8.575e-03
3.737e+00 9.468e-05 2.530e-02 4.219e-04 9.897e-03
4.000e+00 8.265e-05 2.422e-02 3.837e-04 1.084e-02
4.125e+00 7.771e-05 2.375e-02 3.677e-04 1.128e-02
4.554e+00 6.376e-05 2.226e-02 3.213e-04 1.271e-02
5.000e+00 5.289e-05 2.092e-02 2.837e-04 1.412e-02
5.027e+00 5.233e-05 2.085e-02 2.817e-04 1.420e-02
5.549e+00 4.295e-05 1.951e-02 2.475e-04 1.573e-02
6.000e+00 3.674e-05 1.849e-02 2.238e-04 1.696e-02
6.126e+00 3.525e-05 1.823e-02 2.180e-04 1.729e-02
6.762e+00 2.893e-05 1.703e-02 1.925e-04 1.891e-02
7.000e+00 2.700e-05 1.662e-02 1.843e-04 1.948e-02
7.465e+00 2.374e-05 1.589e-02 1.702e-04 2.057e-02
8.000e+00 2.067e-05 1.513e-02 1.564e-04 2.175e-02
8.241e+00 1.948e-05 1.482e-02 1.509e-04 2.227e-02
9.000e+00 1.633e-05 1.391e-02 1.357e-04 2.382e-02
9.097e+00 1.598e-05 1.380e-02 1.339e-04 2.402e-02
1.000e+01 1.323e-05 1.289e-02 1.197e-04 2.572e-02
1.004e+01 1.312e-05 1.285e-02 1.191e-04 2.579e-02
1.100e+01 1.093e-05 1.202e-02 1.070e-04 2.747e-02
1.109e+01 1.076e-05 1.195e-02 1.060e-04 2.762e-02
1.200e+01 9.187e-06 1.127e-02 9.678e-05 2.908e-02
1.224e+01 8.830e-06 1.111e-02 9.460e-05 2.946e-02
1.300e+01 7.828e-06 1.062e-02 8.828e-05 3.060e-02
1.351e+01 7.250e-06 1.032e-02 8.448e-05 3.131e-02
1.400e+01 6.752e-06 1.005e-02 8.112e-05 3.198e-02
1.491e+01 5.950e-06 9.584e-03 7.556e-05 3.315e-02
1.500e+01 5.879e-06 9.541e-03 7.505e-05 3.327e-02
1.600e+01 5.168e-06 9.085e-03 6.983e-05 3.446e-02
1.646e+01 4.883e-06 8.890e-03 6.765e-05 3.499e-02
1.800e+01 4.084e-06 8.301e-03 6.124e-05 3.663e-02
1.818e+01 4.003e-06 8.237e-03 6.057e-05 3.682e-02
2.000e+01 3.308e-06 7.654e-03 5.453e-05 3.859e-02
