# LITHIUM OXIDE from NIST Database
2.013e+00 0.000e+00 0.000e+00 0.000e+00 0.000e+00
3.000e+00 6.675e-02 3.500e+00 0.000e+00 0.000e+00
8.000e+00 3.346e-02 3.500e+00 0.000e+00 0.000e+00
0.000e+00 0.000e+00 0.000e+00 0.000e+00 0.000e+00
1.000e-03 9.947e-01 1.886e-02 2.565e+03 0.000e+00
1.020e-03 9.907e-01 1.934e-02 2.433e+03 0.000e+00
1.126e-03 9.707e-01 2.188e-02 1.868e+03 0.000e+00
1.243e-03 9.498e-01 2.472e-02 1.433e+03 0.000e+00
1.372e-03 9.271e-01 2.779e-02 1.097e+03 0.000e+00
1.500e-03 9.041e-01 3.072e-02 8.593e+02 0.000e+00
1.515e-03 9.014e-01 3.105e-02 8.361e+02 0.000e+00
1.672e-03 8.725e-01 3.441e-02 6.360e+02 0.000e+00
1.846e-03 8.403e-01 3.793e-02 4.816e+02 0.000e+00
2.000e-03 8.120e-01 4.094e-02 3.838e+02 0.000e+00
2.038e-03 8.051e-01 4.168e-02 3.638e+02 0.000e+00
2.250e-03 7.674e-01 4.573e-02 2.742e+02 0.000e+00
2.483e-03 7.273e-01 5.008e-02 2.065e+02 0.000e+00
2.741e-03 6.848e-01 5.478e-02 1.550e+02 0.000e+00
3.000e-03 6.443e-01 5.937e-02 1.190e+02 0.000e+00
3.026e-03 6.403e-01 5.983e-02 1.161e+02 0.000e+00
3.341e-03 5.943e-01 6.521e-02 8.668e+01 0.000e+00
3.688e-03 5.477e-01 7.089e-02 6.465e+01 0.000e+00
4.000e-03 5.093e-01 7.574e-02 5.074e+01 0.000e+00
4.071e-03 5.010e-01 7.681e-02 4.813e+01 0.000e+00
4.494e-03 4.550e-01 8.293e-02 3.577e+01 0.000e+00
4.961e-03 4.105e-01 8.917e-02 2.653e+01 0.000e+00
5.000e-03 4.071e-01 8.966e-02 2.591e+01 0.000e+00
5.477e-03 3.681e-01 9.544e-02 1.963e+01 0.000e+00
6.000e-03 3.312e-01 1.012e-01 1.486e+01 0.000e+00
6.046e-03 3.282e-01 1.016e-01 1.451e+01 0.000e+00
6.675e-03 2.912e-01 1.076e-01 1.071e+01 0.000e+00
7.368e-03 2.573e-01 1.134e-01 7.890e+00 0.000e+00
8.000e-03 2.314e-01 1.180e-01 6.113e+00 0.000e+00
8.134e-03 2.265e-01 1.189e-01 5.805e+00 0.000e+00
8.979e-03 1.988e-01 1.240e-01 4.266e+00 0.000e+00
9.912e-03 1.742e-01 1.287e-01 3.130e+00 0.000e+00
1.000e-02 1.721e-01 1.291e-01 3.044e+00 0.000e+00
1.094e-02 1.524e-01 1.330e-01 2.294e+00 0.000e+00
1.208e-02 1.330e-01 1.369e-01 1.677e+00 0.000e+00
1.334e-02 1.159e-01 1.405e-01 1.223e+00 0.000e+00
1.472e-02 1.009e-01 1.436e-01 8.939e-01 0.000e+00
1.500e-02 9.821e-02 1.441e-01 8.416e-01 0.000e+00
1.625e-02 8.757e-02 1.464e-01 6.514e-01 0.000e+00
1.794e-02 7.580e-02 1.488e-01 4.741e-01 0.000e+00
1.980e-02 6.542e-02 1.509e-01 3.450e-01 0.000e+00
2.000e-02 6.443e-02 1.511e-01 3.340e-01 0.000e+00
2.186e-02 5.621e-02 1.526e-01 2.505e-01 0.000e+00
2.413e-02 4.811e-02 1.539e-01 1.818e-01 0.000e+00
2.664e-02 4.100e-02 1.549e-01 1.318e-01 0.000e+00
2.941e-02 3.481e-02 1.555e-01 9.541e-02 0.000e+00
3.000e-02 3.366e-02 1.556e-01 8.942e-02 0.000e+00
3.247e-02 2.943e-02 1.558e-01 6.903e-02 0.000e+00
3.584e-02 2.482e-02 1.557e-01 4.994e-02 0.000e+00
3.957e-02 2.086e-02 1.552e-01 3.608e-02 0.000e+00
4.000e-02 2.047e-02 1.552e-01 3.482e-02 0.000e+00
4.368e-02 1.750e-02 1.545e-01 2.607e-02 0.000e+00
4.822e-02 1.465e-02 1.534e-01 1.882e-02 0.000e+00
5.000e-02 1.372e-02 1.529e-01 1.670e-02 0.000e+00
5.323e-02 1.225e-02 1.520e-01 1.358e-02 0.000e+00
5.876e-02 1.022e-02 1.503e-01 9.799e-03 0.000e+00
6.000e-02 9.831e-03 1.500e-01 9.145e-03 0.000e+00
6.486e-02 8.511e-03 1.484e-01 7.070e-03 0.000e+00
7.161e-02 7.074e-03 1.463e-01 5.097e-03 0.000e+00
7.905e-02 5.873e-03 1.439e-01 3.676e-03 0.000e+00
8.000e-02 5.742e-03 1.436e-01 3.534e-03 0.000e+00
8.726e-02 4.870e-03 1.413e-01 2.652e-03 0.000e+00
9.633e-02 4.032e-03 1.386e-01 1.914e-03 0.000e+00
1.000e-01 3.753e-03 1.375e-01 1.692e-03 0.000e+00
1.063e-01 3.337e-03 1.357e-01 1.383e-03 0.000e+00
1.174e-01 2.754e-03 1.326e-01 9.975e-04 0.000e+00
1.296e-01 2.273e-03 1.294e-01 7.211e-04 0.000e+00
1.431e-01 1.873e-03 1.261e-01 5.215e-04 0.000e+00
1.500e-01 1.708e-03 1.245e-01 4.473e-04 0.000e+00
1.579e-01 1.545e-03 1.227e-01 3.785e-04 0.000e+00
1.743e-01 1.272e-03 1.192e-01 2.748e-04 0.000e+00
1.925e-01 1.046e-03 1.157e-01 1.996e-04 0.000e+00
2.000e-01 9.696e-04 1.143e-01 1.767e-04 0.000e+00
2.125e-01 8.601e-04 1.121e-01 1.457e-04 0.000e+00
2.345e-01 7.076e-04 1.085e-01 1.068e-04 0.000e+00
2.589e-01 5.815e-04 1.049e-01 7.840e-05 0.000e+00
2.858e-01 4.778e-04 1.013e-01 5.785e-05 0.000e+00
3.000e-01 4.339e-04 9.958e-02 4.992e-05 0.000e+00
3.155e-01 3.925e-04 9.775e-02 4.288e-05 0.000e+00
3.483e-01 3.224e-04 9.419e-02 3.195e-05 0.000e+00
3.845e-01 2.647e-04 9.067e-02 2.394e-05 0.000e+00
4.000e-01 2.447e-04 8.928e-02 2.137e-05 0.000e+00
4.245e-01 2.173e-04 8.720e-02 1.805e-05 0.000e+00
4.686e-01 1.784e-04 8.378e-02 1.372e-05 0.000e+00
5.000e-01 1.568e-04 8.157e-02 1.152e-05 0.000e+00
5.173e-01 1.465e-04 8.041e-02 1.053e-05 0.000e+00
5.710e-01 1.203e-04 7.710e-02 8.153e-06 0.000e+00
6.000e-01 1.089e-04 7.546e-02 7.174e-06 0.000e+00
6.304e-01 9.871e-05 7.385e-02 6.311e-06 0.000e+00
6.959e-01 8.103e-05 7.067e-02 4.915e-06 0.000e+00
7.682e-01 6.651e-05 6.757e-02 3.925e-06 0.000e+00
8.000e-01 6.132e-05 6.632e-02 3.621e-06 0.000e+00
8.480e-01 5.457e-05 6.454e-02 3.263e-06 0.000e+00
9.361e-01 4.478e-05 6.158e-02 2.695e-06 0.000e+00
1.000e+00 3.925e-05 5.964e-02 2.251e-06 0.000e+00
1.022e+00 3.759e-05 5.901e-02 2.096e-06 0.000e+00
1.033e+00 3.680e-05 5.870e-02 2.028e-06 2.577e-09
1.141e+00 3.017e-05 5.586e-02 1.631e-06 2.447e-06
1.250e+00 2.514e-05 5.333e-02 1.423e-06 1.324e-05
1.259e+00 2.478e-05 5.313e-02 1.407e-06 1.457e-05
1.390e+00 2.032e-05 5.046e-02 1.187e-06 4.129e-05
1.500e+00 1.745e-05 4.847e-02 1.033e-06 7.337e-05
1.535e+00 1.666e-05 4.787e-02 9.914e-07 8.518e-05
1.694e+00 1.369e-05 4.540e-02 8.407e-07 1.470e-04
1.870e+00 1.123e-05 4.298e-02 7.200e-07 2.274e-04
2.000e+00 9.818e-06 4.137e-02 6.496e-07 2.923e-04
2.044e+00 9.399e-06 4.085e-02 6.283e-07 3.151e-04
2.065e+00 9.208e-06 4.060e-02 6.187e-07 3.260e-04
2.279e+00 7.558e-06 3.833e-02 5.341e-07 4.408e-04
2.516e+00 6.202e-06 3.617e-02 4.630e-07 5.726e-04
2.778e+00 5.088e-06 3.409e-02 4.031e-07 7.212e-04
3.000e+00 4.364e-06 3.254e-02 3.630e-07 8.478e-04
3.066e+00 4.178e-06 3.211e-02 3.525e-07 8.853e-04
3.385e+00 3.428e-06 3.019e-02 3.090e-07 1.066e-03
3.737e+00 2.813e-06 2.836e-02 2.717e-07 1.261e-03
4.000e+00 2.455e-06 2.714e-02 2.492e-07 1.403e-03
4.125e+00 2.308e-06 2.661e-02 2.397e-07 1.470e-03
4.554e+00 1.894e-06 2.494e-02 2.118e-07 1.691e-03
5.000e+00 1.571e-06 2.344e-02 1.889e-07 1.914e-03
5.027e+00 1.554e-06 2.335e-02 1.877e-07 1.926e-03
5.549e+00 1.275e-06 2.185e-02 1.666e-07 2.175e-03
6.000e+00 1.091e-06 2.072e-02 1.519e-07 2.379e-03
6.126e+00 1.046e-06 2.042e-02 1.482e-07 2.436e-03
6.762e+00 8.589e-07 1.908e-02 1.321e-07 2.704e-03
7.000e+00 8.015e-07 1.862e-02 1.269e-07 2.801e-03
7.465e+00 7.048e-07 1.780e-02 1.178e-07 2.982e-03
8.000e+00 6.137e-07 1.695e-02 1.089e-07 3.183e-03
8.241e+00 5.783e-07 1.659e-02 1.053e-07 3.270e-03
9.000e+00 4.849e-07 1.558e-02 9.533e-08 3.534e-03
9.097e+00 4.746e-07 1.546e-02 9.419e-08 3.565e-03
1.000e+01 3.928e-07 1.444e-02 8.476e-08 3.852e-03
1.004e+01 3.896e-07 1.439e-02 8.439e-08 3.865e-03
1.100e+01 3.246e-07 1.346e-02 7.630e-08 4.146e-03
1.109e+01 3.193e-07 1.338e-02 7.562e-08 4.170e-03
1.200e+01 2.727e-07 1.262e-02 6.935e-08 4.415e-03
1.224e+01 2.621e-07 1.244e-02 6.787e-08 4.477e-03
1.300e+01 2.324e-07 1.189e-02 6.356e-08 4.668e-03
1.351e+01 2.152e-07 1.156e-02 6.096e-08 4.790e-03
1.400e+01 2.004e-07 1.125e-02 5.866e-08 4.903e-03
1.491e+01 1.767e-07 1.073e-02 5.482e-08 5.104e-03
1.500e+01 1.746e-07 1.068e-02 5.447e-08 5.123e-03
1.600e+01 1.534e-07 1.018e-02 5.083e-08 5.332e-03
1.646e+01 1.449e-07 9.958e-03 4.931e-08 5.425e-03
1.800e+01 1.212e-07 9.298e-03 4.484e-08 5.714e-03
1.818e+01 1.188e-07 9.227e-03 4.436e-08 5.746e-03
2.000e+01 9.818e-08 8.574e-03 4.009e-08 6.058e-03
