# LUTETIUM from NIST Database
9.840e+00 0.000e+00 0.000e+00 0.000e+00 0.000e+00
7.100e+01 1.000e+00 3.500e+00 0.000e+00 0.000e+00
0.000e+00 0.000e+00 0.000e+00 0.000e+00 0.000e+00
1.000e-03 1.103e+01 4.743e-03 3.176e+03 0.000e+00
1.020e-03 1.101e+01 4.867e-03 3.053e+03 0.000e+00
1.126e-03 1.091e+01 5.538e-03 2.506e+03 0.000e+00
1.243e-03 1.081e+01 6.292e-03 2.057e+03 0.000e+00
1.372e-03 1.069e+01 7.129e-03 1.689e+03 0.000e+00
1.500e-03 1.056e+01 7.954e-03 1.414e+03 0.000e+00
1.515e-03 1.055e+01 8.050e-03 1.384e+03 0.000e+00
1.588e-03 1.047e+01 8.515e-03 1.254e+03 0.000e+00
1.588e-03 1.047e+01 8.515e-03 1.559e+03 0.000e+00
1.614e-03 1.045e+01 8.673e-03 2.304e+03 0.000e+00
1.639e-03 1.042e+01 8.832e-03 3.395e+03 0.000e+00
1.639e-03 1.042e+01 8.832e-03 3.893e+03 0.000e+00
1.672e-03 1.039e+01 9.033e-03 3.846e+03 0.000e+00
1.846e-03 1.023e+01 1.010e-02 3.617e+03 0.000e+00
2.000e-03 1.006e+01 1.104e-02 3.442e+03 0.000e+00
2.024e-03 1.004e+01 1.119e-02 3.342e+03 0.000e+00
2.024e-03 1.004e+01 1.119e-02 3.879e+03 0.000e+00
2.038e-03 1.002e+01 1.128e-02 3.813e+03 0.000e+00
2.250e-03 9.801e+00 1.258e-02 3.003e+03 0.000e+00
2.263e-03 9.789e+00 1.267e-02 2.960e+03 0.000e+00
2.263e-03 9.789e+00 1.267e-02 3.146e+03 0.000e+00
2.483e-03 9.587e+00 1.402e-02 2.541e+03 0.000e+00
2.491e-03 9.579e+00 1.407e-02 2.522e+03 0.000e+00
2.491e-03 9.579e+00 1.407e-02 2.631e+03 0.000e+00
2.741e-03 9.327e+00 1.559e-02 2.102e+03 0.000e+00
3.000e-03 9.059e+00 1.714e-02 1.701e+03 0.000e+00
3.026e-03 9.033e+00 1.729e-02 1.666e+03 0.000e+00
3.341e-03 8.720e+00 1.914e-02 1.311e+03 0.000e+00
3.688e-03 8.389e+00 2.115e-02 1.032e+03 0.000e+00
4.000e-03 8.099e+00 2.291e-02 8.477e+02 0.000e+00
4.071e-03 8.033e+00 2.330e-02 8.114e+02 0.000e+00
4.494e-03 7.652e+00 2.562e-02 6.343e+02 0.000e+00
4.961e-03 7.250e+00 2.809e-02 4.959e+02 0.000e+00
5.000e-03 7.218e+00 2.829e-02 4.863e+02 0.000e+00
5.477e-03 6.833e+00 3.070e-02 3.861e+02 0.000e+00
6.000e-03 6.440e+00 3.323e-02 3.064e+02 0.000e+00
6.046e-03 6.406e+00 3.344e-02 3.004e+02 0.000e+00
6.675e-03 5.972e+00 3.630e-02 2.329e+02 0.000e+00
7.368e-03 5.537e+00 3.927e-02 1.806e+02 0.000e+00
8.000e-03 5.177e+00 4.182e-02 1.461e+02 0.000e+00
8.134e-03 5.104e+00 4.234e-02 1.399e+02 0.000e+00
8.979e-03 4.680e+00 4.551e-02 1.082e+02 0.000e+00
9.244e-03 4.557e+00 4.647e-02 1.003e+02 0.000e+00
9.244e-03 4.557e+00 4.647e-02 2.657e+02 0.000e+00
9.912e-03 4.267e+00 4.878e-02 2.218e+02 0.000e+00
1.000e-02 4.230e+00 4.908e-02 2.168e+02 0.000e+00
1.035e-02 4.089e+00 5.025e-02 1.978e+02 0.000e+00
1.035e-02 4.089e+00 5.025e-02 2.716e+02 0.000e+00
1.061e-02 3.990e+00 5.109e-02 2.558e+02 0.000e+00
1.087e-02 3.893e+00 5.194e-02 2.410e+02 0.000e+00
1.087e-02 3.893e+00 5.194e-02 2.786e+02 0.000e+00
1.094e-02 3.868e+00 5.216e-02 2.741e+02 0.000e+00
1.208e-02 3.486e+00 5.563e-02 2.125e+02 0.000e+00
1.334e-02 3.123e+00 5.919e-02 1.647e+02 0.000e+00
1.472e-02 2.788e+00 6.280e-02 1.279e+02 0.000e+00
1.500e-02 2.728e+00 6.350e-02 1.219e+02 0.000e+00
1.625e-02 2.481e+00 6.650e-02 9.856e+01 0.000e+00
1.794e-02 2.203e+00 7.023e-02 7.581e+01 0.000e+00
1.980e-02 1.952e+00 7.393e-02 5.836e+01 0.000e+00
2.000e-02 1.928e+00 7.431e-02 5.683e+01 0.000e+00
2.186e-02 1.726e+00 7.760e-02 4.469e+01 0.000e+00
2.413e-02 1.523e+00 8.116e-02 3.422e+01 0.000e+00
2.664e-02 1.338e+00 8.458e-02 2.620e+01 0.000e+00
2.941e-02 1.171e+00 8.780e-02 2.005e+01 0.000e+00
3.000e-02 1.139e+00 8.842e-02 1.901e+01 0.000e+00
3.247e-02 1.019e+00 9.078e-02 1.530e+01 0.000e+00
3.584e-02 8.823e-01 9.348e-02 1.166e+01 0.000e+00
3.957e-02 7.603e-01 9.589e-02 8.889e+00 0.000e+00
4.000e-02 7.479e-01 9.613e-02 8.629e+00 0.000e+00
4.368e-02 6.531e-01 9.798e-02 6.762e+00 0.000e+00
4.822e-02 5.597e-01 9.978e-02 5.141e+00 0.000e+00
5.000e-02 5.287e-01 1.004e-01 4.650e+00 0.000e+00
5.323e-02 4.790e-01 1.013e-01 3.906e+00 0.000e+00
5.876e-02 4.096e-01 1.025e-01 2.965e+00 0.000e+00
6.000e-02 3.962e-01 1.027e-01 2.798e+00 0.000e+00
6.331e-02 3.635e-01 1.031e-01 2.407e+00 0.000e+00
6.331e-02 3.635e-01 1.031e-01 1.259e+01 0.000e+00
6.486e-02 3.497e-01 1.033e-01 1.182e+01 0.000e+00
7.161e-02 2.981e-01 1.038e-01 9.114e+00 0.000e+00
7.905e-02 2.537e-01 1.041e-01 7.026e+00 0.000e+00
8.000e-02 2.487e-01 1.041e-01 6.808e+00 0.000e+00
8.726e-02 2.151e-01 1.040e-01 5.408e+00 0.000e+00
9.633e-02 1.817e-01 1.037e-01 4.155e+00 0.000e+00
1.000e-01 1.704e-01 1.034e-01 3.759e+00 0.000e+00
1.063e-01 1.532e-01 1.030e-01 3.189e+00 0.000e+00
1.174e-01 1.287e-01 1.020e-01 2.439e+00 0.000e+00
1.296e-01 1.080e-01 1.008e-01 1.865e+00 0.000e+00
1.431e-01 9.050e-02 9.932e-02 1.423e+00 0.000e+00
1.500e-01 8.319e-02 9.854e-02 1.252e+00 0.000e+00
1.579e-01 7.588e-02 9.764e-02 1.088e+00 0.000e+00
1.743e-01 6.354e-02 9.574e-02 8.306e-01 0.000e+00
1.925e-01 5.312e-02 9.367e-02 6.333e-01 0.000e+00
2.000e-01 4.956e-02 9.283e-02 5.707e-01 0.000e+00
2.125e-01 4.439e-02 9.146e-02 4.839e-01 0.000e+00
2.345e-01 3.706e-02 8.914e-02 3.705e-01 0.000e+00
2.589e-01 3.088e-02 8.671e-02 2.838e-01 0.000e+00
2.858e-01 2.570e-02 8.420e-02 2.179e-01 0.000e+00
3.000e-01 2.348e-02 8.295e-02 1.916e-01 0.000e+00
3.155e-01 2.136e-02 8.163e-02 1.678e-01 0.000e+00
3.483e-01 1.773e-02 7.902e-02 1.297e-01 0.000e+00
3.845e-01 1.470e-02 7.637e-02 1.005e-01 0.000e+00
4.000e-01 1.363e-02 7.531e-02 9.093e-02 0.000e+00
4.245e-01 1.217e-02 7.370e-02 7.828e-02 0.000e+00
4.686e-01 1.007e-02 7.103e-02 6.125e-02 0.000e+00
5.000e-01 8.887e-03 6.928e-02 5.228e-02 0.000e+00
5.173e-01 8.323e-03 6.837e-02 4.816e-02 0.000e+00
5.710e-01 6.879e-03 6.574e-02 3.809e-02 0.000e+00
6.000e-01 6.250e-03 6.443e-02 3.393e-02 0.000e+00
6.304e-01 5.679e-03 6.313e-02 3.027e-02 0.000e+00
6.959e-01 4.686e-03 6.053e-02 2.420e-02 0.000e+00
7.682e-01 3.864e-03 5.795e-02 1.946e-02 0.000e+00
8.000e-01 3.569e-03 5.689e-02 1.783e-02 0.000e+00
8.480e-01 3.184e-03 5.539e-02 1.574e-02 0.000e+00
9.361e-01 2.623e-03 5.289e-02 1.281e-02 0.000e+00
1.000e+00 2.304e-03 5.128e-02 1.119e-02 0.000e+00
1.022e+00 2.208e-03 5.077e-02 1.071e-02 0.000e+00
1.033e+00 2.162e-03 5.051e-02 1.048e-02 7.206e-08
1.141e+00 1.777e-03 4.812e-02 8.607e-03 6.152e-05
1.250e+00 1.484e-03 4.595e-02 7.221e-03 3.030e-04
1.259e+00 1.464e-03 4.578e-02 7.123e-03 3.310e-04
1.390e+00 1.203e-03 4.351e-02 5.919e-03 8.522e-04
1.500e+00 1.035e-03 4.182e-02 5.149e-03 1.410e-03
1.535e+00 9.884e-04 4.131e-02 4.939e-03 1.603e-03
1.694e+00 8.129e-04 3.920e-02 4.146e-03 2.531e-03
1.870e+00 6.680e-04 3.712e-02 3.495e-03 3.610e-03
2.000e+00 5.844e-04 3.573e-02 3.120e-03 4.419e-03
2.044e+00 5.596e-04 3.528e-02 3.009e-03 4.695e-03
2.065e+00 5.484e-04 3.507e-02 2.958e-03 4.826e-03
2.279e+00 4.506e-04 3.312e-02 2.517e-03 6.142e-03
2.516e+00 3.700e-04 3.126e-02 2.150e-03 7.547e-03
2.778e+00 3.037e-04 2.948e-02 1.842e-03 9.031e-03
3.000e+00 2.606e-04 2.814e-02 1.639e-03 1.024e-02
3.066e+00 2.495e-04 2.777e-02 1.586e-03 1.058e-02
3.385e+00 2.048e-04 2.612e-02 1.369e-03 1.222e-02
3.737e+00 1.681e-04 2.454e-02 1.186e-03 1.393e-02
4.000e+00 1.468e-04 2.349e-02 1.077e-03 1.514e-02
4.125e+00 1.380e-04 2.302e-02 1.031e-03 1.569e-02
4.554e+00 1.132e-04 2.158e-02 8.990e-04 1.751e-02
5.000e+00 9.396e-05 2.029e-02 7.916e-04 1.928e-02
5.027e+00 9.296e-05 2.021e-02 7.859e-04 1.938e-02
5.549e+00 7.632e-05 1.891e-02 6.889e-04 2.130e-02
6.000e+00 6.529e-05 1.794e-02 6.219e-04 2.285e-02
6.126e+00 6.264e-05 1.768e-02 6.054e-04 2.327e-02
6.762e+00 5.142e-05 1.652e-02 5.334e-04 2.528e-02
7.000e+00 4.798e-05 1.612e-02 5.104e-04 2.600e-02
7.465e+00 4.218e-05 1.541e-02 4.706e-04 2.735e-02
8.000e+00 3.672e-05 1.467e-02 4.316e-04 2.885e-02
8.241e+00 3.461e-05 1.437e-02 4.160e-04 2.949e-02
9.000e+00 2.903e-05 1.349e-02 3.734e-04 3.142e-02
9.097e+00 2.841e-05 1.338e-02 3.686e-04 3.167e-02
1.000e+01 2.351e-05 1.250e-02 3.289e-04 3.379e-02
1.004e+01 2.332e-05 1.246e-02 3.274e-04 3.388e-02
1.100e+01 1.943e-05 1.166e-02 2.937e-04 3.598e-02
1.109e+01 1.912e-05 1.159e-02 2.908e-04 3.617e-02
1.200e+01 1.633e-05 1.093e-02 2.651e-04 3.804e-02
1.224e+01 1.569e-05 1.077e-02 2.590e-04 3.851e-02
1.300e+01 1.392e-05 1.030e-02 2.415e-04 3.993e-02
1.351e+01 1.289e-05 1.001e-02 2.310e-04 4.086e-02
1.400e+01 1.200e-05 9.744e-03 2.218e-04 4.171e-02
1.491e+01 1.058e-05 9.294e-03 2.063e-04 4.322e-02
1.500e+01 1.045e-05 9.252e-03 2.049e-04 4.336e-02
1.600e+01 9.186e-06 8.811e-03 1.904e-04 4.489e-02
1.646e+01 8.681e-06 8.623e-03 1.844e-04 4.558e-02
1.800e+01 7.259e-06 8.051e-03 1.668e-04 4.770e-02
1.818e+01 7.116e-06 7.989e-03 1.650e-04 4.794e-02
2.000e+01 5.879e-06 7.424e-03 1.483e-04 5.016e-02
