1.190E+00 0.000E+00 0.000E+00 0.000E+00 0.000E+00
1.000E-03 1.155E+00 1.435E-02 2.792E+03 0.000E+00
1.020E-03 1.150E+00 1.486E-02 2.646E+03 0.000E+00
1.126E-03 1.127E+00 1.765E-02 2.019E+03 0.000E+00
1.243E-03 1.101E+00 2.094E-02 1.540E+03 0.000E+00
1.372E-03 1.073E+00 2.474E-02 1.172E+03 0.000E+00
1.500E-03 1.044E+00 2.863E-02 9.143E+02 0.000E+00
1.515E-03 1.040E+00 2.909E-02 8.891E+02 0.000E+00
1.672E-03 1.003E+00 3.396E-02 6.729E+02 0.000E+00
1.846E-03 9.603E-01 3.939E-02 5.072E+02 0.000E+00
2.000E-03 9.226E-01 4.418E-02 4.027E+02 0.000E+00
2.038E-03 9.134E-01 4.536E-02 3.814E+02 0.000E+00
2.250E-03 8.627E-01 5.185E-02 2.862E+02 0.000E+00
2.483E-03 8.093E-01 5.877E-02 2.146E+02 0.000E+00
2.741E-03 7.535E-01 6.612E-02 1.605E+02 0.000E+00
3.000E-03 7.012E-01 7.309E-02 1.228E+02 0.000E+00
3.026E-03 6.962E-01 7.377E-02 1.197E+02 0.000E+00
3.341E-03 6.383E-01 8.160E-02 8.911E+01 0.000E+00
3.688E-03 5.812E-01 8.946E-02 6.624E+01 0.000E+00
4.000E-03 5.355E-01 9.586E-02 5.184E+01 0.000E+00
4.071E-03 5.258E-01 9.723E-02 4.915E+01 0.000E+00
4.494E-03 4.729E-01 1.048E-01 3.641E+01 0.000E+00
4.961E-03 4.234E-01 1.120E-01 2.692E+01 0.000E+00
5.000E-03 4.196E-01 1.126E-01 2.628E+01 0.000E+00
5.477E-03 3.776E-01 1.189E-01 1.986E+01 0.000E+00
6.000E-03 3.390E-01 1.248E-01 1.499E+01 0.000E+00
6.046E-03 3.359E-01 1.252E-01 1.464E+01 0.000E+00
6.675E-03 2.981E-01 1.312E-01 1.077E+01 0.000E+00
7.368E-03 2.643E-01 1.367E-01 7.911E+00 0.000E+00
8.000E-03 2.389E-01 1.410E-01 6.114E+00 0.000E+00
8.134E-03 2.340E-01 1.418E-01 5.803E+00 0.000E+00
8.979E-03 2.071E-01 1.465E-01 4.252E+00 0.000E+00
9.912E-03 1.832E-01 1.509E-01 3.111E+00 0.000E+00
1.000E-02 1.812E-01 1.513E-01 3.025E+00 0.000E+00
1.094E-02 1.618E-01 1.551E-01 2.274E+00 0.000E+00
1.208E-02 1.426E-01 1.589E-01 1.658E+00 0.000E+00
1.334E-02 1.254E-01 1.625E-01 1.207E+00 0.000E+00
1.472E-02 1.099E-01 1.658E-01 8.796E-01 0.000E+00
1.500E-02 1.071E-01 1.664E-01 8.279E-01 0.000E+00
1.625E-02 9.593E-02 1.688E-01 6.395E-01 0.000E+00
1.794E-02 8.333E-02 1.716E-01 4.644E-01 0.000E+00
1.980E-02 7.208E-02 1.739E-01 3.371E-01 0.000E+00
2.000E-02 7.100E-02 1.741E-01 3.263E-01 0.000E+00
2.186E-02 6.200E-02 1.759E-01 2.443E-01 0.000E+00
2.413E-02 5.310E-02 1.774E-01 1.769E-01 0.000E+00
2.664E-02 4.527E-02 1.785E-01 1.280E-01 0.000E+00
2.941E-02 3.845E-02 1.792E-01 9.253E-02 0.000E+00
3.000E-02 3.720E-02 1.793E-01 8.668E-02 0.000E+00
3.247E-02 3.254E-02 1.795E-01 6.683E-02 0.000E+00
3.584E-02 2.747E-02 1.794E-01 4.827E-02 0.000E+00
3.957E-02 2.312E-02 1.788E-01 3.482E-02 0.000E+00
4.000E-02 2.268E-02 1.788E-01 3.360E-02 0.000E+00
4.368E-02 1.941E-02 1.779E-01 2.512E-02 0.000E+00
4.822E-02 1.626E-02 1.767E-01 1.811E-02 0.000E+00
5.000E-02 1.523E-02 1.761E-01 1.606E-02 0.000E+00
5.323E-02 1.360E-02 1.751E-01 1.305E-02 0.000E+00
5.876E-02 1.135E-02 1.731E-01 9.403E-03 0.000E+00
6.000E-02 1.092E-02 1.727E-01 8.773E-03 0.000E+00
6.486E-02 9.457E-03 1.709E-01 6.775E-03 0.000E+00
7.161E-02 7.862E-03 1.684E-01 4.878E-03 0.000E+00
7.905E-02 6.527E-03 1.657E-01 3.514E-03 0.000E+00
8.000E-02 6.381E-03 1.654E-01 3.378E-03 0.000E+00
8.726E-02 5.410E-03 1.627E-01 2.533E-03 0.000E+00
9.633E-02 4.478E-03 1.596E-01 1.825E-03 0.000E+00
1.000E-01 4.167E-03 1.583E-01 1.613E-03 0.000E+00
1.063E-01 3.704E-03 1.562E-01 1.318E-03 0.000E+00
1.174E-01 3.056E-03 1.527E-01 9.499E-04 0.000E+00
1.296E-01 2.521E-03 1.490E-01 6.863E-04 0.000E+00
1.431E-01 2.077E-03 1.452E-01 4.960E-04 0.000E+00
1.500E-01 1.894E-03 1.433E-01 4.253E-04 0.000E+00
1.579E-01 1.713E-03 1.413E-01 3.598E-04 0.000E+00
1.743E-01 1.410E-03 1.373E-01 2.611E-04 0.000E+00
1.925E-01 1.159E-03 1.332E-01 1.896E-04 0.000E+00
2.000E-01 1.075E-03 1.316E-01 1.677E-04 0.000E+00
2.125E-01 9.530E-04 1.291E-01 1.382E-04 0.000E+00
2.345E-01 7.840E-04 1.250E-01 1.012E-04 0.000E+00
2.589E-01 6.442E-04 1.208E-01 7.427E-05 0.000E+00
2.858E-01 5.293E-04 1.167E-01 5.477E-05 0.000E+00
3.000E-01 4.807E-04 1.146E-01 4.724E-05 0.000E+00
3.155E-01 4.348E-04 1.125E-01 4.058E-05 0.000E+00
3.483E-01 3.571E-04 1.084E-01 3.022E-05 0.000E+00
3.845E-01 2.932E-04 1.044E-01 2.263E-05 0.000E+00
4.000E-01 2.710E-04 1.028E-01 2.020E-05 0.000E+00
4.245E-01 2.407E-04 1.004E-01 1.706E-05 0.000E+00
4.686E-01 1.976E-04 9.647E-02 1.296E-05 0.000E+00
5.000E-01 1.736E-04 9.392E-02 1.088E-05 0.000E+00
5.173E-01 1.622E-04 9.259E-02 9.947E-06 0.000E+00
5.710E-01 1.332E-04 8.877E-02 7.700E-06 0.000E+00
6.000E-01 1.206E-04 8.688E-02 6.773E-06 0.000E+00
6.304E-01 1.093E-04 8.502E-02 5.954E-06 0.000E+00
6.959E-01 8.972E-05 8.137E-02 4.631E-06 0.000E+00
7.682E-01 7.363E-05 7.779E-02 3.699E-06 0.000E+00
8.000E-01 6.790E-05 7.634E-02 3.417E-06 0.000E+00
8.480E-01 6.043E-05 7.427E-02 3.089E-06 0.000E+00
9.361E-01 4.959E-05 7.086E-02 2.556E-06 0.000E+00
1.000E+00 4.347E-05 6.865E-02 2.124E-06 0.000E+00
1.022E+00 4.162E-05 6.794E-02 1.972E-06 0.000E+00
1.033E+00 4.074E-05 6.759E-02 1.906E-06 0.000E+00
1.141E+00 3.340E-05 6.433E-02 1.528E-06 0.000E+00
1.250E+00 2.783E-05 6.139E-02 1.339E-06 0.000E+00
1.259E+00 2.743E-05 6.116E-02 1.324E-06 0.000E+00
1.390E+00 2.250E-05 5.809E-02 1.117E-06 0.000E+00
1.500E+00 1.932E-05 5.580E-02 9.717E-07 0.000E+00
1.535E+00 1.845E-05 5.512E-02 9.327E-07 0.000E+00
1.694E+00 1.515E-05 5.226E-02 7.910E-07 0.000E+00
1.870E+00 1.244E-05 4.947E-02 6.780E-07 0.000E+00
2.000E+00 1.087E-05 4.762E-02 6.120E-07 0.000E+00
2.044E+00 1.041E-05 4.703E-02 5.920E-07 0.000E+00
2.065E+00 1.019E-05 4.675E-02 5.829E-07 0.000E+00
2.279E+00 8.368E-06 4.415E-02 5.034E-07 0.000E+00
2.516E+00 6.867E-06 4.165E-02 4.367E-07 0.000E+00
2.778E+00 5.634E-06 3.925E-02 3.803E-07 0.000E+00
3.000E+00 4.832E-06 3.746E-02 3.425E-07 0.000E+00
3.066E+00 4.626E-06 3.696E-02 3.326E-07 0.000E+00
3.385E+00 3.796E-06 3.475E-02 2.917E-07 0.000E+00
3.737E+00 3.114E-06 3.264E-02 2.566E-07 0.000E+00
4.000E+00 2.718E-06 3.125E-02 2.353E-07 0.000E+00
4.125E+00 2.556E-06 3.063E-02 2.263E-07 0.000E+00
4.554E+00 2.097E-06 2.871E-02 2.001E-07 0.000E+00
5.000E+00 1.739E-06 2.699E-02 1.785E-07 0.000E+00
5.027E+00 1.721E-06 2.689E-02 1.774E-07 0.000E+00
5.549E+00 1.412E-06 2.516E-02 1.575E-07 0.000E+00
6.000E+00 1.208E-06 2.385E-02 1.436E-07 0.000E+00
6.126E+00 1.159E-06 2.351E-02 1.401E-07 0.000E+00
6.762E+00 9.509E-07 2.196E-02 1.249E-07 0.000E+00
7.000E+00 8.873E-07 2.144E-02 1.200E-07 0.000E+00
7.465E+00 7.803E-07 2.049E-02 1.115E-07 0.000E+00
8.000E+00 6.795E-07 1.951E-02 1.030E-07 0.000E+00
8.241E+00 6.404E-07 1.910E-02 9.959E-08 0.000E+00
9.000E+00 5.369E-07 1.793E-02 9.021E-08 0.000E+00
9.097E+00 5.255E-07 1.780E-02 8.913E-08 0.000E+00
1.000E+01 4.349E-07 1.662E-02 8.023E-08 0.000E+00
1.004E+01 4.314E-07 1.657E-02 7.987E-08 0.000E+00
1.100E+01 3.594E-07 1.550E-02 7.221E-08 0.000E+00
1.109E+01 3.536E-07 1.541E-02 7.157E-08 0.000E+00
1.200E+01 3.020E-07 1.454E-02 6.565E-08 0.000E+00
1.224E+01 2.903E-07 1.432E-02 6.424E-08 0.000E+00
1.300E+01 2.573E-07 1.369E-02 6.018E-08 0.000E+00
1.351E+01 2.383E-07 1.330E-02 5.772E-08 0.000E+00
1.400E+01 2.219E-07 1.295E-02 5.554E-08 0.000E+00
1.491E+01 1.956E-07 1.235E-02 5.190E-08 0.000E+00
1.500E+01 1.933E-07 1.230E-02 5.157E-08 0.000E+00
1.600E+01 1.699E-07 1.171E-02 4.813E-08 0.000E+00
1.646E+01 1.605E-07 1.146E-02 4.670E-08 0.000E+00
1.800E+01 1.342E-07 1.070E-02 4.246E-08 0.000E+00
1.818E+01 1.316E-07 1.062E-02 4.201E-08 0.000E+00
2.000E+01 1.087E-07 9.870E-03 3.798E-08 0.000E+00