# MAGNESIUM TETRABORATE from NIST Database
2.530e+00 0.000e+00 0.000e+00 0.000e+00 0.000e+00
5.000e+00 2.228e-02 3.500e+00 0.000e+00 0.000e+00
8.000e+00 3.899e-02 3.500e+00 0.000e+00 0.000e+00
1.200e+01 5.569e-03 3.500e+00 0.000e+00 0.000e+00
0.000e+00 0.000e+00 0.000e+00 0.000e+00 0.000e+00
1.000e-03 1.421e+00 1.128e-02 3.282e+03 0.000e+00
1.020e-03 1.416e+00 1.166e-02 3.113e+03 0.000e+00
1.126e-03 1.390e+00 1.377e-02 2.389e+03 0.000e+00
1.243e-03 1.363e+00 1.622e-02 1.831e+03 0.000e+00
1.305e-03 1.348e+00 1.756e-02 1.605e+03 0.000e+00
1.305e-03 1.348e+00 1.756e-02 2.281e+03 0.000e+00
1.372e-03 1.332e+00 1.903e-02 2.009e+03 0.000e+00
1.500e-03 1.301e+00 2.189e-02 1.597e+03 0.000e+00
1.515e-03 1.297e+00 2.223e-02 1.556e+03 0.000e+00
1.672e-03 1.256e+00 2.578e-02 1.197e+03 0.000e+00
1.846e-03 1.211e+00 2.973e-02 9.139e+02 0.000e+00
2.000e-03 1.170e+00 3.323e-02 7.323e+02 0.000e+00
2.038e-03 1.161e+00 3.410e-02 6.951e+02 0.000e+00
2.250e-03 1.106e+00 3.887e-02 5.279e+02 0.000e+00
2.483e-03 1.049e+00 4.402e-02 4.008e+02 0.000e+00
2.741e-03 9.875e-01 4.955e-02 3.034e+02 0.000e+00
3.000e-03 9.295e-01 5.488e-02 2.348e+02 0.000e+00
3.026e-03 9.238e-01 5.540e-02 2.291e+02 0.000e+00
3.341e-03 8.583e-01 6.151e-02 1.724e+02 0.000e+00
3.688e-03 7.922e-01 6.781e-02 1.295e+02 0.000e+00
4.000e-03 7.379e-01 7.307e-02 1.022e+02 0.000e+00
4.071e-03 7.262e-01 7.422e-02 9.707e+01 0.000e+00
4.494e-03 6.614e-01 8.067e-02 7.261e+01 0.000e+00
4.961e-03 5.988e-01 8.709e-02 5.420e+01 0.000e+00
5.000e-03 5.939e-01 8.759e-02 5.296e+01 0.000e+00
5.477e-03 5.390e-01 9.340e-02 4.037e+01 0.000e+00
6.000e-03 4.869e-01 9.906e-02 3.072e+01 0.000e+00
6.046e-03 4.827e-01 9.953e-02 3.002e+01 0.000e+00
6.675e-03 4.301e-01 1.054e-01 2.228e+01 0.000e+00
7.368e-03 3.818e-01 1.111e-01 1.652e+01 0.000e+00
8.000e-03 3.447e-01 1.156e-01 1.286e+01 0.000e+00
8.134e-03 3.376e-01 1.165e-01 1.222e+01 0.000e+00
8.979e-03 2.977e-01 1.216e-01 9.028e+00 0.000e+00
9.912e-03 2.618e-01 1.263e-01 6.660e+00 0.000e+00
1.000e-02 2.588e-01 1.267e-01 6.480e+00 0.000e+00
1.094e-02 2.299e-01 1.308e-01 4.907e+00 0.000e+00
1.208e-02 2.013e-01 1.350e-01 3.605e+00 0.000e+00
1.334e-02 1.758e-01 1.389e-01 2.644e+00 0.000e+00
1.472e-02 1.534e-01 1.425e-01 1.941e+00 0.000e+00
1.500e-02 1.494e-01 1.432e-01 1.829e+00 0.000e+00
1.625e-02 1.334e-01 1.458e-01 1.421e+00 0.000e+00
1.794e-02 1.157e-01 1.488e-01 1.039e+00 0.000e+00
1.980e-02 1.001e-01 1.515e-01 7.600e-01 0.000e+00
2.000e-02 9.862e-02 1.517e-01 7.360e-01 0.000e+00
2.186e-02 8.623e-02 1.538e-01 5.543e-01 0.000e+00
2.413e-02 7.403e-02 1.557e-01 4.041e-01 0.000e+00
2.664e-02 6.330e-02 1.572e-01 2.941e-01 0.000e+00
2.941e-02 5.394e-02 1.584e-01 2.139e-01 0.000e+00
3.000e-02 5.221e-02 1.586e-01 2.006e-01 0.000e+00
3.247e-02 4.578e-02 1.591e-01 1.554e-01 0.000e+00
3.584e-02 3.875e-02 1.595e-01 1.129e-01 0.000e+00
3.957e-02 3.268e-02 1.595e-01 8.185e-02 0.000e+00
4.000e-02 3.207e-02 1.594e-01 7.903e-02 0.000e+00
4.368e-02 2.749e-02 1.590e-01 5.936e-02 0.000e+00
4.822e-02 2.308e-02 1.582e-01 4.301e-02 0.000e+00
5.000e-02 2.163e-02 1.578e-01 3.821e-02 0.000e+00
5.323e-02 1.933e-02 1.571e-01 3.114e-02 0.000e+00
5.876e-02 1.616e-02 1.556e-01 2.254e-02 0.000e+00
6.000e-02 1.555e-02 1.553e-01 2.105e-02 0.000e+00
6.486e-02 1.348e-02 1.539e-01 1.632e-02 0.000e+00
7.161e-02 1.123e-02 1.518e-01 1.180e-02 0.000e+00
7.905e-02 9.336e-03 1.495e-01 8.536e-03 0.000e+00
8.000e-02 9.129e-03 1.492e-01 8.208e-03 0.000e+00
8.726e-02 7.752e-03 1.470e-01 6.175e-03 0.000e+00
9.633e-02 6.427e-03 1.443e-01 4.467e-03 0.000e+00
1.000e-01 5.986e-03 1.432e-01 3.952e-03 0.000e+00
1.063e-01 5.326e-03 1.413e-01 3.236e-03 0.000e+00
1.174e-01 4.402e-03 1.382e-01 2.340e-03 0.000e+00
1.296e-01 3.637e-03 1.350e-01 1.696e-03 0.000e+00
1.431e-01 3.000e-03 1.316e-01 1.229e-03 0.000e+00
1.500e-01 2.737e-03 1.299e-01 1.055e-03 0.000e+00
1.579e-01 2.476e-03 1.281e-01 8.940e-04 0.000e+00
1.743e-01 2.041e-03 1.245e-01 6.505e-04 0.000e+00
1.925e-01 1.679e-03 1.208e-01 4.735e-04 0.000e+00
2.000e-01 1.557e-03 1.194e-01 4.193e-04 0.000e+00
2.125e-01 1.382e-03 1.171e-01 3.461e-04 0.000e+00
2.345e-01 1.137e-03 1.134e-01 2.540e-04 0.000e+00
2.589e-01 9.351e-04 1.097e-01 1.868e-04 0.000e+00
2.858e-01 7.687e-04 1.059e-01 1.380e-04 0.000e+00
3.000e-01 6.981e-04 1.041e-01 1.191e-04 0.000e+00
3.155e-01 6.317e-04 1.022e-01 1.024e-04 0.000e+00
3.483e-01 5.189e-04 9.847e-02 7.638e-05 0.000e+00
3.845e-01 4.262e-04 9.481e-02 5.731e-05 0.000e+00
4.000e-01 3.940e-04 9.336e-02 5.118e-05 0.000e+00
4.245e-01 3.500e-04 9.119e-02 4.326e-05 0.000e+00
4.686e-01 2.874e-04 8.762e-02 3.292e-05 0.000e+00
5.000e-01 2.525e-04 8.531e-02 2.766e-05 0.000e+00
5.173e-01 2.360e-04 8.410e-02 2.529e-05 0.000e+00
5.710e-01 1.937e-04 8.064e-02 1.959e-05 0.000e+00
6.000e-01 1.755e-04 7.893e-02 1.725e-05 0.000e+00
6.304e-01 1.590e-04 7.724e-02 1.519e-05 0.000e+00
6.959e-01 1.305e-04 7.392e-02 1.186e-05 0.000e+00
7.682e-01 1.072e-04 7.067e-02 9.459e-06 0.000e+00
8.000e-01 9.881e-05 6.936e-02 8.709e-06 0.000e+00
8.480e-01 8.793e-05 6.750e-02 7.814e-06 0.000e+00
9.361e-01 7.216e-05 6.441e-02 6.430e-06 0.000e+00
1.000e+00 6.325e-05 6.239e-02 5.415e-06 0.000e+00
1.022e+00 6.057e-05 6.173e-02 5.069e-06 0.000e+00
1.033e+00 5.929e-05 6.140e-02 4.915e-06 3.671e-09
1.141e+00 4.862e-05 5.844e-02 3.968e-06 3.474e-06
1.250e+00 4.050e-05 5.578e-02 3.439e-06 1.875e-05
1.259e+00 3.993e-05 5.558e-02 3.400e-06 2.062e-05
1.390e+00 3.275e-05 5.278e-02 2.862e-06 5.831e-05
1.500e+00 2.812e-05 5.070e-02 2.494e-06 1.035e-04
1.535e+00 2.686e-05 5.008e-02 2.395e-06 1.201e-04
1.694e+00 2.205e-05 4.750e-02 2.030e-06 2.070e-04
1.870e+00 1.810e-05 4.497e-02 1.736e-06 3.202e-04
2.000e+00 1.582e-05 4.327e-02 1.564e-06 4.116e-04
2.044e+00 1.515e-05 4.273e-02 1.513e-06 4.435e-04
2.065e+00 1.484e-05 4.247e-02 1.489e-06 4.589e-04
2.279e+00 1.218e-05 4.009e-02 1.284e-06 6.203e-04
2.516e+00 9.997e-06 3.783e-02 1.112e-06 8.047e-04
2.778e+00 8.201e-06 3.566e-02 9.677e-07 1.012e-03
3.000e+00 7.033e-06 3.404e-02 8.707e-07 1.188e-03
3.066e+00 6.733e-06 3.359e-02 8.454e-07 1.240e-03
3.385e+00 5.524e-06 3.159e-02 7.405e-07 1.490e-03
3.737e+00 4.533e-06 2.966e-02 6.506e-07 1.759e-03
4.000e+00 3.956e-06 2.839e-02 5.961e-07 1.955e-03
4.125e+00 3.720e-06 2.783e-02 5.733e-07 2.046e-03
4.554e+00 3.052e-06 2.609e-02 5.063e-07 2.351e-03
5.000e+00 2.532e-06 2.452e-02 4.513e-07 2.654e-03
5.027e+00 2.505e-06 2.443e-02 4.483e-07 2.672e-03
5.549e+00 2.055e-06 2.286e-02 3.978e-07 3.011e-03
6.000e+00 1.758e-06 2.167e-02 3.624e-07 3.291e-03
6.126e+00 1.686e-06 2.137e-02 3.536e-07 3.366e-03
6.762e+00 1.384e-06 1.996e-02 3.149e-07 3.732e-03
7.000e+00 1.292e-06 1.948e-02 3.025e-07 3.863e-03
7.465e+00 1.136e-06 1.862e-02 2.808e-07 4.109e-03
8.000e+00 9.890e-07 1.773e-02 2.594e-07 4.381e-03
8.241e+00 9.320e-07 1.736e-02 2.508e-07 4.500e-03
9.000e+00 7.815e-07 1.630e-02 2.270e-07 4.856e-03
9.097e+00 7.649e-07 1.617e-02 2.243e-07 4.900e-03
1.000e+01 6.330e-07 1.510e-02 2.017e-07 5.287e-03
1.004e+01 6.280e-07 1.506e-02 2.008e-07 5.304e-03
1.100e+01 5.231e-07 1.408e-02 1.815e-07 5.683e-03
1.109e+01 5.146e-07 1.400e-02 1.799e-07 5.717e-03
1.200e+01 4.395e-07 1.321e-02 1.649e-07 6.046e-03
1.224e+01 4.225e-07 1.301e-02 1.614e-07 6.130e-03
1.300e+01 3.745e-07 1.244e-02 1.511e-07 6.386e-03
1.351e+01 3.468e-07 1.209e-02 1.449e-07 6.550e-03
1.400e+01 3.229e-07 1.177e-02 1.394e-07 6.703e-03
1.491e+01 2.847e-07 1.123e-02 1.303e-07 6.972e-03
1.500e+01 2.813e-07 1.118e-02 1.294e-07 6.999e-03
1.600e+01 2.472e-07 1.064e-02 1.208e-07 7.277e-03
1.646e+01 2.336e-07 1.042e-02 1.171e-07 7.402e-03
1.800e+01 1.953e-07 9.727e-03 1.065e-07 7.790e-03
1.818e+01 1.915e-07 9.653e-03 1.054e-07 7.834e-03
2.000e+01 1.583e-07 8.969e-03 9.522e-08 8.249e-03
