# MERCURIC IODIDE from NIST Database
6.360e+00 0.000e+00 0.000e+00 0.000e+00 0.000e+00
5.300e+01 4.402e-03 3.500e+00 0.000e+00 0.000e+00
8.000e+01 2.201e-03 3.500e+00 0.000e+00 0.000e+00
0.000e+00 0.000e+00 0.000e+00 0.000e+00 0.000e+00
1.000e-03 1.015e+01 4.191e-03 7.203e+03 0.000e+00
1.020e-03 1.013e+01 4.329e-03 6.916e+03 0.000e+00
1.072e-03 1.009e+01 4.694e-03 6.243e+03 0.000e+00
1.072e-03 1.009e+01 4.694e-03 6.431e+03 0.000e+00
1.126e-03 1.004e+01 5.079e-03 5.791e+03 0.000e+00
1.243e-03 9.932e+00 5.934e-03 4.689e+03 0.000e+00
1.372e-03 9.812e+00 6.898e-03 3.797e+03 0.000e+00
1.500e-03 9.687e+00 7.863e-03 3.139e+03 0.000e+00
1.515e-03 9.672e+00 7.976e-03 3.068e+03 0.000e+00
1.672e-03 9.510e+00 9.159e-03 2.450e+03 0.000e+00
1.846e-03 9.325e+00 1.046e-02 1.955e+03 0.000e+00
2.000e-03 9.158e+00 1.161e-02 1.629e+03 0.000e+00
2.038e-03 9.116e+00 1.190e-02 1.558e+03 0.000e+00
2.250e-03 8.884e+00 1.346e-02 1.232e+03 0.000e+00
2.295e-03 8.836e+00 1.379e-02 1.175e+03 0.000e+00
2.295e-03 8.836e+00 1.379e-02 1.225e+03 0.000e+00
2.339e-03 8.787e+00 1.412e-02 1.391e+03 0.000e+00
2.385e-03 8.739e+00 1.444e-02 1.656e+03 0.000e+00
2.385e-03 8.739e+00 1.444e-02 1.729e+03 0.000e+00
2.483e-03 8.634e+00 1.515e-02 1.639e+03 0.000e+00
2.741e-03 8.365e+00 1.697e-02 1.445e+03 0.000e+00
2.847e-03 8.255e+00 1.771e-02 1.380e+03 0.000e+00
2.847e-03 8.255e+00 1.771e-02 1.521e+03 0.000e+00
3.000e-03 8.098e+00 1.876e-02 1.341e+03 0.000e+00
3.026e-03 8.071e+00 1.894e-02 1.313e+03 0.000e+00
3.278e-03 7.820e+00 2.063e-02 1.076e+03 0.000e+00
3.278e-03 7.820e+00 2.063e-02 1.122e+03 0.000e+00
3.341e-03 7.758e+00 2.104e-02 1.072e+03 0.000e+00
3.562e-03 7.546e+00 2.248e-02 9.181e+02 0.000e+00
3.562e-03 7.546e+00 2.248e-02 9.458e+02 0.000e+00
3.688e-03 7.428e+00 2.328e-02 8.695e+02 0.000e+00
4.000e-03 7.145e+00 2.521e-02 7.147e+02 0.000e+00
4.071e-03 7.082e+00 2.564e-02 6.842e+02 0.000e+00
4.494e-03 6.726e+00 2.811e-02 5.357e+02 0.000e+00
4.557e-03 6.675e+00 2.848e-02 5.175e+02 0.000e+00
4.557e-03 6.675e+00 2.848e-02 7.945e+02 0.000e+00
4.702e-03 6.559e+00 2.930e-02 7.405e+02 0.000e+00
4.852e-03 6.443e+00 3.014e-02 6.903e+02 0.000e+00
4.852e-03 6.443e+00 3.014e-02 8.186e+02 0.000e+00
4.961e-03 6.359e+00 3.074e-02 7.807e+02 0.000e+00
5.000e-03 6.330e+00 3.095e-02 7.677e+02 0.000e+00
5.188e-03 6.189e+00 3.197e-02 6.988e+02 0.000e+00
5.188e-03 6.189e+00 3.197e-02 7.643e+02 0.000e+00
5.477e-03 5.981e+00 3.350e-02 6.682e+02 0.000e+00
6.000e-03 5.630e+00 3.618e-02 5.329e+02 0.000e+00
6.046e-03 5.600e+00 3.641e-02 5.225e+02 0.000e+00
6.675e-03 5.218e+00 3.948e-02 4.044e+02 0.000e+00
7.368e-03 4.838e+00 4.270e-02 3.132e+02 0.000e+00
8.000e-03 4.526e+00 4.550e-02 2.531e+02 0.000e+00
8.134e-03 4.464e+00 4.607e-02 2.423e+02 0.000e+00
8.979e-03 4.100e+00 4.958e-02 1.870e+02 0.000e+00
9.912e-03 3.749e+00 5.320e-02 1.443e+02 0.000e+00
1.000e-02 3.718e+00 5.353e-02 1.409e+02 0.000e+00
1.094e-02 3.412e+00 5.690e-02 1.109e+02 0.000e+00
1.208e-02 3.091e+00 6.065e-02 8.508e+01 0.000e+00
1.228e-02 3.039e+00 6.128e-02 8.136e+01 0.000e+00
1.228e-02 3.039e+00 6.128e-02 1.278e+02 0.000e+00
1.334e-02 2.787e+00 6.436e-02 1.023e+02 0.000e+00
1.421e-02 2.603e+00 6.673e-02 8.625e+01 0.000e+00
1.421e-02 2.603e+00 6.673e-02 1.063e+02 0.000e+00
1.472e-02 2.503e+00 6.806e-02 9.731e+01 0.000e+00
1.484e-02 2.481e+00 6.836e-02 9.537e+01 0.000e+00
1.484e-02 2.481e+00 6.836e-02 1.056e+02 0.000e+00
1.500e-02 2.452e+00 6.876e-02 1.025e+02 0.000e+00
1.625e-02 2.238e+00 7.168e-02 8.309e+01 0.000e+00
1.794e-02 1.988e+00 7.527e-02 6.413e+01 0.000e+00
1.980e-02 1.758e+00 7.879e-02 4.954e+01 0.000e+00
2.000e-02 1.736e+00 7.915e-02 4.825e+01 0.000e+00
2.186e-02 1.548e+00 8.222e-02 3.799e+01 0.000e+00
2.413e-02 1.358e+00 8.552e-02 2.913e+01 0.000e+00
2.664e-02 1.188e+00 8.867e-02 2.232e+01 0.000e+00
2.941e-02 1.036e+00 9.163e-02 1.711e+01 0.000e+00
3.000e-02 1.008e+00 9.220e-02 1.622e+01 0.000e+00
3.247e-02 9.014e-01 9.439e-02 1.307e+01 0.000e+00
3.317e-02 8.745e-01 9.496e-02 1.233e+01 0.000e+00
3.317e-02 8.745e-01 9.496e-02 2.869e+01 0.000e+00
3.584e-02 7.823e-01 9.691e-02 2.339e+01 0.000e+00
3.957e-02 6.762e-01 9.919e-02 1.801e+01 0.000e+00
4.000e-02 6.654e-01 9.942e-02 1.750e+01 0.000e+00
4.368e-02 5.826e-01 1.012e-01 1.384e+01 0.000e+00
4.822e-02 5.000e-01 1.029e-01 1.061e+01 0.000e+00
5.000e-02 4.724e-01 1.035e-01 9.619e+00 0.000e+00
5.323e-02 4.279e-01 1.043e-01 8.111e+00 0.000e+00
5.876e-02 3.653e-01 1.054e-01 6.186e+00 0.000e+00
6.000e-02 3.532e-01 1.055e-01 5.841e+00 0.000e+00
6.486e-02 3.113e-01 1.061e-01 4.711e+00 0.000e+00
7.161e-02 2.646e-01 1.065e-01 3.581e+00 0.000e+00
7.905e-02 2.245e-01 1.066e-01 2.720e+00 0.000e+00
8.000e-02 2.201e-01 1.066e-01 2.631e+00 0.000e+00
8.310e-02 2.064e-01 1.065e-01 2.366e+00 0.000e+00
8.310e-02 2.064e-01 1.065e-01 5.195e+00 0.000e+00
8.726e-02 1.901e-01 1.064e-01 4.557e+00 0.000e+00
9.633e-02 1.607e-01 1.059e-01 3.492e+00 0.000e+00
1.000e-01 1.507e-01 1.056e-01 3.158e+00 0.000e+00
1.063e-01 1.356e-01 1.051e-01 2.680e+00 0.000e+00
1.174e-01 1.141e-01 1.040e-01 2.051e+00 0.000e+00
1.296e-01 9.581e-02 1.026e-01 1.572e+00 0.000e+00
1.431e-01 8.031e-02 1.010e-01 1.202e+00 0.000e+00
1.500e-01 7.382e-02 1.002e-01 1.058e+00 0.000e+00
1.579e-01 6.732e-02 9.922e-02 9.206e-01 0.000e+00
1.743e-01 5.632e-02 9.723e-02 7.035e-01 0.000e+00
1.925e-01 4.703e-02 9.506e-02 5.369e-01 0.000e+00
2.000e-01 4.387e-02 9.419e-02 4.839e-01 0.000e+00
2.125e-01 3.927e-02 9.277e-02 4.106e-01 0.000e+00
2.345e-01 3.277e-02 9.036e-02 3.148e-01 0.000e+00
2.589e-01 2.729e-02 8.785e-02 2.415e-01 0.000e+00
2.858e-01 2.271e-02 8.527e-02 1.858e-01 0.000e+00
3.000e-01 2.074e-02 8.398e-02 1.635e-01 0.000e+00
3.155e-01 1.887e-02 8.263e-02 1.433e-01 0.000e+00
3.483e-01 1.566e-02 7.995e-02 1.109e-01 0.000e+00
3.845e-01 1.299e-02 7.725e-02 8.608e-02 0.000e+00
4.000e-01 1.204e-02 7.616e-02 7.790e-02 0.000e+00
4.245e-01 1.075e-02 7.453e-02 6.712e-02 0.000e+00
4.686e-01 8.897e-03 7.182e-02 5.259e-02 0.000e+00
5.000e-01 7.854e-03 7.004e-02 4.494e-02 0.000e+00
5.173e-01 7.355e-03 6.912e-02 4.142e-02 0.000e+00
5.710e-01 6.078e-03 6.644e-02 3.280e-02 0.000e+00
6.000e-01 5.521e-03 6.510e-02 2.923e-02 0.000e+00
6.304e-01 5.017e-03 6.377e-02 2.609e-02 0.000e+00
6.959e-01 4.139e-03 6.112e-02 2.087e-02 0.000e+00
7.682e-01 3.413e-03 5.851e-02 1.680e-02 0.000e+00
8.000e-01 3.153e-03 5.745e-02 1.540e-02 0.000e+00
8.480e-01 2.813e-03 5.595e-02 1.362e-02 0.000e+00
9.361e-01 2.317e-03 5.344e-02 1.110e-02 0.000e+00
1.000e+00 2.036e-03 5.178e-02 9.681e-03 0.000e+00
1.022e+00 1.951e-03 5.124e-02 9.255e-03 0.000e+00
1.033e+00 1.910e-03 5.097e-02 9.054e-03 6.270e-08
1.141e+00 1.571e-03 4.854e-02 7.430e-03 5.384e-05
1.250e+00 1.312e-03 4.638e-02 6.242e-03 2.666e-04
1.259e+00 1.293e-03 4.621e-02 6.158e-03 2.914e-04
1.390e+00 1.063e-03 4.392e-02 5.118e-03 7.545e-04
1.500e+00 9.142e-04 4.220e-02 4.451e-03 1.253e-03
1.535e+00 8.733e-04 4.168e-02 4.269e-03 1.426e-03
1.694e+00 7.180e-04 3.952e-02 3.582e-03 2.261e-03
1.870e+00 5.900e-04 3.743e-02 3.020e-03 3.235e-03
2.000e+00 5.165e-04 3.605e-02 2.696e-03 3.969e-03
2.044e+00 4.947e-04 3.561e-02 2.601e-03 4.218e-03
2.065e+00 4.848e-04 3.541e-02 2.557e-03 4.337e-03
2.279e+00 3.987e-04 3.347e-02 2.177e-03 5.535e-03
2.516e+00 3.273e-04 3.158e-02 1.858e-03 6.821e-03
2.778e+00 2.686e-04 2.976e-02 1.592e-03 8.184e-03
3.000e+00 2.304e-04 2.839e-02 1.416e-03 9.292e-03
3.066e+00 2.206e-04 2.802e-02 1.370e-03 9.613e-03
3.385e+00 1.810e-04 2.634e-02 1.183e-03 1.112e-02
3.737e+00 1.486e-04 2.475e-02 1.024e-03 1.269e-02
4.000e+00 1.298e-04 2.369e-02 9.299e-04 1.381e-02
4.125e+00 1.220e-04 2.323e-02 8.904e-04 1.433e-02
4.554e+00 1.001e-04 2.177e-02 7.760e-04 1.602e-02
5.000e+00 8.308e-05 2.047e-02 6.832e-04 1.766e-02
5.027e+00 8.219e-05 2.039e-02 6.782e-04 1.776e-02
5.549e+00 6.747e-05 1.908e-02 5.944e-04 1.954e-02
6.000e+00 5.772e-05 1.809e-02 5.365e-04 2.099e-02
6.126e+00 5.537e-05 1.783e-02 5.222e-04 2.138e-02
6.762e+00 4.545e-05 1.666e-02 4.599e-04 2.327e-02
7.000e+00 4.241e-05 1.626e-02 4.401e-04 2.394e-02
7.465e+00 3.730e-05 1.555e-02 4.057e-04 2.521e-02
8.000e+00 3.248e-05 1.480e-02 3.722e-04 2.660e-02
8.241e+00 3.061e-05 1.449e-02 3.588e-04 2.720e-02
9.000e+00 2.567e-05 1.361e-02 3.220e-04 2.901e-02
9.097e+00 2.512e-05 1.350e-02 3.179e-04 2.923e-02
1.000e+01 2.079e-05 1.261e-02 2.835e-04 3.123e-02
1.004e+01 2.063e-05 1.257e-02 2.821e-04 3.132e-02
1.100e+01 1.718e-05 1.176e-02 2.531e-04 3.328e-02
1.109e+01 1.691e-05 1.169e-02 2.507e-04 3.346e-02
1.200e+01 1.444e-05 1.103e-02 2.284e-04 3.518e-02
1.224e+01 1.388e-05 1.087e-02 2.232e-04 3.562e-02
1.300e+01 1.230e-05 1.039e-02 2.081e-04 3.695e-02
1.351e+01 1.139e-05 1.009e-02 1.991e-04 3.781e-02
1.400e+01 1.061e-05 9.828e-03 1.911e-04 3.860e-02
1.491e+01 9.353e-06 9.375e-03 1.777e-04 4.001e-02
1.500e+01 9.241e-06 9.333e-03 1.765e-04 4.014e-02
1.600e+01 8.123e-06 8.887e-03 1.640e-04 4.157e-02
1.646e+01 7.675e-06 8.697e-03 1.589e-04 4.219e-02
1.800e+01 6.418e-06 8.121e-03 1.436e-04 4.416e-02
1.818e+01 6.291e-06 8.060e-03 1.421e-04 4.438e-02
2.000e+01 5.199e-06 7.489e-03 1.277e-04 4.648e-02
