# METHANOL from NIST Database
7.914e-01 0.000e+00 0.000e+00 0.000e+00 0.000e+00
1.000e+00 1.248e-01 3.500e+00 0.000e+00 0.000e+00
6.000e+00 3.121e-02 3.500e+00 0.000e+00 0.000e+00
8.000e+00 3.121e-02 3.500e+00 0.000e+00 0.000e+00
0.000e+00 0.000e+00 0.000e+00 0.000e+00 0.000e+00
1.000e-03 1.198e+00 1.532e-02 3.120e+03 0.000e+00
1.020e-03 1.193e+00 1.586e-02 2.958e+03 0.000e+00
1.126e-03 1.171e+00 1.886e-02 2.265e+03 0.000e+00
1.243e-03 1.147e+00 2.238e-02 1.733e+03 0.000e+00
1.372e-03 1.120e+00 2.645e-02 1.324e+03 0.000e+00
1.500e-03 1.092e+00 3.063e-02 1.035e+03 0.000e+00
1.515e-03 1.088e+00 3.113e-02 1.007e+03 0.000e+00
1.672e-03 1.052e+00 3.635e-02 7.642e+02 0.000e+00
1.846e-03 1.011e+00 4.218e-02 5.776e+02 0.000e+00
2.000e-03 9.737e-01 4.731e-02 4.596e+02 0.000e+00
2.038e-03 9.646e-01 4.857e-02 4.354e+02 0.000e+00
2.250e-03 9.144e-01 5.552e-02 3.276e+02 0.000e+00
2.483e-03 8.609e-01 6.292e-02 2.462e+02 0.000e+00
2.741e-03 8.044e-01 7.075e-02 1.845e+02 0.000e+00
3.000e-03 7.509e-01 7.816e-02 1.415e+02 0.000e+00
3.026e-03 7.458e-01 7.888e-02 1.379e+02 0.000e+00
3.341e-03 6.858e-01 8.718e-02 1.029e+02 0.000e+00
3.688e-03 6.261e-01 9.549e-02 7.661e+01 0.000e+00
4.000e-03 5.778e-01 1.023e-01 6.005e+01 0.000e+00
4.071e-03 5.675e-01 1.037e-01 5.696e+01 0.000e+00
4.494e-03 5.110e-01 1.117e-01 4.226e+01 0.000e+00
4.961e-03 4.575e-01 1.194e-01 3.130e+01 0.000e+00
5.000e-03 4.534e-01 1.199e-01 3.057e+01 0.000e+00
5.477e-03 4.078e-01 1.266e-01 2.314e+01 0.000e+00
6.000e-03 3.655e-01 1.328e-01 1.748e+01 0.000e+00
6.046e-03 3.621e-01 1.333e-01 1.708e+01 0.000e+00
6.675e-03 3.206e-01 1.396e-01 1.258e+01 0.000e+00
7.368e-03 2.833e-01 1.454e-01 9.261e+00 0.000e+00
8.000e-03 2.553e-01 1.498e-01 7.167e+00 0.000e+00
8.134e-03 2.500e-01 1.507e-01 6.805e+00 0.000e+00
8.979e-03 2.204e-01 1.555e-01 4.993e+00 0.000e+00
9.912e-03 1.941e-01 1.600e-01 3.659e+00 0.000e+00
1.000e-02 1.919e-01 1.604e-01 3.558e+00 0.000e+00
1.094e-02 1.709e-01 1.641e-01 2.679e+00 0.000e+00
1.208e-02 1.502e-01 1.679e-01 1.955e+00 0.000e+00
1.334e-02 1.317e-01 1.713e-01 1.425e+00 0.000e+00
1.472e-02 1.153e-01 1.745e-01 1.040e+00 0.000e+00
1.500e-02 1.123e-01 1.751e-01 9.793e-01 0.000e+00
1.625e-02 1.006e-01 1.774e-01 7.573e-01 0.000e+00
1.794e-02 8.737e-02 1.799e-01 5.506e-01 0.000e+00
1.980e-02 7.562e-02 1.821e-01 4.002e-01 0.000e+00
2.000e-02 7.450e-02 1.823e-01 3.874e-01 0.000e+00
2.186e-02 6.512e-02 1.840e-01 2.903e-01 0.000e+00
2.413e-02 5.583e-02 1.854e-01 2.105e-01 0.000e+00
2.664e-02 4.765e-02 1.864e-01 1.524e-01 0.000e+00
2.941e-02 4.051e-02 1.870e-01 1.103e-01 0.000e+00
3.000e-02 3.919e-02 1.871e-01 1.033e-01 0.000e+00
3.247e-02 3.431e-02 1.872e-01 7.973e-02 0.000e+00
3.584e-02 2.898e-02 1.870e-01 5.764e-02 0.000e+00
3.957e-02 2.439e-02 1.864e-01 4.161e-02 0.000e+00
4.000e-02 2.393e-02 1.863e-01 4.016e-02 0.000e+00
4.368e-02 2.049e-02 1.854e-01 3.004e-02 0.000e+00
4.822e-02 1.718e-02 1.841e-01 2.168e-02 0.000e+00
5.000e-02 1.609e-02 1.835e-01 1.923e-02 0.000e+00
5.323e-02 1.437e-02 1.824e-01 1.563e-02 0.000e+00
5.876e-02 1.200e-02 1.804e-01 1.127e-02 0.000e+00
6.000e-02 1.155e-02 1.799e-01 1.052e-02 0.000e+00
6.486e-02 1.000e-02 1.781e-01 8.127e-03 0.000e+00
7.161e-02 8.322e-03 1.755e-01 5.855e-03 0.000e+00
7.905e-02 6.912e-03 1.726e-01 4.221e-03 0.000e+00
8.000e-02 6.758e-03 1.722e-01 4.057e-03 0.000e+00
8.726e-02 5.733e-03 1.695e-01 3.044e-03 0.000e+00
9.633e-02 4.747e-03 1.662e-01 2.195e-03 0.000e+00
1.000e-01 4.419e-03 1.649e-01 1.940e-03 0.000e+00
1.063e-01 3.929e-03 1.627e-01 1.586e-03 0.000e+00
1.174e-01 3.244e-03 1.590e-01 1.143e-03 0.000e+00
1.296e-01 2.677e-03 1.552e-01 8.263e-04 0.000e+00
1.431e-01 2.206e-03 1.512e-01 5.974e-04 0.000e+00
1.500e-01 2.012e-03 1.493e-01 5.123e-04 0.000e+00
1.579e-01 1.820e-03 1.471e-01 4.335e-04 0.000e+00
1.743e-01 1.498e-03 1.430e-01 3.146e-04 0.000e+00
1.925e-01 1.232e-03 1.387e-01 2.285e-04 0.000e+00
2.000e-01 1.142e-03 1.371e-01 2.022e-04 0.000e+00
2.125e-01 1.013e-03 1.344e-01 1.667e-04 0.000e+00
2.345e-01 8.336e-04 1.301e-01 1.221e-04 0.000e+00
2.589e-01 6.850e-04 1.258e-01 8.965e-05 0.000e+00
2.858e-01 5.629e-04 1.215e-01 6.613e-05 0.000e+00
3.000e-01 5.112e-04 1.194e-01 5.705e-05 0.000e+00
3.155e-01 4.625e-04 1.172e-01 4.900e-05 0.000e+00
3.483e-01 3.798e-04 1.129e-01 3.650e-05 0.000e+00
3.845e-01 3.119e-04 1.087e-01 2.735e-05 0.000e+00
4.000e-01 2.883e-04 1.071e-01 2.441e-05 0.000e+00
4.245e-01 2.560e-04 1.046e-01 2.061e-05 0.000e+00
4.686e-01 2.102e-04 1.005e-01 1.566e-05 0.000e+00
5.000e-01 1.847e-04 9.781e-02 1.315e-05 0.000e+00
5.173e-01 1.726e-04 9.642e-02 1.202e-05 0.000e+00
5.710e-01 1.417e-04 9.245e-02 9.309e-06 0.000e+00
6.000e-01 1.284e-04 9.048e-02 8.190e-06 0.000e+00
6.304e-01 1.163e-04 8.855e-02 7.202e-06 0.000e+00
6.959e-01 9.546e-05 8.474e-02 5.606e-06 0.000e+00
7.682e-01 7.835e-05 8.101e-02 4.477e-06 0.000e+00
8.000e-01 7.224e-05 7.951e-02 4.133e-06 0.000e+00
8.480e-01 6.429e-05 7.737e-02 3.729e-06 0.000e+00
9.361e-01 5.276e-05 7.381e-02 3.082e-06 0.000e+00
1.000e+00 4.625e-05 7.150e-02 2.569e-06 0.000e+00
1.022e+00 4.428e-05 7.076e-02 2.389e-06 0.000e+00
1.033e+00 4.335e-05 7.039e-02 2.311e-06 3.054e-09
1.141e+00 3.554e-05 6.699e-02 1.856e-06 2.899e-06
1.250e+00 2.961e-05 6.394e-02 1.622e-06 1.568e-05
1.259e+00 2.919e-05 6.370e-02 1.605e-06 1.725e-05
1.390e+00 2.394e-05 6.050e-02 1.353e-06 4.887e-05
1.500e+00 2.056e-05 5.812e-02 1.177e-06 8.682e-05
1.535e+00 1.963e-05 5.741e-02 1.130e-06 1.008e-04
1.694e+00 1.612e-05 5.443e-02 9.584e-07 1.739e-04
1.870e+00 1.323e-05 5.153e-02 8.211e-07 2.690e-04
2.000e+00 1.157e-05 4.960e-02 7.409e-07 3.458e-04
2.044e+00 1.107e-05 4.898e-02 7.168e-07 3.727e-04
2.065e+00 1.085e-05 4.869e-02 7.057e-07 3.856e-04
2.279e+00 8.904e-06 4.597e-02 6.093e-07 5.214e-04
2.516e+00 7.306e-06 4.337e-02 5.284e-07 6.774e-04
2.778e+00 5.994e-06 4.088e-02 4.601e-07 8.530e-04
3.000e+00 5.141e-06 3.901e-02 4.143e-07 1.003e-03
3.066e+00 4.922e-06 3.850e-02 4.023e-07 1.048e-03
3.385e+00 4.039e-06 3.620e-02 3.528e-07 1.261e-03
3.737e+00 3.314e-06 3.400e-02 3.103e-07 1.492e-03
4.000e+00 2.892e-06 3.254e-02 2.845e-07 1.661e-03
4.125e+00 2.720e-06 3.190e-02 2.737e-07 1.739e-03
4.554e+00 2.231e-06 2.990e-02 2.419e-07 2.001e-03
5.000e+00 1.851e-06 2.811e-02 2.158e-07 2.264e-03
5.027e+00 1.831e-06 2.800e-02 2.144e-07 2.280e-03
5.549e+00 1.503e-06 2.620e-02 1.904e-07 2.575e-03
6.000e+00 1.285e-06 2.484e-02 1.735e-07 2.818e-03
6.126e+00 1.233e-06 2.449e-02 1.693e-07 2.883e-03
6.762e+00 1.012e-06 2.287e-02 1.509e-07 3.202e-03
7.000e+00 9.442e-07 2.233e-02 1.450e-07 3.316e-03
7.465e+00 8.303e-07 2.134e-02 1.347e-07 3.531e-03
8.000e+00 7.230e-07 2.032e-02 1.244e-07 3.769e-03
8.241e+00 6.814e-07 1.990e-02 1.203e-07 3.872e-03
9.000e+00 5.713e-07 1.868e-02 1.090e-07 4.185e-03
9.097e+00 5.592e-07 1.854e-02 1.077e-07 4.223e-03
1.000e+01 4.627e-07 1.731e-02 9.689e-08 4.563e-03
1.004e+01 4.590e-07 1.726e-02 9.646e-08 4.577e-03
1.100e+01 3.824e-07 1.614e-02 8.721e-08 4.910e-03
1.109e+01 3.762e-07 1.605e-02 8.644e-08 4.939e-03
1.200e+01 3.213e-07 1.514e-02 7.928e-08 5.230e-03
1.224e+01 3.088e-07 1.492e-02 7.758e-08 5.303e-03
1.300e+01 2.738e-07 1.426e-02 7.267e-08 5.529e-03
1.351e+01 2.535e-07 1.386e-02 6.970e-08 5.673e-03
1.400e+01 2.361e-07 1.349e-02 6.706e-08 5.808e-03
1.491e+01 2.081e-07 1.287e-02 6.267e-08 6.045e-03
1.500e+01 2.057e-07 1.281e-02 6.227e-08 6.068e-03
1.600e+01 1.807e-07 1.220e-02 5.811e-08 6.316e-03
1.646e+01 1.708e-07 1.194e-02 5.638e-08 6.425e-03
1.800e+01 1.428e-07 1.115e-02 5.127e-08 6.768e-03
1.818e+01 1.400e-07 1.106e-02 5.073e-08 6.806e-03
2.000e+01 1.157e-07 1.028e-02 4.585e-08 7.174e-03
