# METHANE from NIST Database
6.672e-04 0.000e+00 0.000e+00 0.000e+00 0.000e+00
1.000e+00 2.493e-01 3.500e+00 0.000e+00 0.000e+00
6.000e+00 6.234e-02 3.500e+00 0.000e+00 0.000e+00
0.000e+00 0.000e+00 0.000e+00 0.000e+00 0.000e+00
1.000e-03 8.950e-01 2.210e-02 1.656e+03 0.000e+00
1.020e-03 8.906e-01 2.287e-02 1.566e+03 0.000e+00
1.126e-03 8.684e-01 2.711e-02 1.185e+03 0.000e+00
1.243e-03 8.450e-01 3.206e-02 8.965e+02 0.000e+00
1.372e-03 8.191e-01 3.776e-02 6.769e+02 0.000e+00
1.500e-03 7.926e-01 4.355e-02 5.241e+02 0.000e+00
1.515e-03 7.894e-01 4.423e-02 5.093e+02 0.000e+00
1.672e-03 7.557e-01 5.139e-02 3.826e+02 0.000e+00
1.846e-03 7.179e-01 5.926e-02 2.863e+02 0.000e+00
2.000e-03 6.849e-01 6.612e-02 2.260e+02 0.000e+00
2.038e-03 6.769e-01 6.779e-02 2.138e+02 0.000e+00
2.250e-03 6.334e-01 7.688e-02 1.594e+02 0.000e+00
2.483e-03 5.884e-01 8.639e-02 1.187e+02 0.000e+00
2.741e-03 5.424e-01 9.624e-02 8.822e+01 0.000e+00
3.000e-03 5.002e-01 1.054e-01 6.716e+01 0.000e+00
3.026e-03 4.962e-01 1.062e-01 6.543e+01 0.000e+00
3.341e-03 4.507e-01 1.162e-01 4.842e+01 0.000e+00
3.688e-03 4.070e-01 1.258e-01 3.580e+01 0.000e+00
4.000e-03 3.728e-01 1.334e-01 2.790e+01 0.000e+00
4.071e-03 3.656e-01 1.351e-01 2.642e+01 0.000e+00
4.494e-03 3.272e-01 1.437e-01 1.947e+01 0.000e+00
4.961e-03 2.919e-01 1.518e-01 1.432e+01 0.000e+00
5.000e-03 2.893e-01 1.524e-01 1.398e+01 0.000e+00
5.477e-03 2.600e-01 1.591e-01 1.051e+01 0.000e+00
6.000e-03 2.334e-01 1.653e-01 7.898e+00 0.000e+00
6.046e-03 2.313e-01 1.658e-01 7.711e+00 0.000e+00
6.675e-03 2.058e-01 1.718e-01 5.644e+00 0.000e+00
7.368e-03 1.831e-01 1.773e-01 4.128e+00 0.000e+00
8.000e-03 1.661e-01 1.814e-01 3.177e+00 0.000e+00
8.134e-03 1.629e-01 1.822e-01 3.013e+00 0.000e+00
8.979e-03 1.450e-01 1.867e-01 2.197e+00 0.000e+00
9.912e-03 1.289e-01 1.909e-01 1.600e+00 0.000e+00
1.000e-02 1.275e-01 1.912e-01 1.555e+00 0.000e+00
1.094e-02 1.144e-01 1.947e-01 1.164e+00 0.000e+00
1.208e-02 1.011e-01 1.981e-01 8.452e-01 0.000e+00
1.334e-02 8.909e-02 2.013e-01 6.128e-01 0.000e+00
1.472e-02 7.817e-02 2.041e-01 4.449e-01 0.000e+00
1.500e-02 7.619e-02 2.046e-01 4.183e-01 0.000e+00
1.625e-02 6.816e-02 2.066e-01 3.221e-01 0.000e+00
1.794e-02 5.909e-02 2.087e-01 2.330e-01 0.000e+00
1.980e-02 5.096e-02 2.104e-01 1.685e-01 0.000e+00
2.000e-02 5.018e-02 2.106e-01 1.630e-01 0.000e+00
2.186e-02 4.369e-02 2.117e-01 1.217e-01 0.000e+00
2.413e-02 3.729e-02 2.125e-01 8.783e-02 0.000e+00
2.664e-02 3.169e-02 2.129e-01 6.333e-02 0.000e+00
2.941e-02 2.684e-02 2.129e-01 4.564e-02 0.000e+00
3.000e-02 2.595e-02 2.128e-01 4.273e-02 0.000e+00
3.247e-02 2.267e-02 2.124e-01 3.287e-02 0.000e+00
3.584e-02 1.910e-02 2.116e-01 2.367e-02 0.000e+00
3.957e-02 1.605e-02 2.104e-01 1.703e-02 0.000e+00
4.000e-02 1.574e-02 2.102e-01 1.643e-02 0.000e+00
4.368e-02 1.346e-02 2.088e-01 1.225e-02 0.000e+00
4.822e-02 1.126e-02 2.068e-01 8.811e-03 0.000e+00
5.000e-02 1.054e-02 2.060e-01 7.807e-03 0.000e+00
5.323e-02 9.399e-03 2.046e-01 6.335e-03 0.000e+00
5.876e-02 7.832e-03 2.020e-01 4.554e-03 0.000e+00
6.000e-02 7.535e-03 2.014e-01 4.247e-03 0.000e+00
6.486e-02 6.516e-03 1.991e-01 3.274e-03 0.000e+00
7.161e-02 5.410e-03 1.960e-01 2.352e-03 0.000e+00
7.905e-02 4.485e-03 1.926e-01 1.691e-03 0.000e+00
8.000e-02 4.384e-03 1.922e-01 1.625e-03 0.000e+00
8.726e-02 3.712e-03 1.890e-01 1.216e-03 0.000e+00
9.633e-02 3.068e-03 1.852e-01 8.747e-04 0.000e+00
1.000e-01 2.854e-03 1.837e-01 7.724e-04 0.000e+00
1.063e-01 2.535e-03 1.812e-01 6.306e-04 0.000e+00
1.174e-01 2.089e-03 1.770e-01 4.538e-04 0.000e+00
1.296e-01 1.722e-03 1.726e-01 3.275e-04 0.000e+00
1.431e-01 1.418e-03 1.681e-01 2.365e-04 0.000e+00
1.500e-01 1.292e-03 1.660e-01 2.027e-04 0.000e+00
1.579e-01 1.168e-03 1.636e-01 1.713e-04 0.000e+00
1.743e-01 9.608e-04 1.589e-01 1.242e-04 0.000e+00
1.925e-01 7.893e-04 1.541e-01 9.007e-05 0.000e+00
2.000e-01 7.317e-04 1.523e-01 7.964e-05 0.000e+00
2.125e-01 6.488e-04 1.493e-01 6.558e-05 0.000e+00
2.345e-01 5.336e-04 1.446e-01 4.796e-05 0.000e+00
2.589e-01 4.383e-04 1.397e-01 3.515e-05 0.000e+00
2.858e-01 3.601e-04 1.349e-01 2.589e-05 0.000e+00
3.000e-01 3.269e-04 1.326e-01 2.232e-05 0.000e+00
3.155e-01 2.957e-04 1.302e-01 1.916e-05 0.000e+00
3.483e-01 2.428e-04 1.254e-01 1.426e-05 0.000e+00
3.845e-01 1.993e-04 1.207e-01 1.067e-05 0.000e+00
4.000e-01 1.842e-04 1.189e-01 9.523e-06 0.000e+00
4.245e-01 1.636e-04 1.161e-01 8.036e-06 0.000e+00
4.686e-01 1.343e-04 1.115e-01 6.101e-06 0.000e+00
5.000e-01 1.180e-04 1.086e-01 5.122e-06 0.000e+00
5.173e-01 1.103e-04 1.070e-01 4.682e-06 0.000e+00
5.710e-01 9.053e-05 1.026e-01 3.624e-06 0.000e+00
6.000e-01 8.200e-05 1.004e-01 3.185e-06 0.000e+00
6.304e-01 7.429e-05 9.828e-02 2.796e-06 0.000e+00
6.959e-01 6.096e-05 9.405e-02 2.168e-06 0.000e+00
7.682e-01 5.003e-05 8.991e-02 1.734e-06 0.000e+00
8.000e-01 4.613e-05 8.823e-02 1.606e-06 0.000e+00
8.480e-01 4.106e-05 8.584e-02 1.460e-06 0.000e+00
9.361e-01 3.370e-05 8.188e-02 1.214e-06 0.000e+00
1.000e+00 2.953e-05 7.934e-02 9.984e-07 0.000e+00
1.022e+00 2.827e-05 7.852e-02 9.207e-07 0.000e+00
1.033e+00 2.768e-05 7.812e-02 8.873e-07 2.312e-09
1.141e+00 2.269e-05 7.435e-02 7.075e-07 2.202e-06
1.250e+00 1.890e-05 7.095e-02 6.252e-07 1.195e-05
1.259e+00 1.863e-05 7.068e-02 6.188e-07 1.315e-05
1.390e+00 1.529e-05 6.714e-02 5.230e-07 3.734e-05
1.500e+00 1.313e-05 6.450e-02 4.540e-07 6.642e-05
1.535e+00 1.254e-05 6.371e-02 4.356e-07 7.713e-05
1.694e+00 1.030e-05 6.038e-02 3.695e-07 1.331e-04
1.870e+00 8.448e-06 5.715e-02 3.171e-07 2.060e-04
2.000e+00 7.385e-06 5.503e-02 2.865e-07 2.650e-04
2.044e+00 7.070e-06 5.435e-02 2.773e-07 2.857e-04
2.065e+00 6.926e-06 5.404e-02 2.730e-07 2.956e-04
2.279e+00 5.686e-06 5.105e-02 2.360e-07 4.002e-04
2.516e+00 4.665e-06 4.816e-02 2.048e-07 5.206e-04
2.778e+00 3.828e-06 4.537e-02 1.785e-07 6.572e-04
3.000e+00 3.283e-06 4.329e-02 1.608e-07 7.742e-04
3.066e+00 3.143e-06 4.271e-02 1.562e-07 8.090e-04
3.385e+00 2.578e-06 4.016e-02 1.370e-07 9.773e-04
3.737e+00 2.116e-06 3.772e-02 1.206e-07 1.161e-03
4.000e+00 1.846e-06 3.611e-02 1.107e-07 1.294e-03
4.125e+00 1.736e-06 3.540e-02 1.065e-07 1.357e-03
4.554e+00 1.424e-06 3.318e-02 9.420e-08 1.567e-03
5.000e+00 1.182e-06 3.119e-02 8.408e-08 1.777e-03
5.027e+00 1.169e-06 3.108e-02 8.353e-08 1.790e-03
5.549e+00 9.596e-07 2.907e-02 7.421e-08 2.027e-03
6.000e+00 8.207e-07 2.756e-02 6.767e-08 2.223e-03
6.126e+00 7.873e-07 2.717e-02 6.604e-08 2.277e-03
6.762e+00 6.460e-07 2.538e-02 5.889e-08 2.535e-03
7.000e+00 6.028e-07 2.477e-02 5.659e-08 2.627e-03
7.465e+00 5.301e-07 2.368e-02 5.257e-08 2.803e-03
8.000e+00 4.617e-07 2.255e-02 4.859e-08 2.996e-03
8.241e+00 4.351e-07 2.208e-02 4.699e-08 3.080e-03
9.000e+00 3.647e-07 2.073e-02 4.258e-08 3.335e-03
9.097e+00 3.570e-07 2.057e-02 4.208e-08 3.366e-03
1.000e+01 2.954e-07 1.920e-02 3.789e-08 3.645e-03
1.004e+01 2.931e-07 1.915e-02 3.772e-08 3.657e-03
1.100e+01 2.442e-07 1.791e-02 3.410e-08 3.930e-03
1.109e+01 2.402e-07 1.781e-02 3.380e-08 3.955e-03
1.200e+01 2.052e-07 1.680e-02 3.101e-08 4.193e-03
1.224e+01 1.972e-07 1.655e-02 3.035e-08 4.253e-03
1.300e+01 1.748e-07 1.582e-02 2.843e-08 4.439e-03
1.351e+01 1.619e-07 1.538e-02 2.727e-08 4.558e-03
1.400e+01 1.507e-07 1.497e-02 2.624e-08 4.668e-03
1.491e+01 1.329e-07 1.428e-02 2.453e-08 4.864e-03
1.500e+01 1.313e-07 1.421e-02 2.437e-08 4.882e-03
1.600e+01 1.154e-07 1.353e-02 2.275e-08 5.088e-03
1.646e+01 1.090e-07 1.325e-02 2.207e-08 5.178e-03
1.800e+01 9.119e-08 1.237e-02 2.007e-08 5.461e-03
1.818e+01 8.939e-08 1.228e-02 1.986e-08 5.493e-03
2.000e+01 7.385e-08 1.141e-02 1.796e-08 5.798e-03
