# MAGNESIUM from NIST Database
1.740e+00 0.000e+00 0.000e+00 0.000e+00 0.000e+00
1.200e+01 1.000e+00 3.500e+00 0.000e+00 0.000e+00
0.000e+00 0.000e+00 0.000e+00 0.000e+00 0.000e+00
1.000e-03 2.146e+00 1.543e-02 9.202e+02 0.000e+00
1.020e-03 2.138e+00 1.584e-02 8.727e+02 0.000e+00
1.126e-03 2.097e+00 1.806e-02 6.696e+02 0.000e+00
1.243e-03 2.053e+00 2.048e-02 5.138e+02 0.000e+00
1.305e-03 2.030e+00 2.172e-02 4.509e+02 0.000e+00
1.305e-03 2.030e+00 2.172e-02 5.441e+03 0.000e+00
1.372e-03 2.005e+00 2.301e-02 4.884e+03 0.000e+00
1.500e-03 1.956e+00 2.535e-02 4.002e+03 0.000e+00
1.515e-03 1.951e+00 2.561e-02 3.910e+03 0.000e+00
1.672e-03 1.893e+00 2.823e-02 3.075e+03 0.000e+00
1.846e-03 1.832e+00 3.090e-02 2.383e+03 0.000e+00
2.000e-03 1.781e+00 3.310e-02 1.930e+03 0.000e+00
2.038e-03 1.768e+00 3.363e-02 1.836e+03 0.000e+00
2.250e-03 1.702e+00 3.645e-02 1.415e+03 0.000e+00
2.483e-03 1.635e+00 3.940e-02 1.090e+03 0.000e+00
2.741e-03 1.565e+00 4.254e-02 8.378e+02 0.000e+00
3.000e-03 1.499e+00 4.562e-02 6.568e+02 0.000e+00
3.026e-03 1.493e+00 4.592e-02 6.416e+02 0.000e+00
3.341e-03 1.419e+00 4.963e-02 4.892e+02 0.000e+00
3.688e-03 1.343e+00 5.367e-02 3.718e+02 0.000e+00
4.000e-03 1.279e+00 5.726e-02 2.961e+02 0.000e+00
4.071e-03 1.264e+00 5.807e-02 2.818e+02 0.000e+00
4.494e-03 1.182e+00 6.286e-02 2.130e+02 0.000e+00
4.961e-03 1.098e+00 6.801e-02 1.607e+02 0.000e+00
5.000e-03 1.091e+00 6.844e-02 1.571e+02 0.000e+00
5.477e-03 1.011e+00 7.352e-02 1.209e+02 0.000e+00
6.000e-03 9.296e-01 7.887e-02 9.279e+01 0.000e+00
6.046e-03 9.228e-01 7.932e-02 9.075e+01 0.000e+00
6.675e-03 8.349e-01 8.538e-02 6.795e+01 0.000e+00
7.368e-03 7.492e-01 9.158e-02 5.081e+01 0.000e+00
8.000e-03 6.804e-01 9.681e-02 3.982e+01 0.000e+00
8.134e-03 6.669e-01 9.786e-02 3.790e+01 0.000e+00
8.979e-03 5.893e-01 1.041e-01 2.823e+01 0.000e+00
9.912e-03 5.177e-01 1.102e-01 2.098e+01 0.000e+00
1.000e-02 5.117e-01 1.107e-01 2.043e+01 0.000e+00
1.094e-02 4.528e-01 1.159e-01 1.558e+01 0.000e+00
1.208e-02 3.942e-01 1.214e-01 1.153e+01 0.000e+00
1.334e-02 3.421e-01 1.264e-01 8.512e+00 0.000e+00
1.472e-02 2.965e-01 1.309e-01 6.291e+00 0.000e+00
1.500e-02 2.884e-01 1.318e-01 5.937e+00 0.000e+00
1.625e-02 2.563e-01 1.351e-01 4.637e+00 0.000e+00
1.794e-02 2.213e-01 1.387e-01 3.413e+00 0.000e+00
1.980e-02 1.909e-01 1.419e-01 2.510e+00 0.000e+00
2.000e-02 1.880e-01 1.422e-01 2.433e+00 0.000e+00
2.186e-02 1.643e-01 1.448e-01 1.842e+00 0.000e+00
2.413e-02 1.413e-01 1.473e-01 1.350e+00 0.000e+00
2.664e-02 1.212e-01 1.494e-01 9.883e-01 0.000e+00
2.941e-02 1.037e-01 1.512e-01 7.225e-01 0.000e+00
3.000e-02 1.005e-01 1.515e-01 6.784e-01 0.000e+00
3.247e-02 8.848e-02 1.526e-01 5.276e-01 0.000e+00
3.584e-02 7.526e-02 1.537e-01 3.851e-01 0.000e+00
3.957e-02 6.377e-02 1.543e-01 2.806e-01 0.000e+00
4.000e-02 6.261e-02 1.544e-01 2.711e-01 0.000e+00
4.368e-02 5.386e-02 1.546e-01 2.044e-01 0.000e+00
4.822e-02 4.534e-02 1.545e-01 1.488e-01 0.000e+00
5.000e-02 4.254e-02 1.543e-01 1.324e-01 0.000e+00
5.323e-02 3.808e-02 1.539e-01 1.082e-01 0.000e+00
5.876e-02 3.190e-02 1.530e-01 7.860e-02 0.000e+00
6.000e-02 3.072e-02 1.528e-01 7.346e-02 0.000e+00
6.486e-02 2.668e-02 1.518e-01 5.710e-02 0.000e+00
7.161e-02 2.227e-02 1.502e-01 4.144e-02 0.000e+00
7.905e-02 1.856e-02 1.483e-01 3.008e-02 0.000e+00
8.000e-02 1.815e-02 1.480e-01 2.894e-02 0.000e+00
8.726e-02 1.545e-02 1.461e-01 2.183e-02 0.000e+00
9.633e-02 1.284e-02 1.436e-01 1.584e-02 0.000e+00
1.000e-01 1.197e-02 1.426e-01 1.403e-02 0.000e+00
1.063e-01 1.067e-02 1.409e-01 1.151e-02 0.000e+00
1.174e-01 8.834e-03 1.380e-01 8.341e-03 0.000e+00
1.296e-01 7.315e-03 1.349e-01 6.060e-03 0.000e+00
1.431e-01 6.048e-03 1.317e-01 4.404e-03 0.000e+00
1.500e-01 5.523e-03 1.301e-01 3.786e-03 0.000e+00
1.579e-01 5.001e-03 1.283e-01 3.212e-03 0.000e+00
1.743e-01 4.128e-03 1.248e-01 2.342e-03 0.000e+00
1.925e-01 3.402e-03 1.212e-01 1.709e-03 0.000e+00
2.000e-01 3.157e-03 1.198e-01 1.514e-03 0.000e+00
2.125e-01 2.803e-03 1.176e-01 1.251e-03 0.000e+00
2.345e-01 2.310e-03 1.139e-01 9.198e-04 0.000e+00
2.589e-01 1.901e-03 1.102e-01 6.773e-04 0.000e+00
2.858e-01 1.564e-03 1.065e-01 5.010e-04 0.000e+00
3.000e-01 1.421e-03 1.046e-01 4.329e-04 0.000e+00
3.155e-01 1.286e-03 1.027e-01 3.723e-04 0.000e+00
3.483e-01 1.057e-03 9.905e-02 2.781e-04 0.000e+00
3.845e-01 8.686e-04 9.539e-02 2.089e-04 0.000e+00
4.000e-01 8.030e-04 9.393e-02 1.867e-04 0.000e+00
4.245e-01 7.135e-04 9.176e-02 1.579e-04 0.000e+00
4.686e-01 5.862e-04 8.818e-02 1.203e-04 0.000e+00
5.000e-01 5.151e-04 8.585e-02 1.011e-04 0.000e+00
5.173e-01 4.813e-04 8.465e-02 9.249e-05 0.000e+00
5.710e-01 3.952e-04 8.118e-02 7.167e-05 0.000e+00
6.000e-01 3.580e-04 7.946e-02 6.316e-05 0.000e+00
6.304e-01 3.244e-04 7.777e-02 5.569e-05 0.000e+00
6.959e-01 2.664e-04 7.443e-02 4.357e-05 0.000e+00
7.682e-01 2.187e-04 7.117e-02 3.474e-05 0.000e+00
8.000e-01 2.017e-04 6.985e-02 3.191e-05 0.000e+00
8.480e-01 1.795e-04 6.798e-02 2.849e-05 0.000e+00
9.361e-01 1.473e-04 6.486e-02 2.336e-05 0.000e+00
1.000e+00 1.291e-04 6.281e-02 1.985e-05 0.000e+00
1.022e+00 1.237e-04 6.214e-02 1.868e-05 0.000e+00
1.033e+00 1.211e-04 6.181e-02 1.815e-05 5.829e-09
1.141e+00 9.925e-05 5.883e-02 1.472e-05 5.475e-06
1.250e+00 8.268e-05 5.617e-02 1.266e-05 2.936e-05
1.259e+00 8.150e-05 5.596e-02 1.251e-05 3.229e-05
1.390e+00 6.688e-05 5.316e-02 1.052e-05 9.084e-05
1.500e+00 5.743e-05 5.107e-02 9.178e-06 1.607e-04
1.535e+00 5.484e-05 5.044e-02 8.815e-06 1.864e-04
1.694e+00 4.500e-05 4.783e-02 7.468e-06 3.205e-04
1.870e+00 3.693e-05 4.528e-02 6.375e-06 4.952e-04
2.000e+00 3.231e-05 4.358e-02 5.738e-06 6.365e-04
2.044e+00 3.095e-05 4.304e-02 5.548e-06 6.861e-04
2.065e+00 3.033e-05 4.278e-02 5.461e-06 7.099e-04
2.279e+00 2.492e-05 4.040e-02 4.704e-06 9.591e-04
2.516e+00 2.045e-05 3.812e-02 4.071e-06 1.242e-03
2.778e+00 1.676e-05 3.593e-02 3.538e-06 1.558e-03
3.000e+00 1.436e-05 3.429e-02 3.181e-06 1.824e-03
3.066e+00 1.375e-05 3.384e-02 3.088e-06 1.903e-03
3.385e+00 1.128e-05 3.181e-02 2.702e-06 2.281e-03
3.737e+00 9.256e-06 2.987e-02 2.372e-06 2.688e-03
4.000e+00 8.080e-06 2.859e-02 2.172e-06 2.983e-03
4.125e+00 7.598e-06 2.803e-02 2.088e-06 3.120e-03
4.554e+00 6.234e-06 2.628e-02 1.843e-06 3.575e-03
5.000e+00 5.171e-06 2.470e-02 1.641e-06 4.028e-03
5.027e+00 5.116e-06 2.461e-02 1.631e-06 4.054e-03
5.549e+00 4.198e-06 2.303e-02 1.446e-06 4.559e-03
6.000e+00 3.590e-06 2.183e-02 1.316e-06 4.974e-03
6.126e+00 3.444e-06 2.152e-02 1.284e-06 5.087e-03
6.762e+00 2.828e-06 2.010e-02 1.143e-06 5.628e-03
7.000e+00 2.639e-06 1.962e-02 1.098e-06 5.822e-03
7.465e+00 2.320e-06 1.876e-02 1.019e-06 6.187e-03
8.000e+00 2.020e-06 1.786e-02 9.405e-07 6.589e-03
8.241e+00 1.904e-06 1.749e-02 9.092e-07 6.763e-03
9.000e+00 1.596e-06 1.642e-02 8.226e-07 7.286e-03
9.097e+00 1.562e-06 1.629e-02 8.127e-07 7.350e-03
1.000e+01 1.293e-06 1.521e-02 7.307e-07 7.922e-03
1.004e+01 1.283e-06 1.517e-02 7.274e-07 7.946e-03
1.100e+01 1.068e-06 1.419e-02 6.571e-07 8.501e-03
1.109e+01 1.051e-06 1.410e-02 6.512e-07 8.550e-03
1.200e+01 8.977e-07 1.331e-02 5.969e-07 9.033e-03
1.224e+01 8.628e-07 1.311e-02 5.841e-07 9.156e-03
1.300e+01 7.649e-07 1.253e-02 5.468e-07 9.528e-03
1.351e+01 7.082e-07 1.218e-02 5.244e-07 9.768e-03
1.400e+01 6.596e-07 1.186e-02 5.045e-07 9.990e-03
1.491e+01 5.815e-07 1.131e-02 4.711e-07 1.038e-02
1.500e+01 5.746e-07 1.126e-02 4.680e-07 1.042e-02
1.600e+01 5.050e-07 1.072e-02 4.366e-07 1.083e-02
1.646e+01 4.771e-07 1.049e-02 4.235e-07 1.100e-02
1.800e+01 3.989e-07 9.799e-03 3.848e-07 1.157e-02
1.818e+01 3.911e-07 9.725e-03 3.807e-07 1.164e-02
2.000e+01 3.233e-07 9.036e-03 3.442e-07 1.224e-02
