# MIX D WAX from NIST Database
9.900e-01 0.000e+00 0.000e+00 0.000e+00 0.000e+00
1.000e+00 1.330e-01 3.500e+00 0.000e+00 0.000e+00
6.000e+00 6.478e-02 3.500e+00 0.000e+00 0.000e+00
8.000e+00 2.189e-03 3.500e+00 0.000e+00 0.000e+00
1.200e+01 1.588e-03 3.500e+00 0.000e+00 0.000e+00
2.200e+01 3.005e-04 3.500e+00 0.000e+00 0.000e+00
0.000e+00 0.000e+00 0.000e+00 0.000e+00 0.000e+00
1.000e-03 1.074e+00 1.764e-02 2.000e+03 0.000e+00
1.020e-03 1.069e+00 1.824e-02 1.893e+03 0.000e+00
1.126e-03 1.044e+00 2.160e-02 1.437e+03 0.000e+00
1.243e-03 1.018e+00 2.552e-02 1.090e+03 0.000e+00
1.305e-03 1.004e+00 2.766e-02 9.503e+02 0.000e+00
1.305e-03 1.004e+00 2.766e-02 1.143e+03 0.000e+00
1.372e-03 9.886e-01 3.002e-02 9.984e+02 0.000e+00
1.500e-03 9.587e-01 3.460e-02 7.831e+02 0.000e+00
1.515e-03 9.551e-01 3.514e-02 7.619e+02 0.000e+00
1.672e-03 9.171e-01 4.081e-02 5.789e+02 0.000e+00
1.846e-03 8.747e-01 4.707e-02 4.372e+02 0.000e+00
2.000e-03 8.377e-01 5.254e-02 3.477e+02 0.000e+00
2.038e-03 8.287e-01 5.387e-02 3.294e+02 0.000e+00
2.250e-03 7.798e-01 6.119e-02 2.478e+02 0.000e+00
2.483e-03 7.291e-01 6.891e-02 1.864e+02 0.000e+00
2.741e-03 6.769e-01 7.698e-02 1.399e+02 0.000e+00
3.000e-03 6.289e-01 8.455e-02 1.074e+02 0.000e+00
3.026e-03 6.243e-01 8.528e-02 1.047e+02 0.000e+00
3.341e-03 5.720e-01 9.365e-02 7.822e+01 0.000e+00
3.688e-03 5.211e-01 1.019e-01 5.834e+01 0.000e+00
4.000e-03 4.809e-01 1.086e-01 4.579e+01 0.000e+00
4.071e-03 4.724e-01 1.100e-01 4.344e+01 0.000e+00
4.494e-03 4.264e-01 1.177e-01 3.228e+01 0.000e+00
4.961e-03 3.835e-01 1.249e-01 2.395e+01 0.000e+00
4.966e-03 3.830e-01 1.250e-01 2.387e+01 0.000e+00
4.966e-03 3.830e-01 1.250e-01 3.256e+01 0.000e+00
5.000e-03 3.803e-01 1.255e-01 3.205e+01 0.000e+00
5.477e-03 3.439e-01 1.317e-01 2.503e+01 0.000e+00
6.000e-03 3.105e-01 1.375e-01 1.893e+01 0.000e+00
6.046e-03 3.078e-01 1.380e-01 1.849e+01 0.000e+00
6.675e-03 2.750e-01 1.437e-01 1.375e+01 0.000e+00
7.368e-03 2.454e-01 1.491e-01 1.031e+01 0.000e+00
8.000e-03 2.230e-01 1.532e-01 8.121e+00 0.000e+00
8.134e-03 2.187e-01 1.540e-01 7.736e+00 0.000e+00
8.979e-03 1.948e-01 1.586e-01 5.771e+00 0.000e+00
9.912e-03 1.732e-01 1.629e-01 4.289e+00 0.000e+00
1.000e-02 1.713e-01 1.633e-01 4.176e+00 0.000e+00
1.094e-02 1.537e-01 1.670e-01 3.186e+00 0.000e+00
1.208e-02 1.359e-01 1.708e-01 2.362e+00 0.000e+00
1.334e-02 1.197e-01 1.743e-01 1.749e+00 0.000e+00
1.472e-02 1.051e-01 1.775e-01 1.296e+00 0.000e+00
1.500e-02 1.025e-01 1.780e-01 1.224e+00 0.000e+00
1.625e-02 9.173e-02 1.804e-01 9.580e-01 0.000e+00
1.794e-02 7.964e-02 1.829e-01 7.068e-01 0.000e+00
1.980e-02 6.881e-02 1.851e-01 5.212e-01 0.000e+00
2.000e-02 6.777e-02 1.853e-01 5.053e-01 0.000e+00
2.186e-02 5.913e-02 1.869e-01 3.836e-01 0.000e+00
2.413e-02 5.060e-02 1.882e-01 2.821e-01 0.000e+00
2.664e-02 4.311e-02 1.891e-01 2.072e-01 0.000e+00
2.941e-02 3.661e-02 1.895e-01 1.520e-01 0.000e+00
3.000e-02 3.542e-02 1.895e-01 1.428e-01 0.000e+00
3.247e-02 3.100e-02 1.895e-01 1.114e-01 0.000e+00
3.584e-02 2.619e-02 1.891e-01 8.161e-02 0.000e+00
3.957e-02 2.207e-02 1.884e-01 5.969e-02 0.000e+00
4.000e-02 2.165e-02 1.883e-01 5.768e-02 0.000e+00
4.368e-02 1.855e-02 1.872e-01 4.365e-02 0.000e+00
4.822e-02 1.556e-02 1.858e-01 3.189e-02 0.000e+00
5.000e-02 1.458e-02 1.851e-01 2.842e-02 0.000e+00
5.323e-02 1.303e-02 1.840e-01 2.329e-02 0.000e+00
5.876e-02 1.088e-02 1.818e-01 1.699e-02 0.000e+00
6.000e-02 1.047e-02 1.813e-01 1.589e-02 0.000e+00
6.486e-02 9.075e-03 1.794e-01 1.239e-02 0.000e+00
7.161e-02 7.551e-03 1.767e-01 9.031e-03 0.000e+00
7.905e-02 6.274e-03 1.738e-01 6.582e-03 0.000e+00
8.000e-02 6.134e-03 1.735e-01 6.335e-03 0.000e+00
8.726e-02 5.204e-03 1.707e-01 4.796e-03 0.000e+00
9.633e-02 4.310e-03 1.673e-01 3.493e-03 0.000e+00
1.000e-01 4.012e-03 1.660e-01 3.099e-03 0.000e+00
1.063e-01 3.568e-03 1.637e-01 2.548e-03 0.000e+00
1.174e-01 2.946e-03 1.600e-01 1.855e-03 0.000e+00
1.296e-01 2.432e-03 1.561e-01 1.353e-03 0.000e+00
1.431e-01 2.005e-03 1.521e-01 9.870e-04 0.000e+00
1.500e-01 1.829e-03 1.501e-01 8.500e-04 0.000e+00
1.579e-01 1.654e-03 1.480e-01 7.224e-04 0.000e+00
1.743e-01 1.362e-03 1.438e-01 5.287e-04 0.000e+00
1.925e-01 1.121e-03 1.395e-01 3.871e-04 0.000e+00
2.000e-01 1.039e-03 1.378e-01 3.435e-04 0.000e+00
2.125e-01 9.221e-04 1.352e-01 2.844e-04 0.000e+00
2.345e-01 7.590e-04 1.309e-01 2.097e-04 0.000e+00
2.589e-01 6.240e-04 1.265e-01 1.550e-04 0.000e+00
2.858e-01 5.129e-04 1.222e-01 1.150e-04 0.000e+00
3.000e-01 4.659e-04 1.201e-01 9.948e-05 0.000e+00
3.155e-01 4.215e-04 1.179e-01 8.569e-05 0.000e+00
3.483e-01 3.463e-04 1.136e-01 6.417e-05 0.000e+00
3.845e-01 2.844e-04 1.093e-01 4.832e-05 0.000e+00
4.000e-01 2.629e-04 1.077e-01 4.321e-05 0.000e+00
4.245e-01 2.335e-04 1.051e-01 3.659e-05 0.000e+00
4.686e-01 1.918e-04 1.010e-01 2.792e-05 0.000e+00
5.000e-01 1.685e-04 9.835e-02 2.349e-05 0.000e+00
5.173e-01 1.575e-04 9.696e-02 2.149e-05 0.000e+00
5.710e-01 1.293e-04 9.296e-02 1.667e-05 0.000e+00
6.000e-01 1.171e-04 9.098e-02 1.470e-05 0.000e+00
6.304e-01 1.061e-04 8.904e-02 1.297e-05 0.000e+00
6.959e-01 8.711e-05 8.521e-02 1.016e-05 0.000e+00
7.682e-01 7.150e-05 8.146e-02 8.105e-06 0.000e+00
8.000e-01 6.593e-05 7.993e-02 7.449e-06 0.000e+00
8.480e-01 5.868e-05 7.777e-02 6.655e-06 0.000e+00
9.361e-01 4.816e-05 7.418e-02 5.457e-06 0.000e+00
1.000e+00 4.221e-05 7.188e-02 4.632e-06 0.000e+00
1.022e+00 4.042e-05 7.114e-02 4.357e-06 0.000e+00
1.033e+00 3.956e-05 7.078e-02 4.234e-06 2.821e-09
1.141e+00 3.243e-05 6.736e-02 3.431e-06 2.672e-06
1.250e+00 2.702e-05 6.428e-02 2.952e-06 1.443e-05
1.259e+00 2.664e-05 6.404e-02 2.917e-06 1.588e-05
1.390e+00 2.186e-05 6.083e-02 2.451e-06 4.495e-05
1.500e+00 1.877e-05 5.844e-02 2.136e-06 7.981e-05
1.535e+00 1.792e-05 5.772e-02 2.051e-06 9.264e-05
1.694e+00 1.472e-05 5.471e-02 1.735e-06 1.597e-04
1.870e+00 1.208e-05 5.179e-02 1.479e-06 2.470e-04
2.000e+00 1.056e-05 4.986e-02 1.330e-06 3.177e-04
2.044e+00 1.011e-05 4.924e-02 1.286e-06 3.424e-04
2.065e+00 9.904e-06 4.896e-02 1.266e-06 3.544e-04
2.279e+00 8.131e-06 4.625e-02 1.089e-06 4.793e-04
2.516e+00 6.672e-06 4.363e-02 9.409e-07 6.226e-04
2.778e+00 5.473e-06 4.111e-02 8.163e-07 7.841e-04
3.000e+00 4.694e-06 3.922e-02 7.330e-07 9.218e-04
3.066e+00 4.494e-06 3.870e-02 7.113e-07 9.627e-04
3.385e+00 3.687e-06 3.639e-02 6.215e-07 1.160e-03
3.737e+00 3.025e-06 3.418e-02 5.449e-07 1.373e-03
4.000e+00 2.640e-06 3.272e-02 4.986e-07 1.529e-03
4.125e+00 2.483e-06 3.207e-02 4.792e-07 1.601e-03
4.554e+00 2.037e-06 3.007e-02 4.224e-07 1.845e-03
5.000e+00 1.690e-06 2.826e-02 3.759e-07 2.088e-03
5.027e+00 1.672e-06 2.816e-02 3.733e-07 2.102e-03
5.549e+00 1.372e-06 2.634e-02 3.306e-07 2.375e-03
6.000e+00 1.173e-06 2.498e-02 3.008e-07 2.601e-03
6.126e+00 1.126e-06 2.462e-02 2.934e-07 2.661e-03
6.762e+00 9.237e-07 2.300e-02 2.608e-07 2.957e-03
7.000e+00 8.620e-07 2.245e-02 2.504e-07 3.063e-03
7.465e+00 7.580e-07 2.146e-02 2.323e-07 3.263e-03
8.000e+00 6.601e-07 2.043e-02 2.143e-07 3.484e-03
8.241e+00 6.221e-07 2.000e-02 2.071e-07 3.581e-03
9.000e+00 5.215e-07 1.878e-02 1.873e-07 3.870e-03
9.097e+00 5.105e-07 1.864e-02 1.850e-07 3.906e-03
1.000e+01 4.224e-07 1.740e-02 1.662e-07 4.223e-03
1.004e+01 4.191e-07 1.735e-02 1.655e-07 4.237e-03
1.100e+01 3.491e-07 1.623e-02 1.494e-07 4.546e-03
1.109e+01 3.435e-07 1.613e-02 1.480e-07 4.574e-03
1.200e+01 2.933e-07 1.522e-02 1.356e-07 4.844e-03
1.224e+01 2.820e-07 1.500e-02 1.327e-07 4.913e-03
1.300e+01 2.500e-07 1.434e-02 1.242e-07 5.123e-03
1.351e+01 2.315e-07 1.393e-02 1.191e-07 5.257e-03
1.400e+01 2.155e-07 1.356e-02 1.145e-07 5.382e-03
1.491e+01 1.900e-07 1.294e-02 1.069e-07 5.603e-03
1.500e+01 1.878e-07 1.288e-02 1.062e-07 5.625e-03
1.600e+01 1.650e-07 1.226e-02 9.904e-08 5.856e-03
1.646e+01 1.559e-07 1.200e-02 9.605e-08 5.957e-03
1.800e+01 1.304e-07 1.121e-02 8.725e-08 6.277e-03
1.818e+01 1.278e-07 1.112e-02 8.632e-08 6.312e-03
2.000e+01 1.056e-07 1.033e-02 7.797e-08 6.655e-03
