# MANGANESE from NIST Database
7.440e+00 0.000e+00 0.000e+00 0.000e+00 0.000e+00
2.500e+01 1.000e+00 3.500e+00 0.000e+00 0.000e+00
0.000e+00 0.000e+00 0.000e+00 0.000e+00 0.000e+00
1.000e-03 4.240e+00 9.236e-03 8.089e+03 0.000e+00
1.020e-03 4.227e+00 9.497e-03 7.704e+03 0.000e+00
1.126e-03 4.164e+00 1.090e-02 6.038e+03 0.000e+00
1.243e-03 4.097e+00 1.248e-02 4.733e+03 0.000e+00
1.372e-03 4.023e+00 1.422e-02 3.711e+03 0.000e+00
1.500e-03 3.948e+00 1.591e-02 2.979e+03 0.000e+00
1.515e-03 3.939e+00 1.610e-02 2.904e+03 0.000e+00
1.672e-03 3.844e+00 1.806e-02 2.251e+03 0.000e+00
1.846e-03 3.738e+00 2.013e-02 1.743e+03 0.000e+00
2.000e-03 3.646e+00 2.190e-02 1.417e+03 0.000e+00
2.038e-03 3.623e+00 2.233e-02 1.348e+03 0.000e+00
2.250e-03 3.500e+00 2.471e-02 1.036e+03 0.000e+00
2.483e-03 3.368e+00 2.727e-02 7.972e+02 0.000e+00
2.741e-03 3.228e+00 3.004e-02 6.128e+02 0.000e+00
3.000e-03 3.091e+00 3.276e-02 4.820e+02 0.000e+00
3.026e-03 3.078e+00 3.304e-02 4.708e+02 0.000e+00
3.341e-03 2.919e+00 3.628e-02 3.595e+02 0.000e+00
3.688e-03 2.754e+00 3.976e-02 2.747e+02 0.000e+00
4.000e-03 2.613e+00 4.279e-02 2.202e+02 0.000e+00
4.071e-03 2.582e+00 4.347e-02 2.098e+02 0.000e+00
4.494e-03 2.406e+00 4.741e-02 1.597e+02 0.000e+00
4.961e-03 2.227e+00 5.158e-02 1.215e+02 0.000e+00
5.000e-03 2.213e+00 5.191e-02 1.189e+02 0.000e+00
5.477e-03 2.047e+00 5.595e-02 9.226e+01 0.000e+00
6.000e-03 1.884e+00 6.014e-02 7.156e+01 0.000e+00
6.046e-03 1.871e+00 6.049e-02 7.004e+01 0.000e+00
6.539e-03 1.735e+00 6.420e-02 5.623e+01 0.000e+00
6.539e-03 1.735e+00 6.420e-02 4.502e+02 0.000e+00
6.675e-03 1.700e+00 6.519e-02 4.279e+02 0.000e+00
7.368e-03 1.537e+00 7.004e-02 3.351e+02 0.000e+00
8.000e-03 1.407e+00 7.414e-02 2.720e+02 0.000e+00
8.134e-03 1.382e+00 7.498e-02 2.605e+02 0.000e+00
8.979e-03 1.240e+00 7.992e-02 2.008e+02 0.000e+00
9.912e-03 1.110e+00 8.480e-02 1.538e+02 0.000e+00
1.000e-02 1.099e+00 8.523e-02 1.502e+02 0.000e+00
1.094e-02 9.935e-01 8.955e-02 1.177e+02 0.000e+00
1.208e-02 8.873e-01 9.417e-02 8.986e+01 0.000e+00
1.334e-02 7.908e-01 9.862e-02 6.846e+01 0.000e+00
1.472e-02 7.036e-01 1.029e-01 5.215e+01 0.000e+00
1.500e-02 6.878e-01 1.036e-01 4.948e+01 0.000e+00
1.625e-02 6.236e-01 1.069e-01 3.955e+01 0.000e+00
1.794e-02 5.503e-01 1.108e-01 2.990e+01 0.000e+00
1.980e-02 4.829e-01 1.144e-01 2.257e+01 0.000e+00
2.000e-02 4.764e-01 1.148e-01 2.193e+01 0.000e+00
2.186e-02 4.209e-01 1.178e-01 1.699e+01 0.000e+00
2.413e-02 3.646e-01 1.209e-01 1.277e+01 0.000e+00
2.664e-02 3.142e-01 1.238e-01 9.569e+00 0.000e+00
2.941e-02 2.696e-01 1.263e-01 7.160e+00 0.000e+00
3.000e-02 2.613e-01 1.267e-01 6.753e+00 0.000e+00
3.247e-02 2.306e-01 1.284e-01 5.347e+00 0.000e+00
3.584e-02 1.968e-01 1.301e-01 3.988e+00 0.000e+00
3.957e-02 1.677e-01 1.314e-01 2.968e+00 0.000e+00
4.000e-02 1.648e-01 1.315e-01 2.873e+00 0.000e+00
4.368e-02 1.427e-01 1.323e-01 2.206e+00 0.000e+00
4.822e-02 1.214e-01 1.328e-01 1.637e+00 0.000e+00
5.000e-02 1.143e-01 1.330e-01 1.467e+00 0.000e+00
5.323e-02 1.031e-01 1.331e-01 1.213e+00 0.000e+00
5.876e-02 8.737e-02 1.330e-01 8.978e-01 0.000e+00
6.000e-02 8.435e-02 1.330e-01 8.424e-01 0.000e+00
6.486e-02 7.393e-02 1.326e-01 6.639e-01 0.000e+00
7.161e-02 6.240e-02 1.318e-01 4.901e-01 0.000e+00
7.905e-02 5.254e-02 1.307e-01 3.616e-01 0.000e+00
8.000e-02 5.145e-02 1.306e-01 3.486e-01 0.000e+00
8.726e-02 4.413e-02 1.293e-01 2.667e-01 0.000e+00
9.633e-02 3.696e-02 1.277e-01 1.965e-01 0.000e+00
1.000e-01 3.454e-02 1.270e-01 1.751e-01 0.000e+00
1.063e-01 3.091e-02 1.259e-01 1.449e-01 0.000e+00
1.174e-01 2.575e-02 1.237e-01 1.066e-01 0.000e+00
1.296e-01 2.144e-02 1.214e-01 7.853e-02 0.000e+00
1.431e-01 1.782e-02 1.188e-01 5.783e-02 0.000e+00
1.500e-01 1.631e-02 1.175e-01 5.002e-02 0.000e+00
1.579e-01 1.481e-02 1.161e-01 4.270e-02 0.000e+00
1.743e-01 1.228e-02 1.132e-01 3.152e-02 0.000e+00
1.925e-01 1.017e-02 1.102e-01 2.326e-02 0.000e+00
2.000e-01 9.452e-03 1.090e-01 2.071e-02 0.000e+00
2.125e-01 8.416e-03 1.070e-01 1.722e-02 0.000e+00
2.345e-01 6.964e-03 1.039e-01 1.280e-02 0.000e+00
2.589e-01 5.753e-03 1.006e-01 9.518e-03 0.000e+00
2.858e-01 4.750e-03 9.734e-02 7.107e-03 0.000e+00
3.000e-01 4.322e-03 9.573e-02 6.167e-03 0.000e+00
3.155e-01 3.918e-03 9.405e-02 5.327e-03 0.000e+00
3.483e-01 3.230e-03 9.075e-02 4.011e-03 0.000e+00
3.845e-01 2.661e-03 8.746e-02 3.035e-03 0.000e+00
4.000e-01 2.462e-03 8.615e-02 2.720e-03 0.000e+00
4.245e-01 2.190e-03 8.419e-02 2.310e-03 0.000e+00
4.686e-01 1.802e-03 8.095e-02 1.770e-03 0.000e+00
5.000e-01 1.585e-03 7.885e-02 1.492e-03 0.000e+00
5.173e-01 1.482e-03 7.775e-02 1.366e-03 0.000e+00
5.710e-01 1.219e-03 7.461e-02 1.062e-03 0.000e+00
6.000e-01 1.105e-03 7.305e-02 9.385e-04 0.000e+00
6.304e-01 1.002e-03 7.151e-02 8.303e-04 0.000e+00
6.959e-01 8.233e-04 6.847e-02 6.537e-04 0.000e+00
7.682e-01 6.764e-04 6.548e-02 5.215e-04 0.000e+00
8.000e-01 6.239e-04 6.427e-02 4.778e-04 0.000e+00
8.480e-01 5.556e-04 6.255e-02 4.237e-04 0.000e+00
9.361e-01 4.564e-04 5.968e-02 3.453e-04 0.000e+00
1.000e+00 4.001e-04 5.782e-02 2.973e-04 0.000e+00
1.022e+00 3.831e-04 5.722e-02 2.820e-04 0.000e+00
1.033e+00 3.750e-04 5.692e-02 2.750e-04 1.445e-08
1.141e+00 3.076e-04 5.419e-02 2.244e-04 1.277e-05
1.250e+00 2.564e-04 5.173e-02 1.907e-04 6.519e-05
1.259e+00 2.527e-04 5.154e-02 1.883e-04 7.144e-05
1.390e+00 2.074e-04 4.896e-02 1.577e-04 1.928e-04
1.500e+00 1.781e-04 4.704e-02 1.376e-04 3.336e-04
1.535e+00 1.701e-04 4.646e-02 1.321e-04 3.848e-04
1.694e+00 1.397e-04 4.407e-02 1.115e-04 6.516e-04
1.870e+00 1.147e-04 4.172e-02 9.466e-05 9.984e-04
2.000e+00 1.003e-04 4.015e-02 8.493e-05 1.278e-03
2.044e+00 9.599e-05 3.965e-02 8.204e-05 1.376e-03
2.065e+00 9.405e-05 3.941e-02 8.072e-05 1.423e-03
2.279e+00 7.724e-05 3.721e-02 6.923e-05 1.908e-03
2.516e+00 6.338e-05 3.511e-02 5.961e-05 2.454e-03
2.778e+00 5.199e-05 3.310e-02 5.154e-05 3.054e-03
3.000e+00 4.458e-05 3.159e-02 4.616e-05 3.557e-03
3.066e+00 4.268e-05 3.117e-02 4.476e-05 3.706e-03
3.385e+00 3.502e-05 2.932e-02 3.899e-05 4.412e-03
3.737e+00 2.874e-05 2.754e-02 3.408e-05 5.170e-03
4.000e+00 2.508e-05 2.636e-02 3.112e-05 5.715e-03
4.125e+00 2.358e-05 2.584e-02 2.988e-05 5.969e-03
4.554e+00 1.935e-05 2.422e-02 2.627e-05 6.809e-03
5.000e+00 1.605e-05 2.277e-02 2.332e-05 7.639e-03
5.027e+00 1.588e-05 2.269e-02 2.316e-05 7.688e-03
5.549e+00 1.303e-05 2.123e-02 2.046e-05 8.608e-03
6.000e+00 1.115e-05 2.013e-02 1.858e-05 9.361e-03
6.126e+00 1.069e-05 1.984e-02 1.811e-05 9.564e-03
6.762e+00 8.777e-06 1.853e-02 1.607e-05 1.054e-02
7.000e+00 8.191e-06 1.809e-02 1.541e-05 1.090e-02
7.465e+00 7.202e-06 1.728e-02 1.427e-05 1.156e-02
8.000e+00 6.271e-06 1.645e-02 1.315e-05 1.228e-02
8.241e+00 5.910e-06 1.611e-02 1.270e-05 1.259e-02
9.000e+00 4.955e-06 1.513e-02 1.147e-05 1.354e-02
9.097e+00 4.850e-06 1.501e-02 1.132e-05 1.366e-02
1.000e+01 4.013e-06 1.402e-02 1.016e-05 1.468e-02
1.004e+01 3.981e-06 1.398e-02 1.011e-05 1.472e-02
1.100e+01 3.317e-06 1.308e-02 9.118e-06 1.572e-02
1.109e+01 3.263e-06 1.300e-02 9.034e-06 1.580e-02
1.200e+01 2.788e-06 1.227e-02 8.267e-06 1.667e-02
1.224e+01 2.679e-06 1.209e-02 8.086e-06 1.688e-02
1.300e+01 2.375e-06 1.155e-02 7.561e-06 1.754e-02
1.351e+01 2.199e-06 1.123e-02 7.245e-06 1.797e-02
1.400e+01 2.048e-06 1.093e-02 6.965e-06 1.837e-02
1.491e+01 1.805e-06 1.042e-02 6.498e-06 1.906e-02
1.500e+01 1.783e-06 1.038e-02 6.455e-06 1.912e-02
1.600e+01 1.568e-06 9.881e-03 6.016e-06 1.984e-02
1.646e+01 1.481e-06 9.670e-03 5.833e-06 2.016e-02
1.800e+01 1.239e-06 9.030e-03 5.292e-06 2.117e-02
1.818e+01 1.214e-06 8.962e-03 5.236e-06 2.127e-02
2.000e+01 1.003e-06 8.328e-03 4.724e-06 2.234e-02
