# MOLYBDENUM from NIST Database
1.022e+01 0.000e+00 0.000e+00 0.000e+00 0.000e+00
4.200e+01 1.000e+00 3.500e+00 0.000e+00 0.000e+00
0.000e+00 0.000e+00 0.000e+00 0.000e+00 0.000e+00
1.000e-03 6.942e+00 6.428e-03 4.936e+03 0.000e+00
1.020e-03 6.925e+00 6.611e-03 4.713e+03 0.000e+00
1.126e-03 6.839e+00 7.604e-03 3.743e+03 0.000e+00
1.243e-03 6.748e+00 8.729e-03 2.973e+03 0.000e+00
1.372e-03 6.646e+00 9.982e-03 2.362e+03 0.000e+00
1.500e-03 6.541e+00 1.122e-02 1.918e+03 0.000e+00
1.515e-03 6.528e+00 1.136e-02 1.872e+03 0.000e+00
1.672e-03 6.392e+00 1.284e-02 1.473e+03 0.000e+00
1.846e-03 6.240e+00 1.444e-02 1.158e+03 0.000e+00
2.000e-03 6.106e+00 1.584e-02 9.535e+02 0.000e+00
2.038e-03 6.073e+00 1.618e-02 9.098e+02 0.000e+00
2.250e-03 5.893e+00 1.808e-02 7.109e+02 0.000e+00
2.483e-03 5.697e+00 2.013e-02 5.561e+02 0.000e+00
2.520e-03 5.666e+00 2.045e-02 5.359e+02 0.000e+00
2.520e-03 5.666e+00 2.045e-02 1.973e+03 0.000e+00
2.572e-03 5.622e+00 2.090e-02 1.855e+03 0.000e+00
2.625e-03 5.578e+00 2.135e-02 1.744e+03 0.000e+00
2.625e-03 5.578e+00 2.135e-02 2.427e+03 0.000e+00
2.741e-03 5.482e+00 2.235e-02 2.182e+03 0.000e+00
2.865e-03 5.381e+00 2.341e-02 1.956e+03 0.000e+00
2.865e-03 5.381e+00 2.341e-02 2.237e+03 0.000e+00
3.000e-03 5.275e+00 2.454e-02 2.006e+03 0.000e+00
3.026e-03 5.254e+00 2.475e-02 1.963e+03 0.000e+00
3.341e-03 5.015e+00 2.733e-02 1.526e+03 0.000e+00
3.688e-03 4.766e+00 3.009e-02 1.187e+03 0.000e+00
4.000e-03 4.556e+00 3.250e-02 9.660e+02 0.000e+00
4.071e-03 4.510e+00 3.304e-02 9.229e+02 0.000e+00
4.494e-03 4.249e+00 3.619e-02 7.138e+02 0.000e+00
4.961e-03 3.986e+00 3.955e-02 5.521e+02 0.000e+00
5.000e-03 3.965e+00 3.982e-02 5.410e+02 0.000e+00
5.477e-03 3.723e+00 4.311e-02 4.249e+02 0.000e+00
6.000e-03 3.486e+00 4.654e-02 3.336e+02 0.000e+00
6.046e-03 3.466e+00 4.684e-02 3.268e+02 0.000e+00
6.675e-03 3.217e+00 5.071e-02 2.504e+02 0.000e+00
7.368e-03 2.974e+00 5.468e-02 1.919e+02 0.000e+00
8.000e-03 2.774e+00 5.805e-02 1.537e+02 0.000e+00
8.134e-03 2.734e+00 5.874e-02 1.469e+02 0.000e+00
8.979e-03 2.500e+00 6.282e-02 1.120e+02 0.000e+00
9.912e-03 2.285e+00 6.682e-02 8.547e+01 0.000e+00
1.000e-02 2.267e+00 6.716e-02 8.342e+01 0.000e+00
1.094e-02 2.096e+00 7.062e-02 6.497e+01 0.000e+00
1.208e-02 1.911e+00 7.439e-02 4.932e+01 0.000e+00
1.334e-02 1.713e+00 7.835e-02 3.742e+01 0.000e+00
1.472e-02 1.493e+00 8.280e-02 2.846e+01 0.000e+00
1.500e-02 1.448e+00 8.373e-02 2.700e+01 0.000e+00
1.625e-02 1.257e+00 8.797e-02 2.155e+01 0.000e+00
1.794e-02 1.071e+00 9.272e-02 1.630e+01 0.000e+00
1.980e-02 9.900e-01 9.507e-02 1.234e+01 0.000e+00
2.000e-02 9.893e-01 9.510e-02 1.200e+01 0.000e+00
2.000e-02 9.893e-01 9.510e-02 7.846e+01 0.000e+00
2.000e-02 9.893e-01 9.510e-02 7.846e+01 0.000e+00
2.186e-02 9.469e-01 9.617e-02 7.242e+01 0.000e+00
2.413e-02 8.326e-01 9.930e-02 5.722e+01 0.000e+00
2.664e-02 6.976e-01 1.036e-01 4.135e+01 0.000e+00
2.941e-02 5.785e-01 1.079e-01 2.929e+01 0.000e+00
3.000e-02 5.583e-01 1.087e-01 2.743e+01 0.000e+00
3.247e-02 4.907e-01 1.113e-01 2.159e+01 0.000e+00
3.584e-02 4.251e-01 1.136e-01 1.656e+01 0.000e+00
3.957e-02 3.694e-01 1.154e-01 1.282e+01 0.000e+00
4.000e-02 3.636e-01 1.156e-01 1.246e+01 0.000e+00
4.368e-02 3.175e-01 1.170e-01 9.795e+00 0.000e+00
4.822e-02 2.702e-01 1.185e-01 7.395e+00 0.000e+00
5.000e-02 2.544e-01 1.190e-01 6.666e+00 0.000e+00
5.323e-02 2.292e-01 1.197e-01 5.576e+00 0.000e+00
5.876e-02 1.941e-01 1.203e-01 4.209e+00 0.000e+00
6.000e-02 1.874e-01 1.204e-01 3.966e+00 0.000e+00
6.486e-02 1.641e-01 1.206e-01 3.172e+00 0.000e+00
7.161e-02 1.384e-01 1.205e-01 2.384e+00 0.000e+00
7.905e-02 1.166e-01 1.200e-01 1.789e+00 0.000e+00
8.000e-02 1.142e-01 1.200e-01 1.728e+00 0.000e+00
8.726e-02 9.820e-02 1.193e-01 1.342e+00 0.000e+00
9.633e-02 8.259e-02 1.182e-01 1.005e+00 0.000e+00
1.000e-01 7.733e-02 1.177e-01 9.007e-01 0.000e+00
1.063e-01 6.943e-02 1.168e-01 7.529e-01 0.000e+00
1.174e-01 5.821e-02 1.152e-01 5.623e-01 0.000e+00
1.296e-01 4.876e-02 1.133e-01 4.203e-01 0.000e+00
1.431e-01 4.076e-02 1.112e-01 3.139e-01 0.000e+00
1.500e-01 3.740e-02 1.102e-01 2.732e-01 0.000e+00
1.579e-01 3.404e-02 1.090e-01 2.349e-01 0.000e+00
1.743e-01 2.836e-02 1.065e-01 1.757e-01 0.000e+00
1.925e-01 2.356e-02 1.039e-01 1.314e-01 0.000e+00
2.000e-01 2.193e-02 1.029e-01 1.175e-01 0.000e+00
2.125e-01 1.957e-02 1.012e-01 9.848e-02 0.000e+00
2.345e-01 1.624e-02 9.839e-02 7.402e-02 0.000e+00
2.589e-01 1.345e-02 9.549e-02 5.568e-02 0.000e+00
2.858e-01 1.113e-02 9.254e-02 4.203e-02 0.000e+00
3.000e-01 1.014e-02 9.108e-02 3.665e-02 0.000e+00
3.155e-01 9.206e-03 8.955e-02 3.182e-02 0.000e+00
3.483e-01 7.606e-03 8.654e-02 2.419e-02 0.000e+00
3.845e-01 6.280e-03 8.351e-02 1.847e-02 0.000e+00
4.000e-01 5.816e-03 8.229e-02 1.661e-02 0.000e+00
4.245e-01 5.181e-03 8.046e-02 1.417e-02 0.000e+00
4.686e-01 4.273e-03 7.743e-02 1.094e-02 0.000e+00
5.000e-01 3.764e-03 7.545e-02 9.265e-03 0.000e+00
5.173e-01 3.522e-03 7.442e-02 8.501e-03 0.000e+00
5.710e-01 2.901e-03 7.146e-02 6.650e-03 0.000e+00
6.000e-01 2.632e-03 6.999e-02 5.892e-03 0.000e+00
6.304e-01 2.388e-03 6.853e-02 5.227e-03 0.000e+00
6.959e-01 1.965e-03 6.566e-02 4.136e-03 0.000e+00
7.682e-01 1.617e-03 6.282e-02 3.308e-03 0.000e+00
8.000e-01 1.492e-03 6.167e-02 3.030e-03 0.000e+00
8.480e-01 1.330e-03 6.003e-02 2.682e-03 0.000e+00
9.361e-01 1.093e-03 5.730e-02 2.183e-03 0.000e+00
1.000e+00 9.585e-04 5.553e-02 1.888e-03 0.000e+00
1.022e+00 9.177e-04 5.495e-02 1.796e-03 0.000e+00
1.033e+00 8.983e-04 5.467e-02 1.754e-03 3.275e-08
1.141e+00 7.372e-04 5.205e-02 1.434e-03 2.747e-05
1.250e+00 6.151e-04 4.970e-02 1.213e-03 1.340e-04
1.259e+00 6.064e-04 4.952e-02 1.197e-03 1.464e-04
1.390e+00 4.979e-04 4.705e-02 9.989e-04 3.787e-04
1.500e+00 4.277e-04 4.520e-02 8.700e-04 6.371e-04
1.535e+00 4.085e-04 4.465e-02 8.349e-04 7.295e-04
1.694e+00 3.357e-04 4.233e-02 7.026e-04 1.200e-03
1.870e+00 2.757e-04 4.008e-02 5.943e-04 1.794e-03
2.000e+00 2.410e-04 3.860e-02 5.318e-04 2.261e-03
2.044e+00 2.307e-04 3.813e-02 5.132e-04 2.422e-03
2.065e+00 2.260e-04 3.791e-02 5.048e-04 2.499e-03
2.279e+00 1.855e-04 3.582e-02 4.311e-04 3.295e-03
2.516e+00 1.523e-04 3.379e-02 3.697e-04 4.187e-03
2.778e+00 1.250e-04 3.184e-02 3.183e-04 5.165e-03
3.000e+00 1.072e-04 3.038e-02 2.842e-04 5.977e-03
3.066e+00 1.027e-04 2.998e-02 2.754e-04 6.214e-03
3.385e+00 8.423e-05 2.819e-02 2.389e-04 7.332e-03
3.737e+00 6.911e-05 2.648e-02 2.080e-04 8.512e-03
4.000e+00 6.032e-05 2.535e-02 1.894e-04 9.358e-03
4.125e+00 5.672e-05 2.485e-02 1.816e-04 9.750e-03
4.554e+00 4.655e-05 2.330e-02 1.590e-04 1.105e-02
5.000e+00 3.862e-05 2.189e-02 1.406e-04 1.232e-02
5.027e+00 3.820e-05 2.182e-02 1.396e-04 1.240e-02
5.549e+00 3.135e-05 2.041e-02 1.229e-04 1.378e-02
6.000e+00 2.682e-05 1.935e-02 1.114e-04 1.491e-02
6.126e+00 2.572e-05 1.908e-02 1.085e-04 1.522e-02
6.762e+00 2.111e-05 1.782e-02 9.590e-05 1.670e-02
7.000e+00 1.970e-05 1.739e-02 9.190e-05 1.723e-02
7.465e+00 1.733e-05 1.662e-02 8.496e-05 1.822e-02
8.000e+00 1.509e-05 1.583e-02 7.815e-05 1.931e-02
8.241e+00 1.422e-05 1.550e-02 7.542e-05 1.978e-02
9.000e+00 1.192e-05 1.456e-02 6.792e-05 2.121e-02
9.097e+00 1.167e-05 1.444e-02 6.706e-05 2.138e-02
1.000e+01 9.654e-06 1.348e-02 6.000e-05 2.295e-02
1.004e+01 9.577e-06 1.344e-02 5.972e-05 2.302e-02
1.100e+01 7.978e-06 1.258e-02 5.372e-05 2.453e-02
1.109e+01 7.849e-06 1.250e-02 5.322e-05 2.467e-02
1.200e+01 6.704e-06 1.179e-02 4.862e-05 2.600e-02
1.224e+01 6.444e-06 1.162e-02 4.754e-05 2.634e-02
1.300e+01 5.714e-06 1.111e-02 4.439e-05 2.735e-02
1.351e+01 5.291e-06 1.080e-02 4.250e-05 2.800e-02
1.400e+01 4.927e-06 1.051e-02 4.083e-05 2.860e-02
1.491e+01 4.344e-06 1.003e-02 3.805e-05 2.966e-02
1.500e+01 4.292e-06 9.980e-03 3.780e-05 2.976e-02
1.600e+01 3.772e-06 9.503e-03 3.518e-05 3.085e-02
1.646e+01 3.564e-06 9.301e-03 3.409e-05 3.132e-02
1.800e+01 2.980e-06 8.687e-03 3.090e-05 3.282e-02
1.818e+01 2.922e-06 8.621e-03 3.056e-05 3.299e-02
2.000e+01 2.414e-06 8.009e-03 2.754e-05 3.460e-02
