# MS20 TISSUE SUBSTITUTE from NIST Database
1.000e+00 0.000e+00 0.000e+00 0.000e+00 0.000e+00
1.000e+00 8.055e-02 3.500e+00 0.000e+00 0.000e+00
6.000e+00 4.858e-02 3.500e+00 0.000e+00 0.000e+00
7.000e+00 1.271e-03 3.500e+00 0.000e+00 0.000e+00
8.000e+00 1.165e-02 3.500e+00 0.000e+00 0.000e+00
1.200e+01 5.359e-03 3.500e+00 0.000e+00 0.000e+00
1.700e+01 2.539e-05 3.500e+00 0.000e+00 0.000e+00
0.000e+00 0.000e+00 0.000e+00 0.000e+00 0.000e+00
1.000e-03 1.243e+00 1.526e-02 2.326e+03 0.000e+00
1.020e-03 1.238e+00 1.578e-02 2.203e+03 0.000e+00
1.126e-03 1.211e+00 1.863e-02 1.679e+03 0.000e+00
1.243e-03 1.184e+00 2.196e-02 1.278e+03 0.000e+00
1.305e-03 1.169e+00 2.378e-02 1.117e+03 0.000e+00
1.305e-03 1.169e+00 2.378e-02 1.767e+03 0.000e+00
1.372e-03 1.153e+00 2.578e-02 1.557e+03 0.000e+00
1.500e-03 1.121e+00 2.964e-02 1.238e+03 0.000e+00
1.515e-03 1.117e+00 3.010e-02 1.206e+03 0.000e+00
1.672e-03 1.077e+00 3.488e-02 9.272e+02 0.000e+00
1.846e-03 1.033e+00 4.018e-02 7.067e+02 0.000e+00
2.000e-03 9.937e-01 4.482e-02 5.657e+02 0.000e+00
2.038e-03 9.842e-01 4.595e-02 5.368e+02 0.000e+00
2.250e-03 9.323e-01 5.219e-02 4.073e+02 0.000e+00
2.483e-03 8.780e-01 5.882e-02 3.090e+02 0.000e+00
2.741e-03 8.216e-01 6.582e-02 2.338e+02 0.000e+00
2.822e-03 8.047e-01 6.795e-02 2.152e+02 0.000e+00
2.822e-03 8.047e-01 6.795e-02 2.165e+02 0.000e+00
3.000e-03 7.691e-01 7.246e-02 1.821e+02 0.000e+00
3.026e-03 7.641e-01 7.310e-02 1.776e+02 0.000e+00
3.341e-03 7.061e-01 8.055e-02 1.337e+02 0.000e+00
3.688e-03 6.487e-01 8.803e-02 1.004e+02 0.000e+00
4.000e-03 6.026e-01 9.414e-02 7.923e+01 0.000e+00
4.071e-03 5.927e-01 9.545e-02 7.525e+01 0.000e+00
4.494e-03 5.387e-01 1.027e-01 5.628e+01 0.000e+00
4.961e-03 4.873e-01 1.096e-01 4.202e+01 0.000e+00
5.000e-03 4.833e-01 1.102e-01 4.105e+01 0.000e+00
5.477e-03 4.388e-01 1.163e-01 3.130e+01 0.000e+00
6.000e-03 3.969e-01 1.221e-01 2.382e+01 0.000e+00
6.046e-03 3.935e-01 1.225e-01 2.328e+01 0.000e+00
6.675e-03 3.516e-01 1.284e-01 1.728e+01 0.000e+00
7.368e-03 3.132e-01 1.339e-01 1.281e+01 0.000e+00
8.000e-03 2.838e-01 1.383e-01 9.967e+00 0.000e+00
8.134e-03 2.781e-01 1.391e-01 9.475e+00 0.000e+00
8.979e-03 2.464e-01 1.440e-01 7.000e+00 0.000e+00
9.912e-03 2.177e-01 1.486e-01 5.164e+00 0.000e+00
1.000e-02 2.153e-01 1.490e-01 5.025e+00 0.000e+00
1.094e-02 1.920e-01 1.529e-01 3.805e+00 0.000e+00
1.208e-02 1.687e-01 1.569e-01 2.796e+00 0.000e+00
1.334e-02 1.478e-01 1.607e-01 2.051e+00 0.000e+00
1.472e-02 1.292e-01 1.641e-01 1.506e+00 0.000e+00
1.500e-02 1.259e-01 1.647e-01 1.420e+00 0.000e+00
1.625e-02 1.125e-01 1.672e-01 1.103e+00 0.000e+00
1.794e-02 9.749e-02 1.700e-01 8.069e-01 0.000e+00
1.980e-02 8.422e-02 1.724e-01 5.900e-01 0.000e+00
2.000e-02 8.296e-02 1.727e-01 5.715e-01 0.000e+00
2.186e-02 7.244e-02 1.745e-01 4.305e-01 0.000e+00
2.413e-02 6.208e-02 1.761e-01 3.139e-01 0.000e+00
2.664e-02 5.300e-02 1.772e-01 2.286e-01 0.000e+00
2.941e-02 4.510e-02 1.780e-01 1.663e-01 0.000e+00
3.000e-02 4.365e-02 1.781e-01 1.560e-01 0.000e+00
3.247e-02 3.825e-02 1.784e-01 1.208e-01 0.000e+00
3.584e-02 3.236e-02 1.783e-01 8.781e-02 0.000e+00
3.957e-02 2.728e-02 1.779e-01 6.371e-02 0.000e+00
4.000e-02 2.677e-02 1.778e-01 6.151e-02 0.000e+00
4.368e-02 2.294e-02 1.770e-01 4.622e-02 0.000e+00
4.822e-02 1.925e-02 1.759e-01 3.350e-02 0.000e+00
5.000e-02 1.804e-02 1.753e-01 2.977e-02 0.000e+00
5.323e-02 1.611e-02 1.743e-01 2.427e-02 0.000e+00
5.876e-02 1.346e-02 1.725e-01 1.757e-02 0.000e+00
6.000e-02 1.296e-02 1.721e-01 1.641e-02 0.000e+00
6.486e-02 1.123e-02 1.703e-01 1.272e-02 0.000e+00
7.161e-02 9.343e-03 1.679e-01 9.205e-03 0.000e+00
7.905e-02 7.765e-03 1.652e-01 6.661e-03 0.000e+00
8.000e-02 7.592e-03 1.649e-01 6.405e-03 0.000e+00
8.726e-02 6.443e-03 1.623e-01 4.820e-03 0.000e+00
9.633e-02 5.339e-03 1.592e-01 3.487e-03 0.000e+00
1.000e-01 4.971e-03 1.579e-01 3.086e-03 0.000e+00
1.063e-01 4.421e-03 1.559e-01 2.527e-03 0.000e+00
1.174e-01 3.652e-03 1.523e-01 1.828e-03 0.000e+00
1.296e-01 3.016e-03 1.487e-01 1.325e-03 0.000e+00
1.431e-01 2.487e-03 1.449e-01 9.610e-04 0.000e+00
1.500e-01 2.269e-03 1.431e-01 8.253e-04 0.000e+00
1.579e-01 2.052e-03 1.410e-01 6.993e-04 0.000e+00
1.743e-01 1.691e-03 1.371e-01 5.090e-04 0.000e+00
1.925e-01 1.391e-03 1.330e-01 3.707e-04 0.000e+00
2.000e-01 1.290e-03 1.314e-01 3.283e-04 0.000e+00
2.125e-01 1.144e-03 1.289e-01 2.710e-04 0.000e+00
2.345e-01 9.420e-04 1.248e-01 1.989e-04 0.000e+00
2.589e-01 7.744e-04 1.207e-01 1.463e-04 0.000e+00
2.858e-01 6.365e-04 1.165e-01 1.081e-04 0.000e+00
3.000e-01 5.781e-04 1.145e-01 9.330e-05 0.000e+00
3.155e-01 5.230e-04 1.124e-01 8.020e-05 0.000e+00
3.483e-01 4.296e-04 1.083e-01 5.984e-05 0.000e+00
3.845e-01 3.529e-04 1.043e-01 4.490e-05 0.000e+00
4.000e-01 3.261e-04 1.027e-01 4.010e-05 0.000e+00
4.245e-01 2.897e-04 1.003e-01 3.390e-05 0.000e+00
4.686e-01 2.379e-04 9.636e-02 2.580e-05 0.000e+00
5.000e-01 2.090e-04 9.382e-02 2.168e-05 0.000e+00
5.173e-01 1.953e-04 9.249e-02 1.982e-05 0.000e+00
5.710e-01 1.604e-04 8.868e-02 1.536e-05 0.000e+00
6.000e-01 1.453e-04 8.679e-02 1.352e-05 0.000e+00
6.304e-01 1.316e-04 8.494e-02 1.191e-05 0.000e+00
6.959e-01 1.080e-04 8.129e-02 9.295e-06 0.000e+00
7.682e-01 8.868e-05 7.771e-02 7.416e-06 0.000e+00
8.000e-01 8.177e-05 7.626e-02 6.828e-06 0.000e+00
8.480e-01 7.278e-05 7.420e-02 6.127e-06 0.000e+00
9.361e-01 5.973e-05 7.079e-02 5.042e-06 0.000e+00
1.000e+00 5.235e-05 6.858e-02 4.246e-06 0.000e+00
1.022e+00 5.013e-05 6.787e-02 3.974e-06 0.000e+00
1.033e+00 4.907e-05 6.752e-02 3.853e-06 3.234e-09
1.141e+00 4.023e-05 6.426e-02 3.110e-06 3.065e-06
1.250e+00 3.352e-05 6.133e-02 2.696e-06 1.656e-05
1.259e+00 3.304e-05 6.110e-02 2.665e-06 1.822e-05
1.390e+00 2.711e-05 5.804e-02 2.244e-06 5.157e-05
1.500e+00 2.328e-05 5.575e-02 1.955e-06 9.156e-05
1.535e+00 2.223e-05 5.507e-02 1.877e-06 1.063e-04
1.694e+00 1.825e-05 5.221e-02 1.591e-06 1.832e-04
1.870e+00 1.498e-05 4.942e-02 1.360e-06 2.834e-04
2.000e+00 1.309e-05 4.757e-02 1.226e-06 3.644e-04
2.044e+00 1.254e-05 4.698e-02 1.185e-06 3.928e-04
2.065e+00 1.228e-05 4.671e-02 1.167e-06 4.064e-04
2.279e+00 1.009e-05 4.411e-02 1.006e-06 5.496e-04
2.516e+00 8.276e-06 4.162e-02 8.714e-07 7.136e-04
2.778e+00 6.788e-06 3.922e-02 7.579e-07 8.978e-04
3.000e+00 5.821e-06 3.742e-02 6.819e-07 1.055e-03
3.066e+00 5.573e-06 3.693e-02 6.620e-07 1.101e-03
3.385e+00 4.572e-06 3.472e-02 5.798e-07 1.325e-03
3.737e+00 3.751e-06 3.261e-02 5.093e-07 1.567e-03
4.000e+00 3.274e-06 3.122e-02 4.667e-07 1.743e-03
4.125e+00 3.079e-06 3.060e-02 4.488e-07 1.826e-03
4.554e+00 2.526e-06 2.868e-02 3.964e-07 2.099e-03
5.000e+00 2.095e-06 2.696e-02 3.532e-07 2.372e-03
5.027e+00 2.073e-06 2.686e-02 3.509e-07 2.389e-03
5.549e+00 1.701e-06 2.513e-02 3.113e-07 2.696e-03
6.000e+00 1.455e-06 2.383e-02 2.836e-07 2.949e-03
6.126e+00 1.396e-06 2.349e-02 2.767e-07 3.017e-03
6.762e+00 1.146e-06 2.194e-02 2.464e-07 3.349e-03
7.000e+00 1.069e-06 2.142e-02 2.367e-07 3.468e-03
7.465e+00 9.401e-07 2.047e-02 2.197e-07 3.693e-03
8.000e+00 8.186e-07 1.949e-02 2.029e-07 3.939e-03
8.241e+00 7.714e-07 1.908e-02 1.962e-07 4.047e-03
9.000e+00 6.468e-07 1.792e-02 1.776e-07 4.370e-03
9.097e+00 6.331e-07 1.778e-02 1.755e-07 4.410e-03
1.000e+01 5.239e-07 1.660e-02 1.578e-07 4.764e-03
1.004e+01 5.197e-07 1.655e-02 1.571e-07 4.778e-03
1.100e+01 4.330e-07 1.548e-02 1.420e-07 5.125e-03
1.109e+01 4.259e-07 1.539e-02 1.407e-07 5.155e-03
1.200e+01 3.638e-07 1.452e-02 1.290e-07 5.456e-03
1.224e+01 3.497e-07 1.431e-02 1.262e-07 5.532e-03
1.300e+01 3.100e-07 1.368e-02 1.182e-07 5.766e-03
1.351e+01 2.870e-07 1.329e-02 1.134e-07 5.916e-03
1.400e+01 2.673e-07 1.294e-02 1.091e-07 6.055e-03
1.491e+01 2.357e-07 1.234e-02 1.019e-07 6.301e-03
1.500e+01 2.328e-07 1.229e-02 1.012e-07 6.325e-03
1.600e+01 2.046e-07 1.170e-02 9.444e-08 6.582e-03
1.646e+01 1.933e-07 1.145e-02 9.162e-08 6.694e-03
1.800e+01 1.617e-07 1.069e-02 8.327e-08 7.049e-03
1.818e+01 1.585e-07 1.061e-02 8.239e-08 7.089e-03
2.000e+01 1.310e-07 9.860e-03 7.448e-08 7.470e-03
