# MUSCLE-EQUIVALENT LIQUID, WITHOUT SUCROSE from NIST Database
1.070e+00 0.000e+00 0.000e+00 0.000e+00 0.000e+00
1.000e+00 1.012e-01 3.500e+00 0.000e+00 0.000e+00
6.000e+00 9.997e-03 3.500e+00 0.000e+00 0.000e+00
7.000e+00 2.531e-03 3.500e+00 0.000e+00 0.000e+00
8.000e+00 4.641e-02 3.500e+00 0.000e+00 0.000e+00
0.000e+00 0.000e+00 0.000e+00 0.000e+00 0.000e+00
1.000e-03 1.326e+00 1.336e-02 3.790e+03 0.000e+00
1.020e-03 1.321e+00 1.384e-02 3.595e+03 0.000e+00
1.126e-03 1.299e+00 1.649e-02 2.761e+03 0.000e+00
1.243e-03 1.275e+00 1.961e-02 2.119e+03 0.000e+00
1.372e-03 1.249e+00 2.324e-02 1.622e+03 0.000e+00
1.500e-03 1.221e+00 2.698e-02 1.271e+03 0.000e+00
1.515e-03 1.217e+00 2.743e-02 1.237e+03 0.000e+00
1.672e-03 1.181e+00 3.213e-02 9.412e+02 0.000e+00
1.846e-03 1.138e+00 3.742e-02 7.129e+02 0.000e+00
2.000e-03 1.100e+00 4.211e-02 5.682e+02 0.000e+00
2.038e-03 1.091e+00 4.326e-02 5.386e+02 0.000e+00
2.250e-03 1.038e+00 4.966e-02 4.060e+02 0.000e+00
2.483e-03 9.817e-01 5.653e-02 3.058e+02 0.000e+00
2.741e-03 9.211e-01 6.387e-02 2.295e+02 0.000e+00
3.000e-03 8.630e-01 7.089e-02 1.763e+02 0.000e+00
3.026e-03 8.574e-01 7.157e-02 1.719e+02 0.000e+00
3.341e-03 7.913e-01 7.951e-02 1.284e+02 0.000e+00
3.688e-03 7.246e-01 8.755e-02 9.578e+01 0.000e+00
4.000e-03 6.700e-01 9.418e-02 7.517e+01 0.000e+00
4.071e-03 6.583e-01 9.561e-02 7.131e+01 0.000e+00
4.494e-03 5.936e-01 1.036e-01 5.299e+01 0.000e+00
4.961e-03 5.319e-01 1.113e-01 3.931e+01 0.000e+00
5.000e-03 5.272e-01 1.119e-01 3.838e+01 0.000e+00
5.477e-03 4.740e-01 1.186e-01 2.909e+01 0.000e+00
6.000e-03 4.245e-01 1.251e-01 2.201e+01 0.000e+00
6.046e-03 4.205e-01 1.256e-01 2.150e+01 0.000e+00
6.675e-03 3.716e-01 1.321e-01 1.586e+01 0.000e+00
7.368e-03 3.275e-01 1.381e-01 1.169e+01 0.000e+00
8.000e-03 2.943e-01 1.427e-01 9.056e+00 0.000e+00
8.134e-03 2.880e-01 1.436e-01 8.600e+00 0.000e+00
8.979e-03 2.531e-01 1.486e-01 6.319e+00 0.000e+00
9.912e-03 2.222e-01 1.532e-01 4.636e+00 0.000e+00
1.000e-02 2.196e-01 1.536e-01 4.509e+00 0.000e+00
1.094e-02 1.950e-01 1.574e-01 3.398e+00 0.000e+00
1.208e-02 1.710e-01 1.612e-01 2.483e+00 0.000e+00
1.334e-02 1.496e-01 1.647e-01 1.812e+00 0.000e+00
1.472e-02 1.309e-01 1.679e-01 1.324e+00 0.000e+00
1.500e-02 1.275e-01 1.685e-01 1.246e+00 0.000e+00
1.625e-02 1.142e-01 1.709e-01 9.644e-01 0.000e+00
1.794e-02 9.925e-02 1.735e-01 7.019e-01 0.000e+00
1.980e-02 8.600e-02 1.758e-01 5.107e-01 0.000e+00
2.000e-02 8.473e-02 1.760e-01 4.944e-01 0.000e+00
2.186e-02 7.415e-02 1.778e-01 3.708e-01 0.000e+00
2.413e-02 6.366e-02 1.794e-01 2.691e-01 0.000e+00
2.664e-02 5.440e-02 1.806e-01 1.950e-01 0.000e+00
2.941e-02 4.630e-02 1.814e-01 1.412e-01 0.000e+00
3.000e-02 4.481e-02 1.815e-01 1.323e-01 0.000e+00
3.247e-02 3.925e-02 1.818e-01 1.021e-01 0.000e+00
3.584e-02 3.317e-02 1.818e-01 7.388e-02 0.000e+00
3.957e-02 2.794e-02 1.814e-01 5.337e-02 0.000e+00
4.000e-02 2.742e-02 1.813e-01 5.150e-02 0.000e+00
4.368e-02 2.348e-02 1.806e-01 3.855e-02 0.000e+00
4.822e-02 1.970e-02 1.794e-01 2.783e-02 0.000e+00
5.000e-02 1.846e-02 1.789e-01 2.469e-02 0.000e+00
5.323e-02 1.649e-02 1.779e-01 2.008e-02 0.000e+00
5.876e-02 1.378e-02 1.760e-01 1.449e-02 0.000e+00
6.000e-02 1.326e-02 1.756e-01 1.352e-02 0.000e+00
6.486e-02 1.149e-02 1.738e-01 1.045e-02 0.000e+00
7.161e-02 9.566e-03 1.714e-01 7.534e-03 0.000e+00
7.905e-02 7.951e-03 1.686e-01 5.434e-03 0.000e+00
8.000e-02 7.774e-03 1.683e-01 5.223e-03 0.000e+00
8.726e-02 6.598e-03 1.657e-01 3.920e-03 0.000e+00
9.633e-02 5.467e-03 1.625e-01 2.828e-03 0.000e+00
1.000e-01 5.090e-03 1.612e-01 2.500e-03 0.000e+00
1.063e-01 4.528e-03 1.591e-01 2.044e-03 0.000e+00
1.174e-01 3.739e-03 1.555e-01 1.474e-03 0.000e+00
1.296e-01 3.087e-03 1.518e-01 1.066e-03 0.000e+00
1.431e-01 2.546e-03 1.479e-01 7.706e-04 0.000e+00
1.500e-01 2.322e-03 1.461e-01 6.609e-04 0.000e+00
1.579e-01 2.100e-03 1.440e-01 5.593e-04 0.000e+00
1.743e-01 1.730e-03 1.399e-01 4.060e-04 0.000e+00
1.925e-01 1.422e-03 1.358e-01 2.950e-04 0.000e+00
2.000e-01 1.319e-03 1.342e-01 2.611e-04 0.000e+00
2.125e-01 1.170e-03 1.316e-01 2.152e-04 0.000e+00
2.345e-01 9.629e-04 1.274e-01 1.577e-04 0.000e+00
2.589e-01 7.913e-04 1.232e-01 1.158e-04 0.000e+00
2.858e-01 6.504e-04 1.190e-01 8.546e-05 0.000e+00
3.000e-01 5.906e-04 1.169e-01 7.374e-05 0.000e+00
3.155e-01 5.343e-04 1.148e-01 6.334e-05 0.000e+00
3.483e-01 4.389e-04 1.106e-01 4.719e-05 0.000e+00
3.845e-01 3.604e-04 1.065e-01 3.536e-05 0.000e+00
4.000e-01 3.331e-04 1.048e-01 3.156e-05 0.000e+00
4.245e-01 2.959e-04 1.024e-01 2.666e-05 0.000e+00
4.686e-01 2.430e-04 9.837e-02 2.026e-05 0.000e+00
5.000e-01 2.135e-04 9.577e-02 1.701e-05 0.000e+00
5.173e-01 1.995e-04 9.441e-02 1.555e-05 0.000e+00
5.710e-01 1.638e-04 9.052e-02 1.204e-05 0.000e+00
6.000e-01 1.483e-04 8.860e-02 1.060e-05 0.000e+00
6.304e-01 1.344e-04 8.670e-02 9.321e-06 0.000e+00
6.959e-01 1.103e-04 8.298e-02 7.260e-06 0.000e+00
7.682e-01 9.056e-05 7.933e-02 5.796e-06 0.000e+00
8.000e-01 8.351e-05 7.786e-02 5.347e-06 0.000e+00
8.480e-01 7.432e-05 7.577e-02 4.819e-06 0.000e+00
9.361e-01 6.098e-05 7.230e-02 3.979e-06 0.000e+00
1.000e+00 5.346e-05 7.003e-02 3.324e-06 0.000e+00
1.022e+00 5.119e-05 6.929e-02 3.096e-06 0.000e+00
1.033e+00 5.011e-05 6.893e-02 2.996e-06 3.363e-09
1.141e+00 4.109e-05 6.560e-02 2.409e-06 3.188e-06
1.250e+00 3.423e-05 6.262e-02 2.102e-06 1.722e-05
1.259e+00 3.374e-05 6.238e-02 2.079e-06 1.895e-05
1.390e+00 2.768e-05 5.924e-02 1.752e-06 5.363e-05
1.500e+00 2.376e-05 5.691e-02 1.525e-06 9.524e-05
1.535e+00 2.269e-05 5.621e-02 1.464e-06 1.106e-04
1.694e+00 1.864e-05 5.331e-02 1.242e-06 1.907e-04
1.870e+00 1.530e-05 5.048e-02 1.063e-06 2.950e-04
2.000e+00 1.337e-05 4.857e-02 9.595e-07 3.791e-04
2.044e+00 1.280e-05 4.796e-02 9.281e-07 4.086e-04
2.065e+00 1.254e-05 4.767e-02 9.138e-07 4.227e-04
2.279e+00 1.029e-05 4.500e-02 7.889e-07 5.714e-04
2.516e+00 8.445e-06 4.246e-02 6.840e-07 7.419e-04
2.778e+00 6.929e-06 4.003e-02 5.955e-07 9.340e-04
3.000e+00 5.943e-06 3.821e-02 5.362e-07 1.097e-03
3.066e+00 5.690e-06 3.770e-02 5.207e-07 1.145e-03
3.385e+00 4.669e-06 3.545e-02 4.565e-07 1.378e-03
3.737e+00 3.831e-06 3.330e-02 4.015e-07 1.630e-03
4.000e+00 3.343e-06 3.187e-02 3.681e-07 1.813e-03
4.125e+00 3.144e-06 3.124e-02 3.541e-07 1.898e-03
4.554e+00 2.579e-06 2.928e-02 3.129e-07 2.183e-03
5.000e+00 2.139e-06 2.752e-02 2.791e-07 2.468e-03
5.027e+00 2.116e-06 2.742e-02 2.773e-07 2.484e-03
5.549e+00 1.737e-06 2.566e-02 2.462e-07 2.804e-03
6.000e+00 1.486e-06 2.433e-02 2.244e-07 3.066e-03
6.126e+00 1.425e-06 2.398e-02 2.190e-07 3.136e-03
6.762e+00 1.170e-06 2.240e-02 1.951e-07 3.481e-03
7.000e+00 1.091e-06 2.187e-02 1.875e-07 3.604e-03
7.465e+00 9.597e-07 2.090e-02 1.741e-07 3.837e-03
8.000e+00 8.357e-07 1.990e-02 1.609e-07 4.093e-03
8.241e+00 7.876e-07 1.948e-02 1.555e-07 4.205e-03
9.000e+00 6.604e-07 1.829e-02 1.409e-07 4.542e-03
9.097e+00 6.464e-07 1.815e-02 1.392e-07 4.583e-03
1.000e+01 5.349e-07 1.695e-02 1.252e-07 4.949e-03
1.004e+01 5.306e-07 1.690e-02 1.247e-07 4.965e-03
1.100e+01 4.420e-07 1.581e-02 1.127e-07 5.324e-03
1.109e+01 4.348e-07 1.571e-02 1.117e-07 5.355e-03
1.200e+01 3.714e-07 1.483e-02 1.025e-07 5.668e-03
1.224e+01 3.570e-07 1.461e-02 1.003e-07 5.747e-03
1.300e+01 3.165e-07 1.396e-02 9.392e-08 5.990e-03
1.351e+01 2.930e-07 1.357e-02 9.008e-08 6.145e-03
1.400e+01 2.729e-07 1.321e-02 8.667e-08 6.290e-03
1.491e+01 2.406e-07 1.260e-02 8.100e-08 6.546e-03
1.500e+01 2.377e-07 1.254e-02 8.048e-08 6.570e-03
1.600e+01 2.089e-07 1.195e-02 7.510e-08 6.836e-03
1.646e+01 1.974e-07 1.169e-02 7.287e-08 6.953e-03
1.800e+01 1.651e-07 1.092e-02 6.625e-08 7.322e-03
1.818e+01 1.618e-07 1.083e-02 6.555e-08 7.363e-03
2.000e+01 1.337e-07 1.007e-02 5.925e-08 7.758e-03
