# MUSCLE-EQUIVALENT LIQUID, WITH SUCROSE from NIST Database
1.110e+00 0.000e+00 0.000e+00 0.000e+00 0.000e+00
1.000e+00 9.745e-02 3.500e+00 0.000e+00 0.000e+00
6.000e+00 1.301e-02 3.500e+00 0.000e+00 0.000e+00
7.000e+00 2.531e-03 3.500e+00 0.000e+00 0.000e+00
8.000e+00 4.438e-02 3.500e+00 0.000e+00 0.000e+00
0.000e+00 0.000e+00 0.000e+00 0.000e+00 0.000e+00
1.000e-03 1.315e+00 1.335e-02 3.721e+03 0.000e+00
1.020e-03 1.310e+00 1.383e-02 3.530e+03 0.000e+00
1.126e-03 1.288e+00 1.648e-02 2.710e+03 0.000e+00
1.243e-03 1.264e+00 1.960e-02 2.078e+03 0.000e+00
1.372e-03 1.237e+00 2.322e-02 1.591e+03 0.000e+00
1.500e-03 1.209e+00 2.695e-02 1.247e+03 0.000e+00
1.515e-03 1.206e+00 2.739e-02 1.213e+03 0.000e+00
1.672e-03 1.169e+00 3.208e-02 9.225e+02 0.000e+00
1.846e-03 1.126e+00 3.735e-02 6.986e+02 0.000e+00
2.000e-03 1.088e+00 4.203e-02 5.567e+02 0.000e+00
2.038e-03 1.079e+00 4.318e-02 5.276e+02 0.000e+00
2.250e-03 1.027e+00 4.955e-02 3.976e+02 0.000e+00
2.483e-03 9.701e-01 5.640e-02 2.994e+02 0.000e+00
2.741e-03 9.098e-01 6.371e-02 2.247e+02 0.000e+00
3.000e-03 8.521e-01 7.070e-02 1.725e+02 0.000e+00
3.026e-03 8.464e-01 7.138e-02 1.682e+02 0.000e+00
3.341e-03 7.809e-01 7.929e-02 1.256e+02 0.000e+00
3.688e-03 7.148e-01 8.730e-02 9.370e+01 0.000e+00
4.000e-03 6.608e-01 9.389e-02 7.352e+01 0.000e+00
4.071e-03 6.492e-01 9.531e-02 6.975e+01 0.000e+00
4.494e-03 5.854e-01 1.032e-01 5.182e+01 0.000e+00
4.961e-03 5.245e-01 1.109e-01 3.843e+01 0.000e+00
5.000e-03 5.198e-01 1.115e-01 3.753e+01 0.000e+00
5.477e-03 4.674e-01 1.182e-01 2.844e+01 0.000e+00
6.000e-03 4.187e-01 1.246e-01 2.151e+01 0.000e+00
6.046e-03 4.147e-01 1.251e-01 2.102e+01 0.000e+00
6.675e-03 3.666e-01 1.315e-01 1.550e+01 0.000e+00
7.368e-03 3.232e-01 1.375e-01 1.142e+01 0.000e+00
8.000e-03 2.906e-01 1.421e-01 8.847e+00 0.000e+00
8.134e-03 2.844e-01 1.430e-01 8.402e+00 0.000e+00
8.979e-03 2.500e-01 1.480e-01 6.172e+00 0.000e+00
9.912e-03 2.196e-01 1.525e-01 4.527e+00 0.000e+00
1.000e-02 2.171e-01 1.529e-01 4.403e+00 0.000e+00
1.094e-02 1.928e-01 1.567e-01 3.318e+00 0.000e+00
1.208e-02 1.691e-01 1.606e-01 2.424e+00 0.000e+00
1.334e-02 1.481e-01 1.641e-01 1.769e+00 0.000e+00
1.472e-02 1.295e-01 1.673e-01 1.292e+00 0.000e+00
1.500e-02 1.262e-01 1.679e-01 1.216e+00 0.000e+00
1.625e-02 1.130e-01 1.703e-01 9.413e-01 0.000e+00
1.794e-02 9.822e-02 1.729e-01 6.849e-01 0.000e+00
1.980e-02 8.510e-02 1.752e-01 4.983e-01 0.000e+00
2.000e-02 8.384e-02 1.755e-01 4.824e-01 0.000e+00
2.186e-02 7.336e-02 1.772e-01 3.617e-01 0.000e+00
2.413e-02 6.297e-02 1.788e-01 2.625e-01 0.000e+00
2.664e-02 5.381e-02 1.800e-01 1.902e-01 0.000e+00
2.941e-02 4.579e-02 1.809e-01 1.377e-01 0.000e+00
3.000e-02 4.431e-02 1.810e-01 1.290e-01 0.000e+00
3.247e-02 3.881e-02 1.813e-01 9.959e-02 0.000e+00
3.584e-02 3.280e-02 1.812e-01 7.205e-02 0.000e+00
3.957e-02 2.762e-02 1.808e-01 5.204e-02 0.000e+00
4.000e-02 2.711e-02 1.808e-01 5.022e-02 0.000e+00
4.368e-02 2.322e-02 1.800e-01 3.759e-02 0.000e+00
4.822e-02 1.947e-02 1.788e-01 2.714e-02 0.000e+00
5.000e-02 1.825e-02 1.783e-01 2.408e-02 0.000e+00
5.323e-02 1.630e-02 1.773e-01 1.958e-02 0.000e+00
5.876e-02 1.362e-02 1.754e-01 1.412e-02 0.000e+00
6.000e-02 1.311e-02 1.750e-01 1.318e-02 0.000e+00
6.486e-02 1.136e-02 1.733e-01 1.019e-02 0.000e+00
7.161e-02 9.454e-03 1.708e-01 7.344e-03 0.000e+00
7.905e-02 7.857e-03 1.681e-01 5.296e-03 0.000e+00
8.000e-02 7.683e-03 1.677e-01 5.091e-03 0.000e+00
8.726e-02 6.520e-03 1.651e-01 3.821e-03 0.000e+00
9.633e-02 5.402e-03 1.619e-01 2.756e-03 0.000e+00
1.000e-01 5.030e-03 1.607e-01 2.436e-03 0.000e+00
1.063e-01 4.474e-03 1.586e-01 1.992e-03 0.000e+00
1.174e-01 3.694e-03 1.550e-01 1.436e-03 0.000e+00
1.296e-01 3.050e-03 1.513e-01 1.038e-03 0.000e+00
1.431e-01 2.515e-03 1.474e-01 7.509e-04 0.000e+00
1.500e-01 2.294e-03 1.456e-01 6.440e-04 0.000e+00
1.579e-01 2.074e-03 1.435e-01 5.450e-04 0.000e+00
1.743e-01 1.708e-03 1.395e-01 3.957e-04 0.000e+00
1.925e-01 1.405e-03 1.353e-01 2.874e-04 0.000e+00
2.000e-01 1.303e-03 1.337e-01 2.544e-04 0.000e+00
2.125e-01 1.156e-03 1.311e-01 2.097e-04 0.000e+00
2.345e-01 9.511e-04 1.270e-01 1.537e-04 0.000e+00
2.589e-01 7.816e-04 1.228e-01 1.128e-04 0.000e+00
2.858e-01 6.424e-04 1.186e-01 8.325e-05 0.000e+00
3.000e-01 5.833e-04 1.165e-01 7.184e-05 0.000e+00
3.155e-01 5.277e-04 1.144e-01 6.171e-05 0.000e+00
3.483e-01 4.335e-04 1.102e-01 4.597e-05 0.000e+00
3.845e-01 3.560e-04 1.061e-01 3.445e-05 0.000e+00
4.000e-01 3.290e-04 1.045e-01 3.075e-05 0.000e+00
4.245e-01 2.922e-04 1.020e-01 2.597e-05 0.000e+00
4.686e-01 2.400e-04 9.804e-02 1.974e-05 0.000e+00
5.000e-01 2.108e-04 9.545e-02 1.657e-05 0.000e+00
5.173e-01 1.970e-04 9.410e-02 1.515e-05 0.000e+00
5.710e-01 1.617e-04 9.022e-02 1.173e-05 0.000e+00
6.000e-01 1.465e-04 8.830e-02 1.032e-05 0.000e+00
6.304e-01 1.327e-04 8.641e-02 9.079e-06 0.000e+00
6.959e-01 1.090e-04 8.270e-02 7.071e-06 0.000e+00
7.682e-01 8.944e-05 7.907e-02 5.646e-06 0.000e+00
8.000e-01 8.247e-05 7.760e-02 5.209e-06 0.000e+00
8.480e-01 7.340e-05 7.551e-02 4.695e-06 0.000e+00
9.361e-01 6.023e-05 7.205e-02 3.877e-06 0.000e+00
1.000e+00 5.280e-05 6.979e-02 3.238e-06 0.000e+00
1.022e+00 5.056e-05 6.906e-02 3.015e-06 0.000e+00
1.033e+00 4.949e-05 6.870e-02 2.918e-06 3.337e-09
1.141e+00 4.058e-05 6.538e-02 2.346e-06 3.164e-06
1.250e+00 3.381e-05 6.240e-02 2.047e-06 1.709e-05
1.259e+00 3.333e-05 6.217e-02 2.025e-06 1.881e-05
1.390e+00 2.733e-05 5.904e-02 1.707e-06 5.324e-05
1.500e+00 2.347e-05 5.671e-02 1.485e-06 9.455e-05
1.535e+00 2.241e-05 5.602e-02 1.426e-06 1.098e-04
1.694e+00 1.841e-05 5.313e-02 1.209e-06 1.893e-04
1.870e+00 1.511e-05 5.031e-02 1.036e-06 2.928e-04
2.000e+00 1.321e-05 4.841e-02 9.345e-07 3.764e-04
2.044e+00 1.264e-05 4.780e-02 9.040e-07 4.056e-04
2.065e+00 1.238e-05 4.751e-02 8.901e-07 4.197e-04
2.279e+00 1.016e-05 4.485e-02 7.684e-07 5.673e-04
2.516e+00 8.340e-06 4.232e-02 6.663e-07 7.367e-04
2.778e+00 6.843e-06 3.989e-02 5.801e-07 9.273e-04
3.000e+00 5.869e-06 3.808e-02 5.223e-07 1.089e-03
3.066e+00 5.620e-06 3.757e-02 5.072e-07 1.137e-03
3.385e+00 4.611e-06 3.533e-02 4.447e-07 1.369e-03
3.737e+00 3.783e-06 3.318e-02 3.910e-07 1.619e-03
4.000e+00 3.302e-06 3.176e-02 3.585e-07 1.800e-03
4.125e+00 3.105e-06 3.114e-02 3.449e-07 1.885e-03
4.554e+00 2.547e-06 2.919e-02 3.048e-07 2.168e-03
5.000e+00 2.113e-06 2.743e-02 2.719e-07 2.450e-03
5.027e+00 2.090e-06 2.733e-02 2.701e-07 2.467e-03
5.549e+00 1.715e-06 2.557e-02 2.398e-07 2.784e-03
6.000e+00 1.467e-06 2.424e-02 2.186e-07 3.044e-03
6.126e+00 1.407e-06 2.390e-02 2.133e-07 3.116e-03
6.762e+00 1.155e-06 2.232e-02 1.901e-07 3.458e-03
7.000e+00 1.078e-06 2.179e-02 1.826e-07 3.580e-03
7.465e+00 9.479e-07 2.083e-02 1.696e-07 3.811e-03
8.000e+00 8.254e-07 1.983e-02 1.567e-07 4.066e-03
8.241e+00 7.778e-07 1.942e-02 1.515e-07 4.177e-03
9.000e+00 6.522e-07 1.823e-02 1.372e-07 4.512e-03
9.097e+00 6.384e-07 1.809e-02 1.356e-07 4.553e-03
1.000e+01 5.283e-07 1.689e-02 1.220e-07 4.916e-03
1.004e+01 5.241e-07 1.684e-02 1.215e-07 4.931e-03
1.100e+01 4.365e-07 1.575e-02 1.098e-07 5.288e-03
1.109e+01 4.294e-07 1.566e-02 1.088e-07 5.319e-03
1.200e+01 3.668e-07 1.478e-02 9.983e-08 5.630e-03
1.224e+01 3.526e-07 1.456e-02 9.769e-08 5.709e-03
1.300e+01 3.126e-07 1.392e-02 9.150e-08 5.950e-03
1.351e+01 2.894e-07 1.352e-02 8.776e-08 6.104e-03
1.400e+01 2.695e-07 1.317e-02 8.444e-08 6.248e-03
1.491e+01 2.376e-07 1.256e-02 7.891e-08 6.501e-03
1.500e+01 2.348e-07 1.250e-02 7.840e-08 6.526e-03
1.600e+01 2.063e-07 1.191e-02 7.317e-08 6.791e-03
1.646e+01 1.950e-07 1.165e-02 7.099e-08 6.907e-03
1.800e+01 1.630e-07 1.088e-02 6.454e-08 7.273e-03
1.818e+01 1.598e-07 1.080e-02 6.387e-08 7.314e-03
2.000e+01 1.321e-07 1.003e-02 5.772e-08 7.707e-03
