# MUSCLE, SKELETAL (ICRP) from NIST Database
1.040e+00 0.000e+00 0.000e+00 0.000e+00 0.000e+00
1.000e+00 9.984e-02 3.500e+00 0.000e+00 0.000e+00
6.000e+00 8.978e-03 3.500e+00 0.000e+00 0.000e+00
7.000e+00 1.976e-03 3.500e+00 0.000e+00 0.000e+00
8.000e+00 4.717e-02 3.500e+00 0.000e+00 0.000e+00
1.100e+01 3.262e-05 3.500e+00 0.000e+00 0.000e+00
1.200e+01 7.816e-06 3.500e+00 0.000e+00 0.000e+00
1.500e+01 5.811e-05 3.500e+00 0.000e+00 0.000e+00
1.600e+01 7.515e-05 3.500e+00 0.000e+00 0.000e+00
1.700e+01 2.228e-05 3.500e+00 0.000e+00 0.000e+00
1.900e+01 7.724e-05 3.500e+00 0.000e+00 0.000e+00
0.000e+00 0.000e+00 0.000e+00 0.000e+00 0.000e+00
1.000e-03 1.347e+00 1.326e-02 3.819e+03 0.000e+00
1.020e-03 1.342e+00 1.373e-02 3.622e+03 0.000e+00
1.072e-03 1.331e+00 1.500e-02 3.172e+03 0.000e+00
1.072e-03 1.331e+00 1.500e-02 3.176e+03 0.000e+00
1.126e-03 1.320e+00 1.636e-02 2.787e+03 0.000e+00
1.243e-03 1.296e+00 1.946e-02 2.139e+03 0.000e+00
1.305e-03 1.283e+00 2.117e-02 1.876e+03 0.000e+00
1.305e-03 1.283e+00 2.117e-02 1.877e+03 0.000e+00
1.372e-03 1.269e+00 2.306e-02 1.639e+03 0.000e+00
1.500e-03 1.241e+00 2.677e-02 1.285e+03 0.000e+00
1.515e-03 1.237e+00 2.721e-02 1.250e+03 0.000e+00
1.672e-03 1.200e+00 3.187e-02 9.515e+02 0.000e+00
1.846e-03 1.157e+00 3.712e-02 7.209e+02 0.000e+00
2.000e-03 1.119e+00 4.177e-02 5.747e+02 0.000e+00
2.038e-03 1.109e+00 4.292e-02 5.448e+02 0.000e+00
2.145e-03 1.082e+00 4.615e-02 4.706e+02 0.000e+00
2.145e-03 1.082e+00 4.615e-02 4.746e+02 0.000e+00
2.250e-03 1.056e+00 4.927e-02 4.144e+02 0.000e+00
2.472e-03 1.002e+00 5.578e-02 3.163e+02 0.000e+00
2.472e-03 1.002e+00 5.578e-02 3.208e+02 0.000e+00
2.483e-03 9.993e-01 5.609e-02 3.167e+02 0.000e+00
2.741e-03 9.381e-01 6.339e-02 2.382e+02 0.000e+00
2.822e-03 9.193e-01 6.562e-02 2.189e+02 0.000e+00
2.822e-03 9.193e-01 6.562e-02 2.200e+02 0.000e+00
3.000e-03 8.793e-01 7.036e-02 1.843e+02 0.000e+00
3.026e-03 8.736e-01 7.104e-02 1.797e+02 0.000e+00
3.341e-03 8.067e-01 7.893e-02 1.345e+02 0.000e+00
3.607e-03 7.542e-01 8.515e-02 1.073e+02 0.000e+00
3.607e-03 7.542e-01 8.515e-02 1.105e+02 0.000e+00
3.688e-03 7.391e-01 8.694e-02 1.035e+02 0.000e+00
4.000e-03 6.838e-01 9.354e-02 8.141e+01 0.000e+00
4.071e-03 6.719e-01 9.497e-02 7.727e+01 0.000e+00
4.494e-03 6.064e-01 1.029e-01 5.758e+01 0.000e+00
4.961e-03 5.438e-01 1.106e-01 4.283e+01 0.000e+00
5.000e-03 5.390e-01 1.112e-01 4.184e+01 0.000e+00
5.477e-03 4.849e-01 1.179e-01 3.179e+01 0.000e+00
6.000e-03 4.346e-01 1.244e-01 2.412e+01 0.000e+00
6.046e-03 4.306e-01 1.249e-01 2.356e+01 0.000e+00
6.675e-03 3.808e-01 1.314e-01 1.743e+01 0.000e+00
7.368e-03 3.359e-01 1.374e-01 1.288e+01 0.000e+00
8.000e-03 3.020e-01 1.420e-01 1.000e+01 0.000e+00
8.134e-03 2.956e-01 1.429e-01 9.503e+00 0.000e+00
8.979e-03 2.599e-01 1.480e-01 7.001e+00 0.000e+00
9.912e-03 2.283e-01 1.525e-01 5.150e+00 0.000e+00
1.000e-02 2.256e-01 1.529e-01 5.010e+00 0.000e+00
1.094e-02 2.004e-01 1.567e-01 3.785e+00 0.000e+00
1.208e-02 1.757e-01 1.606e-01 2.773e+00 0.000e+00
1.334e-02 1.538e-01 1.641e-01 2.029e+00 0.000e+00
1.472e-02 1.346e-01 1.673e-01 1.486e+00 0.000e+00
1.500e-02 1.311e-01 1.679e-01 1.400e+00 0.000e+00
1.625e-02 1.174e-01 1.703e-01 1.086e+00 0.000e+00
1.794e-02 1.020e-01 1.729e-01 7.922e-01 0.000e+00
1.980e-02 8.840e-02 1.753e-01 5.779e-01 0.000e+00
2.000e-02 8.710e-02 1.755e-01 5.595e-01 0.000e+00
2.186e-02 7.622e-02 1.773e-01 4.206e-01 0.000e+00
2.413e-02 6.545e-02 1.789e-01 3.060e-01 0.000e+00
2.664e-02 5.594e-02 1.801e-01 2.223e-01 0.000e+00
2.941e-02 4.763e-02 1.809e-01 1.613e-01 0.000e+00
3.000e-02 4.609e-02 1.811e-01 1.512e-01 0.000e+00
3.247e-02 4.039e-02 1.814e-01 1.170e-01 0.000e+00
3.584e-02 3.414e-02 1.814e-01 8.482e-02 0.000e+00
3.957e-02 2.877e-02 1.810e-01 6.142e-02 0.000e+00
4.000e-02 2.823e-02 1.809e-01 5.929e-02 0.000e+00
4.368e-02 2.419e-02 1.802e-01 4.447e-02 0.000e+00
4.822e-02 2.030e-02 1.790e-01 3.217e-02 0.000e+00
5.000e-02 1.902e-02 1.785e-01 2.857e-02 0.000e+00
5.323e-02 1.700e-02 1.775e-01 2.327e-02 0.000e+00
5.876e-02 1.421e-02 1.757e-01 1.682e-02 0.000e+00
6.000e-02 1.368e-02 1.752e-01 1.570e-02 0.000e+00
6.486e-02 1.185e-02 1.735e-01 1.216e-02 0.000e+00
7.161e-02 9.869e-03 1.711e-01 8.782e-03 0.000e+00
7.905e-02 8.204e-03 1.683e-01 6.346e-03 0.000e+00
8.000e-02 8.022e-03 1.680e-01 6.102e-03 0.000e+00
8.726e-02 6.810e-03 1.654e-01 4.587e-03 0.000e+00
9.633e-02 5.644e-03 1.622e-01 3.315e-03 0.000e+00
1.000e-01 5.256e-03 1.610e-01 2.932e-03 0.000e+00
1.063e-01 4.675e-03 1.588e-01 2.400e-03 0.000e+00
1.174e-01 3.862e-03 1.553e-01 1.734e-03 0.000e+00
1.296e-01 3.189e-03 1.516e-01 1.256e-03 0.000e+00
1.431e-01 2.630e-03 1.477e-01 9.095e-04 0.000e+00
1.500e-01 2.399e-03 1.458e-01 7.806e-04 0.000e+00
1.579e-01 2.170e-03 1.438e-01 6.610e-04 0.000e+00
1.743e-01 1.788e-03 1.397e-01 4.807e-04 0.000e+00
1.925e-01 1.470e-03 1.356e-01 3.497e-04 0.000e+00
2.000e-01 1.364e-03 1.340e-01 3.096e-04 0.000e+00
2.125e-01 1.210e-03 1.314e-01 2.555e-04 0.000e+00
2.345e-01 9.956e-04 1.272e-01 1.874e-04 0.000e+00
2.589e-01 8.183e-04 1.230e-01 1.378e-04 0.000e+00
2.858e-01 6.726e-04 1.188e-01 1.018e-04 0.000e+00
3.000e-01 6.108e-04 1.167e-01 8.787e-05 0.000e+00
3.155e-01 5.526e-04 1.146e-01 7.552e-05 0.000e+00
3.483e-01 4.539e-04 1.104e-01 5.631e-05 0.000e+00
3.845e-01 3.728e-04 1.063e-01 4.223e-05 0.000e+00
4.000e-01 3.446e-04 1.047e-01 3.771e-05 0.000e+00
4.245e-01 3.061e-04 1.022e-01 3.186e-05 0.000e+00
4.686e-01 2.513e-04 9.823e-02 2.424e-05 0.000e+00
5.000e-01 2.208e-04 9.564e-02 2.036e-05 0.000e+00
5.173e-01 2.063e-04 9.428e-02 1.861e-05 0.000e+00
5.710e-01 1.694e-04 9.040e-02 1.442e-05 0.000e+00
6.000e-01 1.535e-04 8.848e-02 1.269e-05 0.000e+00
6.304e-01 1.391e-04 8.658e-02 1.117e-05 0.000e+00
6.959e-01 1.142e-04 8.286e-02 8.712e-06 0.000e+00
7.682e-01 9.370e-05 7.922e-02 6.955e-06 0.000e+00
8.000e-01 8.640e-05 7.775e-02 6.410e-06 0.000e+00
8.480e-01 7.689e-05 7.567e-02 5.763e-06 0.000e+00
9.361e-01 6.310e-05 7.220e-02 4.750e-06 0.000e+00
1.000e+00 5.531e-05 6.993e-02 3.985e-06 0.000e+00
1.022e+00 5.296e-05 6.919e-02 3.721e-06 0.000e+00
1.033e+00 5.185e-05 6.883e-02 3.604e-06 3.425e-09
1.141e+00 4.251e-05 6.551e-02 2.904e-06 3.245e-06
1.250e+00 3.542e-05 6.253e-02 2.525e-06 1.752e-05
1.259e+00 3.491e-05 6.230e-02 2.497e-06 1.928e-05
1.390e+00 2.864e-05 5.916e-02 2.103e-06 5.454e-05
1.500e+00 2.459e-05 5.683e-02 1.831e-06 9.682e-05
1.535e+00 2.348e-05 5.614e-02 1.758e-06 1.124e-04
1.694e+00 1.929e-05 5.324e-02 1.490e-06 1.938e-04
1.870e+00 1.583e-05 5.041e-02 1.275e-06 2.997e-04
2.000e+00 1.383e-05 4.851e-02 1.150e-06 3.853e-04
2.044e+00 1.324e-05 4.789e-02 1.112e-06 4.152e-04
2.065e+00 1.297e-05 4.761e-02 1.095e-06 4.296e-04
2.279e+00 1.065e-05 4.494e-02 9.445e-07 5.806e-04
2.516e+00 8.738e-06 4.240e-02 8.184e-07 7.538e-04
2.778e+00 7.169e-06 3.997e-02 7.119e-07 9.488e-04
3.000e+00 6.149e-06 3.815e-02 6.407e-07 1.114e-03
3.066e+00 5.887e-06 3.765e-02 6.220e-07 1.163e-03
3.385e+00 4.831e-06 3.540e-02 5.450e-07 1.400e-03
3.737e+00 3.964e-06 3.325e-02 4.790e-07 1.655e-03
4.000e+00 3.459e-06 3.183e-02 4.390e-07 1.841e-03
4.125e+00 3.253e-06 3.120e-02 4.222e-07 1.927e-03
4.554e+00 2.669e-06 2.924e-02 3.730e-07 2.216e-03
5.000e+00 2.213e-06 2.749e-02 3.325e-07 2.505e-03
5.027e+00 2.190e-06 2.739e-02 3.303e-07 2.521e-03
5.549e+00 1.797e-06 2.562e-02 2.932e-07 2.844e-03
6.000e+00 1.537e-06 2.429e-02 2.671e-07 3.111e-03
6.126e+00 1.475e-06 2.395e-02 2.606e-07 3.183e-03
6.762e+00 1.210e-06 2.237e-02 2.322e-07 3.532e-03
7.000e+00 1.129e-06 2.184e-02 2.230e-07 3.657e-03
7.465e+00 9.931e-07 2.087e-02 2.070e-07 3.892e-03
8.000e+00 8.647e-07 1.987e-02 1.913e-07 4.152e-03
8.241e+00 8.149e-07 1.946e-02 1.849e-07 4.266e-03
9.000e+00 6.833e-07 1.827e-02 1.674e-07 4.607e-03
9.097e+00 6.688e-07 1.813e-02 1.654e-07 4.649e-03
1.000e+01 5.534e-07 1.693e-02 1.488e-07 5.019e-03
1.004e+01 5.490e-07 1.688e-02 1.481e-07 5.035e-03
1.100e+01 4.573e-07 1.579e-02 1.339e-07 5.398e-03
1.109e+01 4.499e-07 1.569e-02 1.327e-07 5.431e-03
1.200e+01 3.843e-07 1.481e-02 1.217e-07 5.747e-03
1.224e+01 3.694e-07 1.459e-02 1.191e-07 5.827e-03
1.300e+01 3.275e-07 1.395e-02 1.115e-07 6.073e-03
1.351e+01 3.032e-07 1.355e-02 1.069e-07 6.231e-03
1.400e+01 2.823e-07 1.319e-02 1.029e-07 6.377e-03
1.491e+01 2.489e-07 1.258e-02 9.614e-08 6.636e-03
1.500e+01 2.460e-07 1.253e-02 9.552e-08 6.661e-03
1.600e+01 2.162e-07 1.193e-02 8.912e-08 6.930e-03
1.646e+01 2.042e-07 1.168e-02 8.646e-08 7.049e-03
1.800e+01 1.708e-07 1.090e-02 7.860e-08 7.423e-03
1.818e+01 1.674e-07 1.082e-02 7.777e-08 7.464e-03
2.000e+01 1.383e-07 1.005e-02 7.028e-08 7.865e-03
