# MUSCLE, STRIATED (ICRU) from NIST Database
1.040e+00 0.000e+00 0.000e+00 0.000e+00 0.000e+00
1.000e+00 1.012e-01 3.500e+00 0.000e+00 0.000e+00
6.000e+00 1.024e-02 3.500e+00 0.000e+00 0.000e+00
7.000e+00 2.499e-03 3.500e+00 0.000e+00 0.000e+00
8.000e+00 4.556e-02 3.500e+00 0.000e+00 0.000e+00
1.100e+01 3.480e-05 3.500e+00 0.000e+00 0.000e+00
1.200e+01 8.227e-06 3.500e+00 0.000e+00 0.000e+00
1.500e+01 6.457e-05 3.500e+00 0.000e+00 0.000e+00
1.600e+01 1.559e-04 3.500e+00 0.000e+00 0.000e+00
1.900e+01 7.673e-05 3.500e+00 0.000e+00 0.000e+00
0.000e+00 0.000e+00 0.000e+00 0.000e+00 0.000e+00
1.000e-03 1.340e+00 1.340e-02 3.762e+03 0.000e+00
1.020e-03 1.335e+00 1.388e-02 3.569e+03 0.000e+00
1.072e-03 1.324e+00 1.516e-02 3.124e+03 0.000e+00
1.072e-03 1.324e+00 1.516e-02 3.129e+03 0.000e+00
1.126e-03 1.313e+00 1.654e-02 2.745e+03 0.000e+00
1.243e-03 1.289e+00 1.966e-02 2.106e+03 0.000e+00
1.305e-03 1.276e+00 2.138e-02 1.847e+03 0.000e+00
1.305e-03 1.276e+00 2.138e-02 1.848e+03 0.000e+00
1.372e-03 1.262e+00 2.329e-02 1.614e+03 0.000e+00
1.500e-03 1.233e+00 2.703e-02 1.265e+03 0.000e+00
1.515e-03 1.230e+00 2.747e-02 1.231e+03 0.000e+00
1.672e-03 1.193e+00 3.218e-02 9.367e+02 0.000e+00
1.846e-03 1.150e+00 3.745e-02 7.096e+02 0.000e+00
2.000e-03 1.112e+00 4.214e-02 5.656e+02 0.000e+00
2.038e-03 1.102e+00 4.329e-02 5.362e+02 0.000e+00
2.145e-03 1.075e+00 4.654e-02 4.631e+02 0.000e+00
2.145e-03 1.075e+00 4.654e-02 4.676e+02 0.000e+00
2.250e-03 1.049e+00 4.968e-02 4.082e+02 0.000e+00
2.472e-03 9.948e-01 5.622e-02 3.116e+02 0.000e+00
2.472e-03 9.948e-01 5.622e-02 3.209e+02 0.000e+00
2.483e-03 9.921e-01 5.654e-02 3.168e+02 0.000e+00
2.741e-03 9.311e-01 6.386e-02 2.385e+02 0.000e+00
3.000e-03 8.726e-01 7.086e-02 1.837e+02 0.000e+00
3.026e-03 8.669e-01 7.154e-02 1.791e+02 0.000e+00
3.341e-03 8.004e-01 7.945e-02 1.341e+02 0.000e+00
3.607e-03 7.482e-01 8.567e-02 1.070e+02 0.000e+00
3.607e-03 7.482e-01 8.567e-02 1.102e+02 0.000e+00
3.688e-03 7.332e-01 8.747e-02 1.032e+02 0.000e+00
4.000e-03 6.783e-01 9.408e-02 8.122e+01 0.000e+00
4.071e-03 6.665e-01 9.550e-02 7.709e+01 0.000e+00
4.494e-03 6.015e-01 1.034e-01 5.747e+01 0.000e+00
4.961e-03 5.395e-01 1.111e-01 4.276e+01 0.000e+00
5.000e-03 5.347e-01 1.117e-01 4.177e+01 0.000e+00
5.477e-03 4.812e-01 1.184e-01 3.175e+01 0.000e+00
6.000e-03 4.314e-01 1.248e-01 2.409e+01 0.000e+00
6.046e-03 4.274e-01 1.254e-01 2.354e+01 0.000e+00
6.675e-03 3.781e-01 1.318e-01 1.742e+01 0.000e+00
7.368e-03 3.336e-01 1.378e-01 1.288e+01 0.000e+00
8.000e-03 3.001e-01 1.424e-01 1.000e+01 0.000e+00
8.134e-03 2.938e-01 1.433e-01 9.504e+00 0.000e+00
8.979e-03 2.584e-01 1.483e-01 7.004e+00 0.000e+00
9.912e-03 2.270e-01 1.529e-01 5.154e+00 0.000e+00
1.000e-02 2.244e-01 1.533e-01 5.014e+00 0.000e+00
1.094e-02 1.994e-01 1.571e-01 3.789e+00 0.000e+00
1.208e-02 1.749e-01 1.610e-01 2.777e+00 0.000e+00
1.334e-02 1.531e-01 1.645e-01 2.032e+00 0.000e+00
1.472e-02 1.339e-01 1.677e-01 1.489e+00 0.000e+00
1.500e-02 1.305e-01 1.683e-01 1.403e+00 0.000e+00
1.625e-02 1.168e-01 1.707e-01 1.088e+00 0.000e+00
1.794e-02 1.015e-01 1.733e-01 7.943e-01 0.000e+00
1.980e-02 8.797e-02 1.756e-01 5.796e-01 0.000e+00
2.000e-02 8.667e-02 1.759e-01 5.612e-01 0.000e+00
2.186e-02 7.584e-02 1.776e-01 4.220e-01 0.000e+00
2.413e-02 6.512e-02 1.792e-01 3.070e-01 0.000e+00
2.664e-02 5.566e-02 1.804e-01 2.231e-01 0.000e+00
2.941e-02 4.738e-02 1.813e-01 1.620e-01 0.000e+00
3.000e-02 4.585e-02 1.814e-01 1.519e-01 0.000e+00
3.247e-02 4.018e-02 1.817e-01 1.175e-01 0.000e+00
3.584e-02 3.397e-02 1.817e-01 8.522e-02 0.000e+00
3.957e-02 2.862e-02 1.813e-01 6.172e-02 0.000e+00
4.000e-02 2.809e-02 1.812e-01 5.958e-02 0.000e+00
4.368e-02 2.407e-02 1.805e-01 4.470e-02 0.000e+00
4.822e-02 2.019e-02 1.793e-01 3.235e-02 0.000e+00
5.000e-02 1.893e-02 1.788e-01 2.873e-02 0.000e+00
5.323e-02 1.691e-02 1.778e-01 2.340e-02 0.000e+00
5.876e-02 1.414e-02 1.759e-01 1.692e-02 0.000e+00
6.000e-02 1.361e-02 1.755e-01 1.580e-02 0.000e+00
6.486e-02 1.180e-02 1.737e-01 1.223e-02 0.000e+00
7.161e-02 9.819e-03 1.713e-01 8.839e-03 0.000e+00
7.905e-02 8.163e-03 1.686e-01 6.389e-03 0.000e+00
8.000e-02 7.982e-03 1.682e-01 6.143e-03 0.000e+00
8.726e-02 6.776e-03 1.656e-01 4.619e-03 0.000e+00
9.633e-02 5.616e-03 1.624e-01 3.339e-03 0.000e+00
1.000e-01 5.229e-03 1.612e-01 2.953e-03 0.000e+00
1.063e-01 4.652e-03 1.591e-01 2.418e-03 0.000e+00
1.174e-01 3.842e-03 1.555e-01 1.747e-03 0.000e+00
1.296e-01 3.173e-03 1.518e-01 1.265e-03 0.000e+00
1.431e-01 2.617e-03 1.479e-01 9.166e-04 0.000e+00
1.500e-01 2.387e-03 1.460e-01 7.868e-04 0.000e+00
1.579e-01 2.159e-03 1.439e-01 6.664e-04 0.000e+00
1.743e-01 1.779e-03 1.399e-01 4.846e-04 0.000e+00
1.925e-01 1.463e-03 1.357e-01 3.526e-04 0.000e+00
2.000e-01 1.357e-03 1.341e-01 3.122e-04 0.000e+00
2.125e-01 1.204e-03 1.316e-01 2.576e-04 0.000e+00
2.345e-01 9.907e-04 1.274e-01 1.890e-04 0.000e+00
2.589e-01 8.143e-04 1.231e-01 1.390e-04 0.000e+00
2.858e-01 6.693e-04 1.189e-01 1.027e-04 0.000e+00
3.000e-01 6.078e-04 1.169e-01 8.865e-05 0.000e+00
3.155e-01 5.499e-04 1.147e-01 7.619e-05 0.000e+00
3.483e-01 4.517e-04 1.106e-01 5.682e-05 0.000e+00
3.845e-01 3.710e-04 1.064e-01 4.262e-05 0.000e+00
4.000e-01 3.429e-04 1.048e-01 3.806e-05 0.000e+00
4.245e-01 3.046e-04 1.024e-01 3.216e-05 0.000e+00
4.686e-01 2.501e-04 9.835e-02 2.446e-05 0.000e+00
5.000e-01 2.197e-04 9.575e-02 2.055e-05 0.000e+00
5.173e-01 2.053e-04 9.440e-02 1.879e-05 0.000e+00
5.710e-01 1.686e-04 9.051e-02 1.455e-05 0.000e+00
6.000e-01 1.527e-04 8.858e-02 1.281e-05 0.000e+00
6.304e-01 1.384e-04 8.669e-02 1.128e-05 0.000e+00
6.959e-01 1.136e-04 8.296e-02 8.797e-06 0.000e+00
7.682e-01 9.324e-05 7.932e-02 7.022e-06 0.000e+00
8.000e-01 8.597e-05 7.785e-02 6.471e-06 0.000e+00
8.480e-01 7.651e-05 7.576e-02 5.817e-06 0.000e+00
9.361e-01 6.279e-05 7.228e-02 4.794e-06 0.000e+00
1.000e+00 5.504e-05 7.002e-02 4.023e-06 0.000e+00
1.022e+00 5.270e-05 6.928e-02 3.757e-06 0.000e+00
1.033e+00 5.159e-05 6.892e-02 3.640e-06 3.411e-09
1.141e+00 4.230e-05 6.559e-02 2.934e-06 3.231e-06
1.250e+00 3.524e-05 6.261e-02 2.550e-06 1.745e-05
1.259e+00 3.474e-05 6.237e-02 2.521e-06 1.920e-05
1.390e+00 2.850e-05 5.923e-02 2.124e-06 5.431e-05
1.500e+00 2.447e-05 5.690e-02 1.849e-06 9.641e-05
1.535e+00 2.337e-05 5.620e-02 1.775e-06 1.119e-04
1.694e+00 1.919e-05 5.330e-02 1.505e-06 1.930e-04
1.870e+00 1.575e-05 5.047e-02 1.287e-06 2.985e-04
2.000e+00 1.377e-05 4.857e-02 1.161e-06 3.836e-04
2.044e+00 1.318e-05 4.795e-02 1.123e-06 4.134e-04
2.065e+00 1.291e-05 4.767e-02 1.105e-06 4.278e-04
2.279e+00 1.060e-05 4.500e-02 9.534e-07 5.782e-04
2.516e+00 8.695e-06 4.245e-02 8.260e-07 7.507e-04
2.778e+00 7.134e-06 4.002e-02 7.185e-07 9.448e-04
3.000e+00 6.119e-06 3.820e-02 6.465e-07 1.110e-03
3.066e+00 5.858e-06 3.769e-02 6.277e-07 1.158e-03
3.385e+00 4.807e-06 3.545e-02 5.500e-07 1.394e-03
3.737e+00 3.944e-06 3.329e-02 4.833e-07 1.648e-03
4.000e+00 3.442e-06 3.187e-02 4.430e-07 1.833e-03
4.125e+00 3.237e-06 3.124e-02 4.260e-07 1.919e-03
4.554e+00 2.655e-06 2.928e-02 3.763e-07 2.207e-03
5.000e+00 2.203e-06 2.752e-02 3.355e-07 2.495e-03
5.027e+00 2.179e-06 2.742e-02 3.333e-07 2.511e-03
5.549e+00 1.788e-06 2.565e-02 2.957e-07 2.834e-03
6.000e+00 1.530e-06 2.432e-02 2.694e-07 3.099e-03
6.126e+00 1.467e-06 2.398e-02 2.629e-07 3.170e-03
6.762e+00 1.204e-06 2.240e-02 2.342e-07 3.518e-03
7.000e+00 1.124e-06 2.186e-02 2.250e-07 3.643e-03
7.465e+00 9.882e-07 2.090e-02 2.088e-07 3.878e-03
8.000e+00 8.605e-07 1.990e-02 1.929e-07 4.137e-03
8.241e+00 8.109e-07 1.948e-02 1.865e-07 4.249e-03
9.000e+00 6.799e-07 1.829e-02 1.688e-07 4.590e-03
9.097e+00 6.655e-07 1.815e-02 1.668e-07 4.631e-03
1.000e+01 5.507e-07 1.695e-02 1.501e-07 5.000e-03
1.004e+01 5.463e-07 1.690e-02 1.494e-07 5.017e-03
1.100e+01 4.551e-07 1.581e-02 1.350e-07 5.377e-03
1.109e+01 4.477e-07 1.571e-02 1.338e-07 5.411e-03
1.200e+01 3.824e-07 1.482e-02 1.227e-07 5.726e-03
1.224e+01 3.676e-07 1.461e-02 1.201e-07 5.805e-03
1.300e+01 3.259e-07 1.396e-02 1.125e-07 6.051e-03
1.351e+01 3.017e-07 1.357e-02 1.078e-07 6.207e-03
1.400e+01 2.810e-07 1.321e-02 1.038e-07 6.353e-03
1.491e+01 2.477e-07 1.260e-02 9.695e-08 6.612e-03
1.500e+01 2.448e-07 1.254e-02 9.632e-08 6.636e-03
1.600e+01 2.151e-07 1.194e-02 8.987e-08 6.905e-03
1.646e+01 2.032e-07 1.169e-02 8.719e-08 7.023e-03
1.800e+01 1.700e-07 1.092e-02 7.926e-08 7.395e-03
1.818e+01 1.666e-07 1.083e-02 7.842e-08 7.436e-03
2.000e+01 1.377e-07 1.007e-02 7.087e-08 7.836e-03
