# N,N-DIMETHYL FORMAMIDE from NIST Database
9.487e-01 0.000e+00 0.000e+00 0.000e+00 0.000e+00
1.000e+00 9.576e-02 3.500e+00 0.000e+00 0.000e+00
6.000e+00 4.105e-02 3.500e+00 0.000e+00 0.000e+00
7.000e+00 1.368e-02 3.500e+00 0.000e+00 0.000e+00
8.000e+00 1.368e-02 3.500e+00 0.000e+00 0.000e+00
0.000e+00 0.000e+00 0.000e+00 0.000e+00 0.000e+00
1.000e-03 1.141e+00 1.506e-02 2.729e+03 0.000e+00
1.020e-03 1.137e+00 1.559e-02 2.585e+03 0.000e+00
1.126e-03 1.113e+00 1.852e-02 1.972e+03 0.000e+00
1.243e-03 1.088e+00 2.197e-02 1.502e+03 0.000e+00
1.372e-03 1.060e+00 2.595e-02 1.143e+03 0.000e+00
1.500e-03 1.031e+00 3.003e-02 8.909e+02 0.000e+00
1.515e-03 1.028e+00 3.051e-02 8.663e+02 0.000e+00
1.672e-03 9.905e-01 3.561e-02 6.553e+02 0.000e+00
1.846e-03 9.482e-01 4.128e-02 4.937e+02 0.000e+00
2.000e-03 9.108e-01 4.628e-02 3.918e+02 0.000e+00
2.038e-03 9.016e-01 4.751e-02 3.711e+02 0.000e+00
2.250e-03 8.513e-01 5.426e-02 2.783e+02 0.000e+00
2.483e-03 7.982e-01 6.145e-02 2.086e+02 0.000e+00
2.741e-03 7.427e-01 6.905e-02 1.559e+02 0.000e+00
3.000e-03 6.907e-01 7.624e-02 1.192e+02 0.000e+00
3.026e-03 6.857e-01 7.693e-02 1.162e+02 0.000e+00
3.341e-03 6.282e-01 8.497e-02 8.645e+01 0.000e+00
3.688e-03 5.715e-01 9.300e-02 6.423e+01 0.000e+00
4.000e-03 5.262e-01 9.952e-02 5.025e+01 0.000e+00
4.071e-03 5.166e-01 1.009e-01 4.764e+01 0.000e+00
4.494e-03 4.644e-01 1.086e-01 3.527e+01 0.000e+00
4.961e-03 4.154e-01 1.159e-01 2.607e+01 0.000e+00
5.000e-03 4.117e-01 1.164e-01 2.545e+01 0.000e+00
5.477e-03 3.702e-01 1.227e-01 1.923e+01 0.000e+00
6.000e-03 3.321e-01 1.287e-01 1.450e+01 0.000e+00
6.046e-03 3.291e-01 1.291e-01 1.416e+01 0.000e+00
6.675e-03 2.919e-01 1.351e-01 1.041e+01 0.000e+00
7.368e-03 2.587e-01 1.406e-01 7.649e+00 0.000e+00
8.000e-03 2.338e-01 1.448e-01 5.909e+00 0.000e+00
8.134e-03 2.290e-01 1.456e-01 5.609e+00 0.000e+00
8.979e-03 2.027e-01 1.503e-01 4.108e+00 0.000e+00
9.912e-03 1.793e-01 1.547e-01 3.004e+00 0.000e+00
1.000e-02 1.773e-01 1.550e-01 2.921e+00 0.000e+00
1.094e-02 1.584e-01 1.587e-01 2.195e+00 0.000e+00
1.208e-02 1.397e-01 1.625e-01 1.600e+00 0.000e+00
1.334e-02 1.228e-01 1.660e-01 1.164e+00 0.000e+00
1.472e-02 1.077e-01 1.693e-01 8.482e-01 0.000e+00
1.500e-02 1.050e-01 1.698e-01 7.982e-01 0.000e+00
1.625e-02 9.404e-02 1.722e-01 6.165e-01 0.000e+00
1.794e-02 8.171e-02 1.749e-01 4.475e-01 0.000e+00
1.980e-02 7.069e-02 1.772e-01 3.248e-01 0.000e+00
2.000e-02 6.963e-02 1.774e-01 3.143e-01 0.000e+00
2.186e-02 6.081e-02 1.791e-01 2.353e-01 0.000e+00
2.413e-02 5.208e-02 1.806e-01 1.704e-01 0.000e+00
2.664e-02 4.439e-02 1.816e-01 1.232e-01 0.000e+00
2.941e-02 3.770e-02 1.823e-01 8.903e-02 0.000e+00
3.000e-02 3.647e-02 1.823e-01 8.340e-02 0.000e+00
3.247e-02 3.191e-02 1.825e-01 6.428e-02 0.000e+00
3.584e-02 2.693e-02 1.823e-01 4.642e-02 0.000e+00
3.957e-02 2.266e-02 1.817e-01 3.347e-02 0.000e+00
4.000e-02 2.223e-02 1.816e-01 3.230e-02 0.000e+00
4.368e-02 1.903e-02 1.807e-01 2.414e-02 0.000e+00
4.822e-02 1.594e-02 1.794e-01 1.740e-02 0.000e+00
5.000e-02 1.494e-02 1.789e-01 1.543e-02 0.000e+00
5.323e-02 1.333e-02 1.778e-01 1.254e-02 0.000e+00
5.876e-02 1.113e-02 1.758e-01 9.031e-03 0.000e+00
6.000e-02 1.071e-02 1.753e-01 8.426e-03 0.000e+00
6.486e-02 9.271e-03 1.735e-01 6.506e-03 0.000e+00
7.161e-02 7.707e-03 1.710e-01 4.684e-03 0.000e+00
7.905e-02 6.398e-03 1.682e-01 3.374e-03 0.000e+00
8.000e-02 6.255e-03 1.679e-01 3.243e-03 0.000e+00
8.726e-02 5.303e-03 1.652e-01 2.431e-03 0.000e+00
9.633e-02 4.389e-03 1.619e-01 1.751e-03 0.000e+00
1.000e-01 4.085e-03 1.607e-01 1.548e-03 0.000e+00
1.063e-01 3.631e-03 1.585e-01 1.264e-03 0.000e+00
1.174e-01 2.996e-03 1.549e-01 9.110e-04 0.000e+00
1.296e-01 2.471e-03 1.512e-01 6.581e-04 0.000e+00
1.431e-01 2.036e-03 1.473e-01 4.756e-04 0.000e+00
1.500e-01 1.857e-03 1.454e-01 4.078e-04 0.000e+00
1.579e-01 1.678e-03 1.434e-01 3.450e-04 0.000e+00
1.743e-01 1.382e-03 1.393e-01 2.503e-04 0.000e+00
1.925e-01 1.136e-03 1.351e-01 1.818e-04 0.000e+00
2.000e-01 1.053e-03 1.335e-01 1.608e-04 0.000e+00
2.125e-01 9.340e-04 1.310e-01 1.325e-04 0.000e+00
2.345e-01 7.683e-04 1.268e-01 9.702e-05 0.000e+00
2.589e-01 6.313e-04 1.226e-01 7.119e-05 0.000e+00
2.858e-01 5.187e-04 1.184e-01 5.248e-05 0.000e+00
3.000e-01 4.710e-04 1.163e-01 4.527e-05 0.000e+00
3.155e-01 4.261e-04 1.142e-01 3.888e-05 0.000e+00
3.483e-01 3.499e-04 1.100e-01 2.895e-05 0.000e+00
3.845e-01 2.873e-04 1.059e-01 2.168e-05 0.000e+00
4.000e-01 2.655e-04 1.043e-01 1.935e-05 0.000e+00
4.245e-01 2.358e-04 1.019e-01 1.634e-05 0.000e+00
4.686e-01 1.936e-04 9.787e-02 1.241e-05 0.000e+00
5.000e-01 1.701e-04 9.528e-02 1.042e-05 0.000e+00
5.173e-01 1.590e-04 9.393e-02 9.527e-06 0.000e+00
5.710e-01 1.305e-04 9.006e-02 7.375e-06 0.000e+00
6.000e-01 1.182e-04 8.815e-02 6.486e-06 0.000e+00
6.304e-01 1.071e-04 8.626e-02 5.702e-06 0.000e+00
6.959e-01 8.791e-05 8.256e-02 4.434e-06 0.000e+00
7.682e-01 7.215e-05 7.892e-02 3.542e-06 0.000e+00
8.000e-01 6.653e-05 7.745e-02 3.272e-06 0.000e+00
8.480e-01 5.920e-05 7.535e-02 2.959e-06 0.000e+00
9.361e-01 4.859e-05 7.188e-02 2.450e-06 0.000e+00
1.000e+00 4.259e-05 6.965e-02 2.034e-06 0.000e+00
1.022e+00 4.078e-05 6.893e-02 1.888e-06 0.000e+00
1.033e+00 3.992e-05 6.857e-02 1.824e-06 2.923e-09
1.141e+00 3.273e-05 6.527e-02 1.462e-06 2.777e-06
1.250e+00 2.726e-05 6.229e-02 1.282e-06 1.503e-05
1.259e+00 2.688e-05 6.205e-02 1.268e-06 1.654e-05
1.390e+00 2.205e-05 5.894e-02 1.070e-06 4.690e-05
1.500e+00 1.893e-05 5.661e-02 9.302e-07 8.334e-05
1.535e+00 1.808e-05 5.592e-02 8.929e-07 9.676e-05
1.694e+00 1.485e-05 5.302e-02 7.572e-07 1.669e-04
1.870e+00 1.219e-05 5.019e-02 6.490e-07 2.582e-04
2.000e+00 1.065e-05 4.831e-02 5.859e-07 3.321e-04
2.044e+00 1.020e-05 4.771e-02 5.669e-07 3.579e-04
2.065e+00 9.989e-06 4.743e-02 5.582e-07 3.704e-04
2.279e+00 8.199e-06 4.479e-02 4.822e-07 5.010e-04
2.516e+00 6.727e-06 4.226e-02 4.182e-07 6.508e-04
2.778e+00 5.520e-06 3.982e-02 3.642e-07 8.196e-04
3.000e+00 4.734e-06 3.801e-02 3.280e-07 9.635e-04
3.066e+00 4.532e-06 3.750e-02 3.185e-07 1.006e-03
3.385e+00 3.719e-06 3.526e-02 2.793e-07 1.212e-03
3.737e+00 3.051e-06 3.312e-02 2.457e-07 1.434e-03
4.000e+00 2.663e-06 3.170e-02 2.254e-07 1.596e-03
4.125e+00 2.504e-06 3.108e-02 2.168e-07 1.673e-03
4.554e+00 2.054e-06 2.913e-02 1.917e-07 1.925e-03
5.000e+00 1.704e-06 2.738e-02 1.710e-07 2.177e-03
5.027e+00 1.686e-06 2.728e-02 1.699e-07 2.193e-03
5.549e+00 1.384e-06 2.552e-02 1.509e-07 2.476e-03
6.000e+00 1.184e-06 2.420e-02 1.376e-07 2.710e-03
6.126e+00 1.135e-06 2.386e-02 1.343e-07 2.773e-03
6.762e+00 9.317e-07 2.228e-02 1.197e-07 3.080e-03
7.000e+00 8.695e-07 2.175e-02 1.150e-07 3.190e-03
7.465e+00 7.646e-07 2.079e-02 1.068e-07 3.398e-03
8.000e+00 6.658e-07 1.980e-02 9.869e-08 3.627e-03
8.241e+00 6.275e-07 1.938e-02 9.543e-08 3.726e-03
9.000e+00 5.261e-07 1.820e-02 8.644e-08 4.027e-03
9.097e+00 5.149e-07 1.806e-02 8.541e-08 4.064e-03
1.000e+01 4.261e-07 1.686e-02 7.687e-08 4.393e-03
1.004e+01 4.227e-07 1.681e-02 7.653e-08 4.406e-03
1.100e+01 3.521e-07 1.572e-02 6.920e-08 4.727e-03
1.109e+01 3.464e-07 1.563e-02 6.858e-08 4.756e-03
1.200e+01 2.959e-07 1.475e-02 6.291e-08 5.035e-03
1.224e+01 2.844e-07 1.453e-02 6.157e-08 5.107e-03
1.300e+01 2.521e-07 1.389e-02 5.767e-08 5.324e-03
1.351e+01 2.334e-07 1.350e-02 5.531e-08 5.463e-03
1.400e+01 2.174e-07 1.314e-02 5.322e-08 5.593e-03
1.491e+01 1.917e-07 1.253e-02 4.974e-08 5.823e-03
1.500e+01 1.894e-07 1.248e-02 4.942e-08 5.844e-03
1.600e+01 1.664e-07 1.188e-02 4.613e-08 6.084e-03
1.646e+01 1.573e-07 1.163e-02 4.475e-08 6.188e-03
1.800e+01 1.315e-07 1.086e-02 4.069e-08 6.519e-03
1.818e+01 1.289e-07 1.078e-02 4.026e-08 6.556e-03
2.000e+01 1.065e-07 1.001e-02 3.640e-08 6.910e-03
