# N-HEPTANE from NIST Database
6.838e-01 0.000e+00 0.000e+00 0.000e+00 0.000e+00
1.000e+00 1.597e-01 3.500e+00 0.000e+00 0.000e+00
6.000e+00 6.986e-02 3.500e+00 0.000e+00 0.000e+00
0.000e+00 0.000e+00 0.000e+00 0.000e+00 0.000e+00
1.000e-03 9.612e-01 1.870e-02 1.855e+03 0.000e+00
1.020e-03 9.565e-01 1.935e-02 1.755e+03 0.000e+00
1.126e-03 9.329e-01 2.294e-02 1.328e+03 0.000e+00
1.243e-03 9.080e-01 2.714e-02 1.004e+03 0.000e+00
1.372e-03 8.805e-01 3.198e-02 7.584e+02 0.000e+00
1.500e-03 8.523e-01 3.690e-02 5.871e+02 0.000e+00
1.515e-03 8.489e-01 3.749e-02 5.705e+02 0.000e+00
1.672e-03 8.130e-01 4.359e-02 4.286e+02 0.000e+00
1.846e-03 7.729e-01 5.034e-02 3.207e+02 0.000e+00
2.000e-03 7.377e-01 5.623e-02 2.532e+02 0.000e+00
2.038e-03 7.292e-01 5.767e-02 2.395e+02 0.000e+00
2.250e-03 6.828e-01 6.553e-02 1.785e+02 0.000e+00
2.483e-03 6.348e-01 7.381e-02 1.330e+02 0.000e+00
2.741e-03 5.857e-01 8.245e-02 9.884e+01 0.000e+00
3.000e-03 5.407e-01 9.052e-02 7.525e+01 0.000e+00
3.026e-03 5.364e-01 9.129e-02 7.331e+01 0.000e+00
3.341e-03 4.877e-01 1.002e-01 5.425e+01 0.000e+00
3.688e-03 4.409e-01 1.089e-01 4.011e+01 0.000e+00
4.000e-03 4.042e-01 1.158e-01 3.126e+01 0.000e+00
4.071e-03 3.966e-01 1.173e-01 2.961e+01 0.000e+00
4.494e-03 3.553e-01 1.253e-01 2.181e+01 0.000e+00
4.961e-03 3.174e-01 1.328e-01 1.605e+01 0.000e+00
5.000e-03 3.145e-01 1.333e-01 1.566e+01 0.000e+00
5.477e-03 2.830e-01 1.397e-01 1.178e+01 0.000e+00
6.000e-03 2.544e-01 1.456e-01 8.850e+00 0.000e+00
6.046e-03 2.521e-01 1.460e-01 8.640e+00 0.000e+00
6.675e-03 2.246e-01 1.518e-01 6.324e+00 0.000e+00
7.368e-03 2.001e-01 1.571e-01 4.625e+00 0.000e+00
8.000e-03 1.818e-01 1.612e-01 3.560e+00 0.000e+00
8.134e-03 1.783e-01 1.620e-01 3.376e+00 0.000e+00
8.979e-03 1.589e-01 1.665e-01 2.461e+00 0.000e+00
9.912e-03 1.414e-01 1.707e-01 1.792e+00 0.000e+00
1.000e-02 1.399e-01 1.711e-01 1.742e+00 0.000e+00
1.094e-02 1.256e-01 1.746e-01 1.304e+00 0.000e+00
1.208e-02 1.112e-01 1.783e-01 9.470e-01 0.000e+00
1.334e-02 9.809e-02 1.817e-01 6.866e-01 0.000e+00
1.472e-02 8.615e-02 1.848e-01 4.985e-01 0.000e+00
1.500e-02 8.399e-02 1.853e-01 4.688e-01 0.000e+00
1.625e-02 7.519e-02 1.875e-01 3.609e-01 0.000e+00
1.794e-02 6.523e-02 1.900e-01 2.610e-01 0.000e+00
1.980e-02 5.629e-02 1.920e-01 1.888e-01 0.000e+00
2.000e-02 5.543e-02 1.922e-01 1.827e-01 0.000e+00
2.186e-02 4.829e-02 1.936e-01 1.363e-01 0.000e+00
2.413e-02 4.123e-02 1.948e-01 9.841e-02 0.000e+00
2.664e-02 3.506e-02 1.955e-01 7.096e-02 0.000e+00
2.941e-02 2.970e-02 1.958e-01 5.114e-02 0.000e+00
3.000e-02 2.872e-02 1.958e-01 4.788e-02 0.000e+00
3.247e-02 2.509e-02 1.956e-01 3.683e-02 0.000e+00
3.584e-02 2.115e-02 1.951e-01 2.652e-02 0.000e+00
3.957e-02 1.777e-02 1.942e-01 1.908e-02 0.000e+00
4.000e-02 1.744e-02 1.940e-01 1.840e-02 0.000e+00
4.368e-02 1.491e-02 1.929e-01 1.373e-02 0.000e+00
4.822e-02 1.247e-02 1.912e-01 9.873e-03 0.000e+00
5.000e-02 1.168e-02 1.905e-01 8.748e-03 0.000e+00
5.323e-02 1.042e-02 1.893e-01 7.098e-03 0.000e+00
5.876e-02 8.682e-03 1.870e-01 5.103e-03 0.000e+00
6.000e-02 8.352e-03 1.865e-01 4.759e-03 0.000e+00
6.486e-02 7.224e-03 1.844e-01 3.669e-03 0.000e+00
7.161e-02 5.998e-03 1.816e-01 2.636e-03 0.000e+00
7.905e-02 4.973e-03 1.785e-01 1.895e-03 0.000e+00
8.000e-02 4.861e-03 1.782e-01 1.821e-03 0.000e+00
8.726e-02 4.117e-03 1.752e-01 1.363e-03 0.000e+00
9.633e-02 3.403e-03 1.717e-01 9.801e-04 0.000e+00
1.000e-01 3.165e-03 1.703e-01 8.655e-04 0.000e+00
1.063e-01 2.811e-03 1.680e-01 7.066e-04 0.000e+00
1.174e-01 2.317e-03 1.642e-01 5.086e-04 0.000e+00
1.296e-01 1.910e-03 1.602e-01 3.670e-04 0.000e+00
1.431e-01 1.572e-03 1.560e-01 2.650e-04 0.000e+00
1.500e-01 1.433e-03 1.540e-01 2.271e-04 0.000e+00
1.579e-01 1.295e-03 1.518e-01 1.920e-04 0.000e+00
1.743e-01 1.066e-03 1.475e-01 1.392e-04 0.000e+00
1.925e-01 8.756e-04 1.431e-01 1.009e-04 0.000e+00
2.000e-01 8.117e-04 1.413e-01 8.924e-05 0.000e+00
2.125e-01 7.198e-04 1.386e-01 7.349e-05 0.000e+00
2.345e-01 5.920e-04 1.342e-01 5.374e-05 0.000e+00
2.589e-01 4.863e-04 1.297e-01 3.939e-05 0.000e+00
2.858e-01 3.995e-04 1.253e-01 2.901e-05 0.000e+00
3.000e-01 3.627e-04 1.231e-01 2.501e-05 0.000e+00
3.155e-01 3.281e-04 1.208e-01 2.147e-05 0.000e+00
3.483e-01 2.694e-04 1.164e-01 1.598e-05 0.000e+00
3.845e-01 2.211e-04 1.121e-01 1.196e-05 0.000e+00
4.000e-01 2.044e-04 1.104e-01 1.067e-05 0.000e+00
4.245e-01 1.815e-04 1.078e-01 9.005e-06 0.000e+00
4.686e-01 1.490e-04 1.036e-01 6.837e-06 0.000e+00
5.000e-01 1.309e-04 1.008e-01 5.739e-06 0.000e+00
5.173e-01 1.223e-04 9.938e-02 5.247e-06 0.000e+00
5.710e-01 1.004e-04 9.528e-02 4.060e-06 0.000e+00
6.000e-01 9.097e-05 9.325e-02 3.569e-06 0.000e+00
6.304e-01 8.241e-05 9.126e-02 3.133e-06 0.000e+00
6.959e-01 6.763e-05 8.733e-02 2.430e-06 0.000e+00
7.682e-01 5.550e-05 8.348e-02 1.943e-06 0.000e+00
8.000e-01 5.118e-05 8.192e-02 1.800e-06 0.000e+00
8.480e-01 4.555e-05 7.970e-02 1.636e-06 0.000e+00
9.361e-01 3.738e-05 7.603e-02 1.361e-06 0.000e+00
1.000e+00 3.276e-05 7.367e-02 1.119e-06 0.000e+00
1.022e+00 3.137e-05 7.291e-02 1.032e-06 0.000e+00
1.033e+00 3.070e-05 7.254e-02 9.943e-07 2.484e-09
1.141e+00 2.517e-05 6.904e-02 7.928e-07 2.365e-06
1.250e+00 2.097e-05 6.588e-02 7.006e-07 1.282e-05
1.259e+00 2.067e-05 6.564e-02 6.934e-07 1.411e-05
1.390e+00 1.696e-05 6.235e-02 5.860e-07 4.008e-05
1.500e+00 1.456e-05 5.989e-02 5.087e-07 7.127e-05
1.535e+00 1.391e-05 5.916e-02 4.882e-07 8.276e-05
1.694e+00 1.142e-05 5.607e-02 4.141e-07 1.428e-04
1.870e+00 9.373e-06 5.307e-02 3.554e-07 2.210e-04
2.000e+00 8.193e-06 5.110e-02 3.211e-07 2.843e-04
2.044e+00 7.843e-06 5.047e-02 3.107e-07 3.065e-04
2.065e+00 7.684e-06 5.018e-02 3.060e-07 3.172e-04
2.279e+00 6.308e-06 4.740e-02 2.644e-07 4.292e-04
2.516e+00 5.176e-06 4.472e-02 2.295e-07 5.581e-04
2.778e+00 4.246e-06 4.213e-02 2.000e-07 7.038e-04
3.000e+00 3.642e-06 4.020e-02 1.802e-07 8.283e-04
3.066e+00 3.487e-06 3.966e-02 1.750e-07 8.653e-04
3.385e+00 2.861e-06 3.729e-02 1.536e-07 1.044e-03
3.737e+00 2.347e-06 3.503e-02 1.352e-07 1.238e-03
4.000e+00 2.048e-06 3.353e-02 1.240e-07 1.379e-03
4.125e+00 1.926e-06 3.287e-02 1.193e-07 1.446e-03
4.554e+00 1.580e-06 3.081e-02 1.056e-07 1.667e-03
5.000e+00 1.311e-06 2.896e-02 9.421e-08 1.888e-03
5.027e+00 1.297e-06 2.886e-02 9.360e-08 1.902e-03
5.549e+00 1.065e-06 2.700e-02 8.315e-08 2.151e-03
6.000e+00 9.105e-07 2.560e-02 7.582e-08 2.358e-03
6.126e+00 8.734e-07 2.523e-02 7.400e-08 2.414e-03
6.762e+00 7.166e-07 2.357e-02 6.599e-08 2.685e-03
7.000e+00 6.687e-07 2.301e-02 6.341e-08 2.781e-03
7.465e+00 5.881e-07 2.199e-02 5.890e-08 2.966e-03
8.000e+00 5.122e-07 2.094e-02 5.445e-08 3.168e-03
8.241e+00 4.827e-07 2.050e-02 5.266e-08 3.256e-03
9.000e+00 4.046e-07 1.925e-02 4.772e-08 3.522e-03
9.097e+00 3.961e-07 1.910e-02 4.715e-08 3.555e-03
1.000e+01 3.278e-07 1.783e-02 4.246e-08 3.847e-03
1.004e+01 3.251e-07 1.778e-02 4.227e-08 3.859e-03
1.100e+01 2.709e-07 1.663e-02 3.821e-08 4.144e-03
1.109e+01 2.665e-07 1.653e-02 3.787e-08 4.170e-03
1.200e+01 2.276e-07 1.560e-02 3.475e-08 4.418e-03
1.224e+01 2.188e-07 1.537e-02 3.401e-08 4.481e-03
1.300e+01 1.940e-07 1.469e-02 3.186e-08 4.675e-03
1.351e+01 1.796e-07 1.428e-02 3.056e-08 4.799e-03
1.400e+01 1.672e-07 1.390e-02 2.941e-08 4.914e-03
1.491e+01 1.474e-07 1.326e-02 2.748e-08 5.117e-03
1.500e+01 1.457e-07 1.320e-02 2.731e-08 5.137e-03
1.600e+01 1.280e-07 1.257e-02 2.549e-08 5.352e-03
1.646e+01 1.210e-07 1.230e-02 2.473e-08 5.445e-03
1.800e+01 1.012e-07 1.149e-02 2.249e-08 5.740e-03
1.818e+01 9.917e-08 1.140e-02 2.225e-08 5.772e-03
2.000e+01 8.193e-08 1.059e-02 2.012e-08 6.090e-03
