# N-HEXANE from NIST Database
6.603e-01 0.000e+00 0.000e+00 0.000e+00 0.000e+00
1.000e+00 1.624e-01 3.500e+00 0.000e+00 0.000e+00
6.000e+00 6.963e-02 3.500e+00 0.000e+00 0.000e+00
0.000e+00 0.000e+00 0.000e+00 0.000e+00 0.000e+00
1.000e-03 9.591e-01 1.880e-02 1.849e+03 0.000e+00
1.020e-03 9.544e-01 1.946e-02 1.749e+03 0.000e+00
1.126e-03 9.309e-01 2.307e-02 1.324e+03 0.000e+00
1.243e-03 9.061e-01 2.729e-02 1.001e+03 0.000e+00
1.372e-03 8.786e-01 3.216e-02 7.558e+02 0.000e+00
1.500e-03 8.504e-01 3.711e-02 5.852e+02 0.000e+00
1.515e-03 8.471e-01 3.770e-02 5.686e+02 0.000e+00
1.672e-03 8.113e-01 4.383e-02 4.272e+02 0.000e+00
1.846e-03 7.712e-01 5.061e-02 3.197e+02 0.000e+00
2.000e-03 7.361e-01 5.654e-02 2.524e+02 0.000e+00
2.038e-03 7.276e-01 5.798e-02 2.387e+02 0.000e+00
2.250e-03 6.813e-01 6.588e-02 1.779e+02 0.000e+00
2.483e-03 6.334e-01 7.420e-02 1.326e+02 0.000e+00
2.741e-03 5.843e-01 8.288e-02 9.851e+01 0.000e+00
3.000e-03 5.394e-01 9.098e-02 7.500e+01 0.000e+00
3.026e-03 5.351e-01 9.175e-02 7.306e+01 0.000e+00
3.341e-03 4.866e-01 1.007e-01 5.407e+01 0.000e+00
3.688e-03 4.398e-01 1.094e-01 3.998e+01 0.000e+00
4.000e-03 4.033e-01 1.164e-01 3.115e+01 0.000e+00
4.071e-03 3.956e-01 1.179e-01 2.951e+01 0.000e+00
4.494e-03 3.544e-01 1.259e-01 2.174e+01 0.000e+00
4.961e-03 3.166e-01 1.334e-01 1.599e+01 0.000e+00
5.000e-03 3.137e-01 1.339e-01 1.561e+01 0.000e+00
5.477e-03 2.823e-01 1.403e-01 1.174e+01 0.000e+00
6.000e-03 2.538e-01 1.462e-01 8.820e+00 0.000e+00
6.046e-03 2.515e-01 1.466e-01 8.611e+00 0.000e+00
6.675e-03 2.240e-01 1.524e-01 6.303e+00 0.000e+00
7.368e-03 1.996e-01 1.577e-01 4.609e+00 0.000e+00
8.000e-03 1.813e-01 1.618e-01 3.548e+00 0.000e+00
8.134e-03 1.778e-01 1.626e-01 3.365e+00 0.000e+00
8.979e-03 1.584e-01 1.671e-01 2.453e+00 0.000e+00
9.912e-03 1.410e-01 1.713e-01 1.786e+00 0.000e+00
1.000e-02 1.395e-01 1.717e-01 1.736e+00 0.000e+00
1.094e-02 1.253e-01 1.753e-01 1.300e+00 0.000e+00
1.208e-02 1.109e-01 1.789e-01 9.439e-01 0.000e+00
1.334e-02 9.781e-02 1.823e-01 6.843e-01 0.000e+00
1.472e-02 8.591e-02 1.854e-01 4.968e-01 0.000e+00
1.500e-02 8.375e-02 1.859e-01 4.672e-01 0.000e+00
1.625e-02 7.497e-02 1.881e-01 3.597e-01 0.000e+00
1.794e-02 6.503e-02 1.906e-01 2.602e-01 0.000e+00
1.980e-02 5.612e-02 1.926e-01 1.882e-01 0.000e+00
2.000e-02 5.527e-02 1.928e-01 1.821e-01 0.000e+00
2.186e-02 4.814e-02 1.942e-01 1.359e-01 0.000e+00
2.413e-02 4.111e-02 1.953e-01 9.808e-02 0.000e+00
2.664e-02 3.495e-02 1.960e-01 7.073e-02 0.000e+00
2.941e-02 2.961e-02 1.963e-01 5.097e-02 0.000e+00
3.000e-02 2.863e-02 1.963e-01 4.773e-02 0.000e+00
3.247e-02 2.501e-02 1.962e-01 3.670e-02 0.000e+00
3.584e-02 2.108e-02 1.956e-01 2.644e-02 0.000e+00
3.957e-02 1.772e-02 1.947e-01 1.902e-02 0.000e+00
4.000e-02 1.738e-02 1.945e-01 1.834e-02 0.000e+00
4.368e-02 1.486e-02 1.934e-01 1.368e-02 0.000e+00
4.822e-02 1.244e-02 1.917e-01 9.840e-03 0.000e+00
5.000e-02 1.164e-02 1.910e-01 8.719e-03 0.000e+00
5.323e-02 1.038e-02 1.897e-01 7.075e-03 0.000e+00
5.876e-02 8.655e-03 1.874e-01 5.086e-03 0.000e+00
6.000e-02 8.326e-03 1.869e-01 4.743e-03 0.000e+00
6.486e-02 7.202e-03 1.849e-01 3.656e-03 0.000e+00
7.161e-02 5.980e-03 1.821e-01 2.627e-03 0.000e+00
7.905e-02 4.958e-03 1.790e-01 1.888e-03 0.000e+00
8.000e-02 4.846e-03 1.786e-01 1.815e-03 0.000e+00
8.726e-02 4.104e-03 1.757e-01 1.358e-03 0.000e+00
9.633e-02 3.392e-03 1.721e-01 9.769e-04 0.000e+00
1.000e-01 3.155e-03 1.708e-01 8.626e-04 0.000e+00
1.063e-01 2.803e-03 1.684e-01 7.042e-04 0.000e+00
1.174e-01 2.310e-03 1.646e-01 5.069e-04 0.000e+00
1.296e-01 1.904e-03 1.605e-01 3.658e-04 0.000e+00
1.431e-01 1.568e-03 1.564e-01 2.641e-04 0.000e+00
1.500e-01 1.429e-03 1.544e-01 2.263e-04 0.000e+00
1.579e-01 1.291e-03 1.522e-01 1.914e-04 0.000e+00
1.743e-01 1.062e-03 1.478e-01 1.387e-04 0.000e+00
1.925e-01 8.729e-04 1.434e-01 1.006e-04 0.000e+00
2.000e-01 8.092e-04 1.417e-01 8.895e-05 0.000e+00
2.125e-01 7.176e-04 1.390e-01 7.324e-05 0.000e+00
2.345e-01 5.901e-04 1.345e-01 5.356e-05 0.000e+00
2.589e-01 4.848e-04 1.300e-01 3.925e-05 0.000e+00
2.858e-01 3.982e-04 1.256e-01 2.891e-05 0.000e+00
3.000e-01 3.616e-04 1.234e-01 2.493e-05 0.000e+00
3.155e-01 3.271e-04 1.211e-01 2.140e-05 0.000e+00
3.483e-01 2.685e-04 1.167e-01 1.592e-05 0.000e+00
3.845e-01 2.205e-04 1.123e-01 1.192e-05 0.000e+00
4.000e-01 2.038e-04 1.106e-01 1.063e-05 0.000e+00
4.245e-01 1.810e-04 1.080e-01 8.975e-06 0.000e+00
4.686e-01 1.486e-04 1.038e-01 6.814e-06 0.000e+00
5.000e-01 1.305e-04 1.010e-01 5.720e-06 0.000e+00
5.173e-01 1.220e-04 9.962e-02 5.229e-06 0.000e+00
5.710e-01 1.001e-04 9.550e-02 4.047e-06 0.000e+00
6.000e-01 9.069e-05 9.348e-02 3.557e-06 0.000e+00
6.304e-01 8.216e-05 9.147e-02 3.123e-06 0.000e+00
6.959e-01 6.743e-05 8.754e-02 2.422e-06 0.000e+00
7.682e-01 5.533e-05 8.368e-02 1.937e-06 0.000e+00
8.000e-01 5.102e-05 8.212e-02 1.794e-06 0.000e+00
8.480e-01 4.541e-05 7.989e-02 1.631e-06 0.000e+00
9.361e-01 3.727e-05 7.621e-02 1.356e-06 0.000e+00
1.000e+00 3.266e-05 7.385e-02 1.115e-06 0.000e+00
1.022e+00 3.127e-05 7.309e-02 1.028e-06 0.000e+00
1.033e+00 3.061e-05 7.271e-02 9.910e-07 2.478e-09
1.141e+00 2.509e-05 6.921e-02 7.901e-07 2.360e-06
1.250e+00 2.091e-05 6.604e-02 6.982e-07 1.280e-05
1.259e+00 2.061e-05 6.579e-02 6.910e-07 1.408e-05
1.390e+00 1.691e-05 6.250e-02 5.840e-07 3.999e-05
1.500e+00 1.452e-05 6.004e-02 5.070e-07 7.112e-05
1.535e+00 1.387e-05 5.930e-02 4.865e-07 8.259e-05
1.694e+00 1.139e-05 5.620e-02 4.127e-07 1.425e-04
1.870e+00 9.344e-06 5.320e-02 3.542e-07 2.206e-04
2.000e+00 8.168e-06 5.122e-02 3.200e-07 2.837e-04
2.044e+00 7.819e-06 5.059e-02 3.097e-07 3.058e-04
2.065e+00 7.661e-06 5.030e-02 3.049e-07 3.165e-04
2.279e+00 6.289e-06 4.752e-02 2.636e-07 4.283e-04
2.516e+00 5.160e-06 4.482e-02 2.287e-07 5.570e-04
2.778e+00 4.233e-06 4.223e-02 1.993e-07 7.023e-04
3.000e+00 3.631e-06 4.029e-02 1.796e-07 8.266e-04
3.066e+00 3.476e-06 3.976e-02 1.744e-07 8.636e-04
3.385e+00 2.852e-06 3.738e-02 1.530e-07 1.041e-03
3.737e+00 2.340e-06 3.511e-02 1.347e-07 1.235e-03
4.000e+00 2.042e-06 3.361e-02 1.236e-07 1.377e-03
4.125e+00 1.920e-06 3.295e-02 1.189e-07 1.443e-03
4.554e+00 1.575e-06 3.089e-02 1.052e-07 1.664e-03
5.000e+00 1.307e-06 2.903e-02 9.390e-08 1.886e-03
5.027e+00 1.293e-06 2.892e-02 9.329e-08 1.898e-03
5.549e+00 1.061e-06 2.706e-02 8.288e-08 2.147e-03
6.000e+00 9.078e-07 2.566e-02 7.557e-08 2.353e-03
6.126e+00 8.707e-07 2.529e-02 7.375e-08 2.409e-03
6.762e+00 7.144e-07 2.362e-02 6.577e-08 2.679e-03
7.000e+00 6.667e-07 2.306e-02 6.320e-08 2.776e-03
7.465e+00 5.863e-07 2.204e-02 5.871e-08 2.961e-03
8.000e+00 5.106e-07 2.099e-02 5.427e-08 3.163e-03
8.241e+00 4.812e-07 2.055e-02 5.248e-08 3.251e-03
9.000e+00 4.034e-07 1.929e-02 4.756e-08 3.516e-03
9.097e+00 3.948e-07 1.914e-02 4.699e-08 3.549e-03
1.000e+01 3.267e-07 1.787e-02 4.231e-08 3.841e-03
1.004e+01 3.242e-07 1.782e-02 4.213e-08 3.853e-03
1.100e+01 2.701e-07 1.667e-02 3.808e-08 4.137e-03
1.109e+01 2.657e-07 1.657e-02 3.774e-08 4.163e-03
1.200e+01 2.269e-07 1.564e-02 3.463e-08 4.411e-03
1.224e+01 2.181e-07 1.541e-02 3.389e-08 4.475e-03
1.300e+01 1.934e-07 1.473e-02 3.175e-08 4.667e-03
1.351e+01 1.790e-07 1.431e-02 3.046e-08 4.792e-03
1.400e+01 1.667e-07 1.394e-02 2.931e-08 4.907e-03
1.491e+01 1.470e-07 1.329e-02 2.739e-08 5.110e-03
1.500e+01 1.452e-07 1.323e-02 2.722e-08 5.130e-03
1.600e+01 1.276e-07 1.260e-02 2.541e-08 5.343e-03
1.646e+01 1.206e-07 1.233e-02 2.465e-08 5.437e-03
1.800e+01 1.009e-07 1.151e-02 2.242e-08 5.731e-03
1.818e+01 9.886e-08 1.143e-02 2.218e-08 5.764e-03
2.000e+01 8.168e-08 1.062e-02 2.005e-08 6.081e-03
