# N-PENTANE from NIST Database
6.262e-01 0.000e+00 0.000e+00 0.000e+00 0.000e+00
1.000e+00 1.663e-01 3.500e+00 0.000e+00 0.000e+00
6.000e+00 6.931e-02 3.500e+00 0.000e+00 0.000e+00
0.000e+00 0.000e+00 0.000e+00 0.000e+00 0.000e+00
1.000e-03 9.562e-01 1.895e-02 1.840e+03 0.000e+00
1.020e-03 9.516e-01 1.961e-02 1.741e+03 0.000e+00
1.126e-03 9.281e-01 2.325e-02 1.317e+03 0.000e+00
1.243e-03 9.033e-01 2.751e-02 9.963e+02 0.000e+00
1.372e-03 8.759e-01 3.241e-02 7.523e+02 0.000e+00
1.500e-03 8.479e-01 3.740e-02 5.825e+02 0.000e+00
1.515e-03 8.445e-01 3.799e-02 5.660e+02 0.000e+00
1.672e-03 8.088e-01 4.417e-02 4.252e+02 0.000e+00
1.846e-03 7.688e-01 5.100e-02 3.182e+02 0.000e+00
2.000e-03 7.338e-01 5.696e-02 2.512e+02 0.000e+00
2.038e-03 7.253e-01 5.842e-02 2.376e+02 0.000e+00
2.250e-03 6.792e-01 6.637e-02 1.771e+02 0.000e+00
2.483e-03 6.314e-01 7.474e-02 1.320e+02 0.000e+00
2.741e-03 5.825e-01 8.347e-02 9.806e+01 0.000e+00
3.000e-03 5.377e-01 9.162e-02 7.465e+01 0.000e+00
3.026e-03 5.334e-01 9.240e-02 7.272e+01 0.000e+00
3.341e-03 4.850e-01 1.013e-01 5.382e+01 0.000e+00
3.688e-03 4.384e-01 1.101e-01 3.979e+01 0.000e+00
4.000e-03 4.019e-01 1.171e-01 3.101e+01 0.000e+00
4.071e-03 3.943e-01 1.186e-01 2.937e+01 0.000e+00
4.494e-03 3.532e-01 1.267e-01 2.164e+01 0.000e+00
4.961e-03 3.155e-01 1.342e-01 1.592e+01 0.000e+00
5.000e-03 3.127e-01 1.348e-01 1.553e+01 0.000e+00
5.477e-03 2.813e-01 1.411e-01 1.169e+01 0.000e+00
6.000e-03 2.529e-01 1.470e-01 8.779e+00 0.000e+00
6.046e-03 2.506e-01 1.475e-01 8.571e+00 0.000e+00
6.675e-03 2.232e-01 1.533e-01 6.274e+00 0.000e+00
7.368e-03 1.988e-01 1.586e-01 4.588e+00 0.000e+00
8.000e-03 1.806e-01 1.627e-01 3.531e+00 0.000e+00
8.134e-03 1.772e-01 1.635e-01 3.349e+00 0.000e+00
8.979e-03 1.578e-01 1.680e-01 2.442e+00 0.000e+00
9.912e-03 1.405e-01 1.722e-01 1.778e+00 0.000e+00
1.000e-02 1.390e-01 1.726e-01 1.728e+00 0.000e+00
1.094e-02 1.248e-01 1.761e-01 1.294e+00 0.000e+00
1.208e-02 1.105e-01 1.798e-01 9.395e-01 0.000e+00
1.334e-02 9.742e-02 1.832e-01 6.811e-01 0.000e+00
1.472e-02 8.556e-02 1.862e-01 4.945e-01 0.000e+00
1.500e-02 8.341e-02 1.867e-01 4.650e-01 0.000e+00
1.625e-02 7.467e-02 1.890e-01 3.581e-01 0.000e+00
1.794e-02 6.477e-02 1.914e-01 2.590e-01 0.000e+00
1.980e-02 5.589e-02 1.934e-01 1.873e-01 0.000e+00
2.000e-02 5.504e-02 1.936e-01 1.812e-01 0.000e+00
2.186e-02 4.795e-02 1.950e-01 1.352e-01 0.000e+00
2.413e-02 4.094e-02 1.961e-01 9.763e-02 0.000e+00
2.664e-02 3.481e-02 1.968e-01 7.040e-02 0.000e+00
2.941e-02 2.949e-02 1.971e-01 5.074e-02 0.000e+00
3.000e-02 2.851e-02 1.971e-01 4.750e-02 0.000e+00
3.247e-02 2.491e-02 1.969e-01 3.653e-02 0.000e+00
3.584e-02 2.100e-02 1.963e-01 2.631e-02 0.000e+00
3.957e-02 1.764e-02 1.954e-01 1.893e-02 0.000e+00
4.000e-02 1.731e-02 1.952e-01 1.826e-02 0.000e+00
4.368e-02 1.480e-02 1.940e-01 1.362e-02 0.000e+00
4.822e-02 1.238e-02 1.924e-01 9.794e-03 0.000e+00
5.000e-02 1.159e-02 1.917e-01 8.678e-03 0.000e+00
5.323e-02 1.034e-02 1.904e-01 7.042e-03 0.000e+00
5.876e-02 8.619e-03 1.881e-01 5.062e-03 0.000e+00
6.000e-02 8.291e-03 1.876e-01 4.721e-03 0.000e+00
6.486e-02 7.171e-03 1.855e-01 3.639e-03 0.000e+00
7.161e-02 5.954e-03 1.827e-01 2.615e-03 0.000e+00
7.905e-02 4.937e-03 1.796e-01 1.880e-03 0.000e+00
8.000e-02 4.826e-03 1.792e-01 1.806e-03 0.000e+00
8.726e-02 4.087e-03 1.763e-01 1.352e-03 0.000e+00
9.633e-02 3.378e-03 1.727e-01 9.723e-04 0.000e+00
1.000e-01 3.142e-03 1.713e-01 8.586e-04 0.000e+00
1.063e-01 2.791e-03 1.690e-01 7.010e-04 0.000e+00
1.174e-01 2.300e-03 1.651e-01 5.045e-04 0.000e+00
1.296e-01 1.896e-03 1.611e-01 3.641e-04 0.000e+00
1.431e-01 1.561e-03 1.569e-01 2.629e-04 0.000e+00
1.500e-01 1.423e-03 1.549e-01 2.253e-04 0.000e+00
1.579e-01 1.286e-03 1.527e-01 1.905e-04 0.000e+00
1.743e-01 1.058e-03 1.483e-01 1.381e-04 0.000e+00
1.925e-01 8.692e-04 1.439e-01 1.001e-04 0.000e+00
2.000e-01 8.058e-04 1.422e-01 8.853e-05 0.000e+00
2.125e-01 7.145e-04 1.394e-01 7.290e-05 0.000e+00
2.345e-01 5.876e-04 1.350e-01 5.331e-05 0.000e+00
2.589e-01 4.827e-04 1.305e-01 3.907e-05 0.000e+00
2.858e-01 3.965e-04 1.260e-01 2.877e-05 0.000e+00
3.000e-01 3.600e-04 1.238e-01 2.481e-05 0.000e+00
3.155e-01 3.257e-04 1.215e-01 2.130e-05 0.000e+00
3.483e-01 2.674e-04 1.171e-01 1.585e-05 0.000e+00
3.845e-01 2.195e-04 1.127e-01 1.186e-05 0.000e+00
4.000e-01 2.029e-04 1.110e-01 1.059e-05 0.000e+00
4.245e-01 1.802e-04 1.084e-01 8.933e-06 0.000e+00
4.686e-01 1.479e-04 1.041e-01 6.782e-06 0.000e+00
5.000e-01 1.300e-04 1.014e-01 5.693e-06 0.000e+00
5.173e-01 1.214e-04 9.995e-02 5.205e-06 0.000e+00
5.710e-01 9.970e-05 9.582e-02 4.028e-06 0.000e+00
6.000e-01 9.030e-05 9.378e-02 3.540e-06 0.000e+00
6.304e-01 8.181e-05 9.178e-02 3.108e-06 0.000e+00
6.959e-01 6.714e-05 8.783e-02 2.411e-06 0.000e+00
7.682e-01 5.510e-05 8.396e-02 1.928e-06 0.000e+00
8.000e-01 5.080e-05 8.239e-02 1.785e-06 0.000e+00
8.480e-01 4.522e-05 8.016e-02 1.623e-06 0.000e+00
9.361e-01 3.711e-05 7.646e-02 1.350e-06 0.000e+00
1.000e+00 3.252e-05 7.409e-02 1.110e-06 0.000e+00
1.022e+00 3.114e-05 7.333e-02 1.023e-06 0.000e+00
1.033e+00 3.048e-05 7.295e-02 9.864e-07 2.471e-09
1.141e+00 2.498e-05 6.944e-02 7.865e-07 2.353e-06
1.250e+00 2.082e-05 6.626e-02 6.950e-07 1.276e-05
1.259e+00 2.052e-05 6.601e-02 6.878e-07 1.404e-05
1.390e+00 1.684e-05 6.270e-02 5.813e-07 3.987e-05
1.500e+00 1.446e-05 6.023e-02 5.047e-07 7.092e-05
1.535e+00 1.381e-05 5.950e-02 4.843e-07 8.235e-05
1.694e+00 1.134e-05 5.639e-02 4.108e-07 1.421e-04
1.870e+00 9.304e-06 5.337e-02 3.525e-07 2.199e-04
2.000e+00 8.133e-06 5.139e-02 3.185e-07 2.829e-04
2.044e+00 7.786e-06 5.076e-02 3.082e-07 3.049e-04
2.065e+00 7.628e-06 5.046e-02 3.035e-07 3.156e-04
2.279e+00 6.262e-06 4.767e-02 2.623e-07 4.270e-04
2.516e+00 5.138e-06 4.497e-02 2.277e-07 5.553e-04
2.778e+00 4.215e-06 4.237e-02 1.984e-07 7.003e-04
3.000e+00 3.615e-06 4.043e-02 1.787e-07 8.243e-04
3.066e+00 3.461e-06 3.989e-02 1.736e-07 8.611e-04
3.385e+00 2.840e-06 3.751e-02 1.523e-07 1.039e-03
3.737e+00 2.330e-06 3.523e-02 1.341e-07 1.233e-03
4.000e+00 2.033e-06 3.372e-02 1.230e-07 1.373e-03
4.125e+00 1.912e-06 3.306e-02 1.184e-07 1.439e-03
4.554e+00 1.569e-06 3.099e-02 1.047e-07 1.659e-03
5.000e+00 1.301e-06 2.913e-02 9.346e-08 1.881e-03
5.027e+00 1.287e-06 2.902e-02 9.285e-08 1.894e-03
5.549e+00 1.057e-06 2.715e-02 8.249e-08 2.142e-03
6.000e+00 9.039e-07 2.574e-02 7.522e-08 2.348e-03
6.126e+00 8.670e-07 2.538e-02 7.341e-08 2.403e-03
6.762e+00 7.114e-07 2.370e-02 6.546e-08 2.673e-03
7.000e+00 6.638e-07 2.314e-02 6.291e-08 2.770e-03
7.465e+00 5.838e-07 2.211e-02 5.844e-08 2.953e-03
8.000e+00 5.085e-07 2.106e-02 5.401e-08 3.155e-03
8.241e+00 4.792e-07 2.062e-02 5.224e-08 3.243e-03
9.000e+00 4.017e-07 1.936e-02 4.734e-08 3.508e-03
9.097e+00 3.932e-07 1.921e-02 4.677e-08 3.541e-03
1.000e+01 3.254e-07 1.793e-02 4.212e-08 3.832e-03
1.004e+01 3.228e-07 1.788e-02 4.193e-08 3.844e-03
1.100e+01 2.689e-07 1.673e-02 3.791e-08 4.128e-03
1.109e+01 2.646e-07 1.663e-02 3.757e-08 4.154e-03
1.200e+01 2.259e-07 1.569e-02 3.447e-08 4.402e-03
1.224e+01 2.172e-07 1.546e-02 3.374e-08 4.464e-03
1.300e+01 1.925e-07 1.478e-02 3.160e-08 4.657e-03
1.351e+01 1.783e-07 1.436e-02 3.032e-08 4.781e-03
1.400e+01 1.660e-07 1.398e-02 2.917e-08 4.896e-03
1.491e+01 1.464e-07 1.333e-02 2.727e-08 5.099e-03
1.500e+01 1.446e-07 1.327e-02 2.709e-08 5.119e-03
1.600e+01 1.271e-07 1.264e-02 2.529e-08 5.333e-03
1.646e+01 1.201e-07 1.237e-02 2.454e-08 5.425e-03
1.800e+01 1.004e-07 1.155e-02 2.231e-08 5.719e-03
1.818e+01 9.844e-08 1.146e-02 2.208e-08 5.752e-03
2.000e+01 8.133e-08 1.065e-02 1.996e-08 6.069e-03
