# NITROGEN from NIST Database
1.165e-03 0.000e+00 0.000e+00 0.000e+00 0.000e+00
7.000e+00 1.000e+00 3.500e+00 0.000e+00 0.000e+00
0.000e+00 0.000e+00 0.000e+00 0.000e+00 0.000e+00
1.000e-03 1.291e+00 1.101e-02 3.310e+03 0.000e+00
1.020e-03 1.286e+00 1.140e-02 3.136e+03 0.000e+00
1.126e-03 1.262e+00 1.360e-02 2.392e+03 0.000e+00
1.243e-03 1.236e+00 1.620e-02 1.823e+03 0.000e+00
1.372e-03 1.206e+00 1.922e-02 1.387e+03 0.000e+00
1.500e-03 1.175e+00 2.235e-02 1.081e+03 0.000e+00
1.515e-03 1.172e+00 2.272e-02 1.052e+03 0.000e+00
1.672e-03 1.132e+00 2.667e-02 7.956e+02 0.000e+00
1.846e-03 1.086e+00 3.113e-02 5.996e+02 0.000e+00
2.000e-03 1.046e+00 3.511e-02 4.759e+02 0.000e+00
2.038e-03 1.036e+00 3.609e-02 4.507e+02 0.000e+00
2.250e-03 9.802e-01 4.154e-02 3.381e+02 0.000e+00
2.483e-03 9.212e-01 4.743e-02 2.533e+02 0.000e+00
2.741e-03 8.590e-01 5.376e-02 1.893e+02 0.000e+00
3.000e-03 8.001e-01 5.985e-02 1.448e+02 0.000e+00
3.026e-03 7.944e-01 6.044e-02 1.411e+02 0.000e+00
3.341e-03 7.287e-01 6.737e-02 1.049e+02 0.000e+00
3.688e-03 6.634e-01 7.442e-02 7.794e+01 0.000e+00
4.000e-03 6.110e-01 8.023e-02 6.097e+01 0.000e+00
4.071e-03 5.998e-01 8.148e-02 5.780e+01 0.000e+00
4.494e-03 5.389e-01 8.842e-02 4.279e+01 0.000e+00
4.961e-03 4.816e-01 9.514e-02 3.162e+01 0.000e+00
5.000e-03 4.772e-01 9.566e-02 3.087e+01 0.000e+00
5.477e-03 4.286e-01 1.016e-01 2.332e+01 0.000e+00
6.000e-03 3.838e-01 1.072e-01 1.759e+01 0.000e+00
6.046e-03 3.802e-01 1.077e-01 1.718e+01 0.000e+00
6.675e-03 3.366e-01 1.134e-01 1.263e+01 0.000e+00
7.368e-03 2.977e-01 1.187e-01 9.278e+00 0.000e+00
8.000e-03 2.685e-01 1.229e-01 7.167e+00 0.000e+00
8.134e-03 2.630e-01 1.237e-01 6.803e+00 0.000e+00
8.979e-03 2.324e-01 1.283e-01 4.982e+00 0.000e+00
9.912e-03 2.053e-01 1.326e-01 3.644e+00 0.000e+00
1.000e-02 2.030e-01 1.330e-01 3.543e+00 0.000e+00
1.094e-02 1.813e-01 1.367e-01 2.663e+00 0.000e+00
1.208e-02 1.600e-01 1.406e-01 1.940e+00 0.000e+00
1.334e-02 1.408e-01 1.442e-01 1.411e+00 0.000e+00
1.472e-02 1.237e-01 1.477e-01 1.028e+00 0.000e+00
1.500e-02 1.206e-01 1.483e-01 9.674e-01 0.000e+00
1.625e-02 1.082e-01 1.509e-01 7.470e-01 0.000e+00
1.794e-02 9.417e-02 1.538e-01 5.421e-01 0.000e+00
1.980e-02 8.161e-02 1.565e-01 3.934e-01 0.000e+00
2.000e-02 8.040e-02 1.567e-01 3.808e-01 0.000e+00
2.186e-02 7.031e-02 1.588e-01 2.849e-01 0.000e+00
2.413e-02 6.029e-02 1.606e-01 2.063e-01 0.000e+00
2.664e-02 5.145e-02 1.621e-01 1.492e-01 0.000e+00
2.941e-02 4.373e-02 1.632e-01 1.078e-01 0.000e+00
3.000e-02 4.230e-02 1.634e-01 1.010e-01 0.000e+00
3.247e-02 3.703e-02 1.639e-01 7.779e-02 0.000e+00
3.584e-02 3.127e-02 1.641e-01 5.616e-02 0.000e+00
3.957e-02 2.633e-02 1.639e-01 4.049e-02 0.000e+00
4.000e-02 2.584e-02 1.639e-01 3.907e-02 0.000e+00
4.368e-02 2.212e-02 1.633e-01 2.920e-02 0.000e+00
4.822e-02 1.855e-02 1.624e-01 2.104e-02 0.000e+00
5.000e-02 1.738e-02 1.619e-01 1.866e-02 0.000e+00
5.323e-02 1.552e-02 1.611e-01 1.516e-02 0.000e+00
5.876e-02 1.296e-02 1.595e-01 1.092e-02 0.000e+00
6.000e-02 1.247e-02 1.591e-01 1.019e-02 0.000e+00
6.486e-02 1.080e-02 1.576e-01 7.864e-03 0.000e+00
7.161e-02 8.986e-03 1.554e-01 5.661e-03 0.000e+00
7.905e-02 7.463e-03 1.530e-01 4.077e-03 0.000e+00
8.000e-02 7.296e-03 1.527e-01 3.919e-03 0.000e+00
8.726e-02 6.188e-03 1.503e-01 2.937e-03 0.000e+00
9.633e-02 5.123e-03 1.474e-01 2.116e-03 0.000e+00
1.000e-01 4.768e-03 1.463e-01 1.869e-03 0.000e+00
1.063e-01 4.239e-03 1.444e-01 1.527e-03 0.000e+00
1.174e-01 3.499e-03 1.412e-01 1.099e-03 0.000e+00
1.296e-01 2.887e-03 1.378e-01 7.939e-04 0.000e+00
1.431e-01 2.379e-03 1.343e-01 5.736e-04 0.000e+00
1.500e-01 2.170e-03 1.326e-01 4.919e-04 0.000e+00
1.579e-01 1.962e-03 1.308e-01 4.162e-04 0.000e+00
1.743e-01 1.615e-03 1.271e-01 3.021e-04 0.000e+00
1.925e-01 1.328e-03 1.233e-01 2.194e-04 0.000e+00
2.000e-01 1.231e-03 1.218e-01 1.942e-04 0.000e+00
2.125e-01 1.092e-03 1.195e-01 1.600e-04 0.000e+00
2.345e-01 8.983e-04 1.157e-01 1.171e-04 0.000e+00
2.589e-01 7.381e-04 1.119e-01 8.591e-05 0.000e+00
2.858e-01 6.065e-04 1.081e-01 6.331e-05 0.000e+00
3.000e-01 5.508e-04 1.062e-01 5.460e-05 0.000e+00
3.155e-01 4.982e-04 1.043e-01 4.689e-05 0.000e+00
3.483e-01 4.091e-04 1.005e-01 3.492e-05 0.000e+00
3.845e-01 3.359e-04 9.672e-02 2.615e-05 0.000e+00
4.000e-01 3.105e-04 9.523e-02 2.334e-05 0.000e+00
4.245e-01 2.757e-04 9.301e-02 1.970e-05 0.000e+00
4.686e-01 2.264e-04 8.935e-02 1.496e-05 0.000e+00
5.000e-01 1.989e-04 8.698e-02 1.256e-05 0.000e+00
5.173e-01 1.858e-04 8.575e-02 1.148e-05 0.000e+00
5.710e-01 1.526e-04 8.222e-02 8.891e-06 0.000e+00
6.000e-01 1.382e-04 8.049e-02 7.821e-06 0.000e+00
6.304e-01 1.252e-04 7.877e-02 6.875e-06 0.000e+00
6.959e-01 1.028e-04 7.540e-02 5.346e-06 0.000e+00
7.682e-01 8.436e-05 7.208e-02 4.271e-06 0.000e+00
8.000e-01 7.778e-05 7.073e-02 3.946e-06 0.000e+00
8.480e-01 6.921e-05 6.880e-02 3.567e-06 0.000e+00
9.361e-01 5.679e-05 6.561e-02 2.952e-06 0.000e+00
1.000e+00 4.979e-05 6.359e-02 2.452e-06 0.000e+00
1.022e+00 4.768e-05 6.294e-02 2.276e-06 0.000e+00
1.033e+00 4.668e-05 6.263e-02 2.199e-06 3.292e-09
1.141e+00 3.827e-05 5.963e-02 1.762e-06 3.125e-06
1.250e+00 3.188e-05 5.688e-02 1.545e-06 1.690e-05
1.259e+00 3.142e-05 5.667e-02 1.528e-06 1.860e-05
1.390e+00 2.578e-05 5.380e-02 1.290e-06 5.269e-05
1.500e+00 2.214e-05 5.168e-02 1.122e-06 9.360e-05
1.535e+00 2.114e-05 5.105e-02 1.077e-06 1.087e-04
1.694e+00 1.737e-05 4.842e-02 9.127e-07 1.873e-04
1.870e+00 1.425e-05 4.585e-02 7.821e-07 2.898e-04
2.000e+00 1.246e-05 4.411e-02 7.064e-07 3.726e-04
2.044e+00 1.192e-05 4.355e-02 6.836e-07 4.017e-04
2.065e+00 1.168e-05 4.329e-02 6.732e-07 4.157e-04
2.279e+00 9.584e-06 4.087e-02 5.819e-07 5.623e-04
2.516e+00 7.863e-06 3.856e-02 5.047e-07 7.299e-04
2.778e+00 6.452e-06 3.636e-02 4.393e-07 9.180e-04
3.000e+00 5.533e-06 3.471e-02 3.955e-07 1.078e-03
3.066e+00 5.298e-06 3.425e-02 3.841e-07 1.125e-03
3.385e+00 4.348e-06 3.221e-02 3.369e-07 1.354e-03
3.737e+00 3.568e-06 3.025e-02 2.964e-07 1.600e-03
4.000e+00 3.114e-06 2.895e-02 2.719e-07 1.780e-03
4.125e+00 2.928e-06 2.838e-02 2.615e-07 1.862e-03
4.554e+00 2.402e-06 2.660e-02 2.313e-07 2.141e-03
5.000e+00 1.993e-06 2.500e-02 2.063e-07 2.420e-03
5.027e+00 1.971e-06 2.491e-02 2.050e-07 2.436e-03
5.549e+00 1.618e-06 2.331e-02 1.821e-07 2.748e-03
6.000e+00 1.384e-06 2.210e-02 1.660e-07 3.005e-03
6.126e+00 1.328e-06 2.179e-02 1.620e-07 3.074e-03
6.762e+00 1.090e-06 2.035e-02 1.444e-07 3.411e-03
7.000e+00 1.017e-06 1.986e-02 1.387e-07 3.531e-03
7.465e+00 8.942e-07 1.899e-02 1.289e-07 3.759e-03
8.000e+00 7.786e-07 1.808e-02 1.191e-07 4.010e-03
8.241e+00 7.338e-07 1.770e-02 1.152e-07 4.119e-03
9.000e+00 6.153e-07 1.662e-02 1.043e-07 4.447e-03
9.097e+00 6.022e-07 1.649e-02 1.031e-07 4.487e-03
1.000e+01 4.983e-07 1.540e-02 9.274e-08 4.845e-03
1.004e+01 4.943e-07 1.535e-02 9.233e-08 4.860e-03
1.100e+01 4.118e-07 1.436e-02 8.350e-08 5.211e-03
1.109e+01 4.051e-07 1.427e-02 8.275e-08 5.243e-03
1.200e+01 3.460e-07 1.347e-02 7.593e-08 5.546e-03
1.224e+01 3.325e-07 1.327e-02 7.431e-08 5.623e-03
1.300e+01 2.948e-07 1.269e-02 6.961e-08 5.861e-03
1.351e+01 2.730e-07 1.233e-02 6.676e-08 6.012e-03
1.400e+01 2.542e-07 1.200e-02 6.423e-08 6.153e-03
1.491e+01 2.241e-07 1.145e-02 6.002e-08 6.405e-03
1.500e+01 2.214e-07 1.139e-02 5.963e-08 6.430e-03
1.600e+01 1.946e-07 1.085e-02 5.568e-08 6.688e-03
1.646e+01 1.839e-07 1.062e-02 5.402e-08 6.801e-03
1.800e+01 1.538e-07 9.919e-03 4.910e-08 7.160e-03
1.818e+01 1.508e-07 9.843e-03 4.858e-08 7.200e-03
2.000e+01 1.246e-07 9.145e-03 4.394e-08 7.584e-03
