# SODIUM from NIST Database
9.710e-01 0.000e+00 0.000e+00 0.000e+00 0.000e+00
1.100e+01 1.000e+00 3.500e+00 0.000e+00 0.000e+00
0.000e+00 0.000e+00 0.000e+00 0.000e+00 0.000e+00
1.000e-03 1.919e+00 1.270e-02 6.523e+02 0.000e+00
1.020e-03 1.913e+00 1.302e-02 6.184e+02 0.000e+00
1.072e-03 1.898e+00 1.384e-02 5.412e+02 0.000e+00
1.072e-03 1.898e+00 1.384e-02 6.433e+03 0.000e+00
1.126e-03 1.882e+00 1.467e-02 5.845e+03 0.000e+00
1.243e-03 1.848e+00 1.641e-02 4.802e+03 0.000e+00
1.372e-03 1.811e+00 1.822e-02 3.905e+03 0.000e+00
1.500e-03 1.775e+00 1.994e-02 3.193e+03 0.000e+00
1.515e-03 1.771e+00 2.014e-02 3.119e+03 0.000e+00
1.672e-03 1.727e+00 2.219e-02 2.443e+03 0.000e+00
1.846e-03 1.681e+00 2.441e-02 1.884e+03 0.000e+00
2.000e-03 1.641e+00 2.638e-02 1.519e+03 0.000e+00
2.038e-03 1.632e+00 2.686e-02 1.444e+03 0.000e+00
2.250e-03 1.579e+00 2.960e-02 1.106e+03 0.000e+00
2.483e-03 1.523e+00 3.263e-02 8.478e+02 0.000e+00
2.741e-03 1.462e+00 3.603e-02 6.480e+02 0.000e+00
3.000e-03 1.403e+00 3.948e-02 5.056e+02 0.000e+00
3.026e-03 1.397e+00 3.982e-02 4.936e+02 0.000e+00
3.341e-03 1.326e+00 4.405e-02 3.745e+02 0.000e+00
3.688e-03 1.251e+00 4.870e-02 2.834e+02 0.000e+00
4.000e-03 1.185e+00 5.284e-02 2.249e+02 0.000e+00
4.071e-03 1.170e+00 5.377e-02 2.139e+02 0.000e+00
4.494e-03 1.086e+00 5.924e-02 1.611e+02 0.000e+00
4.961e-03 9.995e-01 6.509e-02 1.210e+02 0.000e+00
5.000e-03 9.925e-01 6.557e-02 1.183e+02 0.000e+00
5.477e-03 9.114e-01 7.126e-02 9.070e+01 0.000e+00
6.000e-03 8.306e-01 7.717e-02 6.939e+01 0.000e+00
6.046e-03 8.239e-01 7.767e-02 6.785e+01 0.000e+00
6.675e-03 7.385e-01 8.423e-02 5.063e+01 0.000e+00
7.368e-03 6.571e-01 9.082e-02 3.774e+01 0.000e+00
8.000e-03 5.931e-01 9.624e-02 2.950e+01 0.000e+00
8.134e-03 5.806e-01 9.732e-02 2.806e+01 0.000e+00
8.979e-03 5.102e-01 1.036e-01 2.083e+01 0.000e+00
9.912e-03 4.462e-01 1.096e-01 1.543e+01 0.000e+00
1.000e-02 4.409e-01 1.101e-01 1.502e+01 0.000e+00
1.094e-02 3.891e-01 1.152e-01 1.142e+01 0.000e+00
1.208e-02 3.381e-01 1.203e-01 8.428e+00 0.000e+00
1.334e-02 2.931e-01 1.250e-01 6.208e+00 0.000e+00
1.472e-02 2.539e-01 1.292e-01 4.577e+00 0.000e+00
1.500e-02 2.470e-01 1.300e-01 4.317e+00 0.000e+00
1.625e-02 2.196e-01 1.331e-01 3.365e+00 0.000e+00
1.794e-02 1.897e-01 1.365e-01 2.470e+00 0.000e+00
1.980e-02 1.637e-01 1.395e-01 1.813e+00 0.000e+00
2.000e-02 1.612e-01 1.397e-01 1.756e+00 0.000e+00
2.186e-02 1.410e-01 1.421e-01 1.327e+00 0.000e+00
2.413e-02 1.212e-01 1.445e-01 9.708e-01 0.000e+00
2.664e-02 1.039e-01 1.465e-01 7.089e-01 0.000e+00
2.941e-02 8.876e-02 1.481e-01 5.172e-01 0.000e+00
3.000e-02 8.597e-02 1.484e-01 4.854e-01 0.000e+00
3.247e-02 7.558e-02 1.494e-01 3.768e-01 0.000e+00
3.584e-02 6.415e-02 1.503e-01 2.745e-01 0.000e+00
3.957e-02 5.425e-02 1.509e-01 1.996e-01 0.000e+00
4.000e-02 5.325e-02 1.509e-01 1.927e-01 0.000e+00
4.368e-02 4.575e-02 1.510e-01 1.451e-01 0.000e+00
4.822e-02 3.846e-02 1.508e-01 1.054e-01 0.000e+00
5.000e-02 3.607e-02 1.506e-01 9.370e-02 0.000e+00
5.323e-02 3.226e-02 1.502e-01 7.650e-02 0.000e+00
5.876e-02 2.700e-02 1.492e-01 5.551e-02 0.000e+00
6.000e-02 2.600e-02 1.489e-01 5.187e-02 0.000e+00
6.486e-02 2.256e-02 1.478e-01 4.026e-02 0.000e+00
7.161e-02 1.881e-02 1.462e-01 2.916e-02 0.000e+00
7.905e-02 1.567e-02 1.442e-01 2.113e-02 0.000e+00
8.000e-02 1.533e-02 1.440e-01 2.032e-02 0.000e+00
8.726e-02 1.304e-02 1.420e-01 1.531e-02 0.000e+00
9.633e-02 1.083e-02 1.396e-01 1.110e-02 0.000e+00
1.000e-01 1.009e-02 1.386e-01 9.826e-03 0.000e+00
1.063e-01 8.988e-03 1.369e-01 8.054e-03 0.000e+00
1.174e-01 7.439e-03 1.340e-01 5.831e-03 0.000e+00
1.296e-01 6.155e-03 1.310e-01 4.230e-03 0.000e+00
1.431e-01 5.085e-03 1.278e-01 3.070e-03 0.000e+00
1.500e-01 4.642e-03 1.262e-01 2.638e-03 0.000e+00
1.579e-01 4.202e-03 1.245e-01 2.236e-03 0.000e+00
1.743e-01 3.466e-03 1.211e-01 1.630e-03 0.000e+00
1.925e-01 2.854e-03 1.176e-01 1.188e-03 0.000e+00
2.000e-01 2.648e-03 1.162e-01 1.053e-03 0.000e+00
2.125e-01 2.351e-03 1.140e-01 8.692e-04 0.000e+00
2.345e-01 1.937e-03 1.105e-01 6.384e-04 0.000e+00
2.589e-01 1.594e-03 1.068e-01 4.698e-04 0.000e+00
2.858e-01 1.311e-03 1.032e-01 3.473e-04 0.000e+00
3.000e-01 1.191e-03 1.015e-01 2.999e-04 0.000e+00
3.155e-01 1.078e-03 9.961e-02 2.579e-04 0.000e+00
3.483e-01 8.858e-04 9.602e-02 1.926e-04 0.000e+00
3.845e-01 7.277e-04 9.246e-02 1.446e-04 0.000e+00
4.000e-01 6.727e-04 9.105e-02 1.292e-04 0.000e+00
4.245e-01 5.977e-04 8.894e-02 1.093e-04 0.000e+00
4.686e-01 4.909e-04 8.547e-02 8.319e-05 0.000e+00
5.000e-01 4.314e-04 8.322e-02 6.989e-05 0.000e+00
5.173e-01 4.032e-04 8.205e-02 6.389e-05 0.000e+00
5.710e-01 3.311e-04 7.868e-02 4.948e-05 0.000e+00
6.000e-01 2.999e-04 7.701e-02 4.359e-05 0.000e+00
6.304e-01 2.718e-04 7.537e-02 3.842e-05 0.000e+00
6.959e-01 2.231e-04 7.212e-02 3.005e-05 0.000e+00
7.682e-01 1.831e-04 6.896e-02 2.397e-05 0.000e+00
8.000e-01 1.689e-04 6.769e-02 2.203e-05 0.000e+00
8.480e-01 1.503e-04 6.588e-02 1.969e-05 0.000e+00
9.361e-01 1.234e-04 6.287e-02 1.615e-05 0.000e+00
1.000e+00 1.081e-04 6.088e-02 1.369e-05 0.000e+00
1.022e+00 1.035e-04 6.022e-02 1.287e-05 0.000e+00
1.033e+00 1.013e-04 5.990e-02 1.250e-05 5.098e-09
1.141e+00 8.307e-05 5.700e-02 1.013e-05 4.806e-06
1.250e+00 6.923e-05 5.443e-02 8.731e-06 2.585e-05
1.259e+00 6.825e-05 5.423e-02 8.628e-06 2.844e-05
1.390e+00 5.600e-05 5.152e-02 7.256e-06 8.020e-05
1.500e+00 4.809e-05 4.948e-02 6.329e-06 1.421e-04
1.535e+00 4.593e-05 4.888e-02 6.078e-06 1.649e-04
1.694e+00 3.773e-05 4.634e-02 5.151e-06 2.837e-04
1.870e+00 3.097e-05 4.387e-02 4.400e-06 4.386e-04
2.000e+00 2.706e-05 4.223e-02 3.963e-06 5.640e-04
2.044e+00 2.590e-05 4.170e-02 3.832e-06 6.080e-04
2.065e+00 2.537e-05 4.146e-02 3.773e-06 6.292e-04
2.279e+00 2.082e-05 3.916e-02 3.252e-06 8.504e-04
2.516e+00 1.708e-05 3.695e-02 2.815e-06 1.102e-03
2.778e+00 1.402e-05 3.483e-02 2.447e-06 1.382e-03
3.000e+00 1.202e-05 3.324e-02 2.200e-06 1.620e-03
3.066e+00 1.151e-05 3.280e-02 2.136e-06 1.690e-03
3.385e+00 9.445e-06 3.083e-02 1.870e-06 2.026e-03
3.737e+00 7.749e-06 2.895e-02 1.642e-06 2.389e-03
4.000e+00 6.764e-06 2.771e-02 1.504e-06 2.651e-03
4.125e+00 6.360e-06 2.717e-02 1.446e-06 2.774e-03
4.554e+00 5.219e-06 2.547e-02 1.277e-06 3.182e-03
5.000e+00 4.330e-06 2.394e-02 1.138e-06 3.587e-03
5.027e+00 4.284e-06 2.385e-02 1.130e-06 3.610e-03
5.549e+00 3.516e-06 2.232e-02 1.003e-06 4.061e-03
6.000e+00 3.007e-06 2.116e-02 9.132e-07 4.430e-03
6.126e+00 2.885e-06 2.086e-02 8.909e-07 4.531e-03
6.762e+00 2.367e-06 1.948e-02 7.931e-07 5.015e-03
7.000e+00 2.209e-06 1.902e-02 7.617e-07 5.189e-03
7.465e+00 1.942e-06 1.818e-02 7.070e-07 5.517e-03
8.000e+00 1.691e-06 1.731e-02 6.530e-07 5.877e-03
8.241e+00 1.594e-06 1.694e-02 6.313e-07 6.032e-03
9.000e+00 1.336e-06 1.591e-02 5.713e-07 6.500e-03
9.097e+00 1.308e-06 1.579e-02 5.644e-07 6.557e-03
1.000e+01 1.082e-06 1.474e-02 5.074e-07 7.072e-03
1.004e+01 1.074e-06 1.470e-02 5.051e-07 7.094e-03
1.100e+01 8.946e-07 1.375e-02 4.566e-07 7.591e-03
1.109e+01 8.801e-07 1.367e-02 4.525e-07 7.635e-03
1.200e+01 7.515e-07 1.289e-02 4.147e-07 8.069e-03
1.224e+01 7.224e-07 1.270e-02 4.058e-07 8.178e-03
1.300e+01 6.405e-07 1.215e-02 3.801e-07 8.513e-03
1.351e+01 5.930e-07 1.180e-02 3.644e-07 8.726e-03
1.400e+01 5.522e-07 1.149e-02 3.505e-07 8.926e-03
1.491e+01 4.868e-07 1.096e-02 3.274e-07 9.281e-03
1.500e+01 4.809e-07 1.091e-02 3.253e-07 9.315e-03
1.600e+01 4.228e-07 1.039e-02 3.036e-07 9.677e-03
1.646e+01 3.995e-07 1.017e-02 2.945e-07 9.837e-03
1.800e+01 3.340e-07 9.496e-03 2.674e-07 1.035e-02
1.818e+01 3.274e-07 9.424e-03 2.646e-07 1.040e-02
2.000e+01 2.706e-07 8.757e-03 2.392e-07 1.095e-02
