# NAPHTHALENE from NIST Database
1.145e+00 0.000e+00 0.000e+00 0.000e+00 0.000e+00
1.000e+00 6.241e-02 3.500e+00 0.000e+00 0.000e+00
6.000e+00 7.803e-02 3.500e+00 0.000e+00 0.000e+00
0.000e+00 0.000e+00 0.000e+00 0.000e+00 0.000e+00
1.000e-03 1.033e+00 1.500e-02 2.071e+03 0.000e+00
1.020e-03 1.028e+00 1.553e-02 1.959e+03 0.000e+00
1.126e-03 1.003e+00 1.842e-02 1.483e+03 0.000e+00
1.243e-03 9.764e-01 2.180e-02 1.121e+03 0.000e+00
1.372e-03 9.471e-01 2.571e-02 8.467e+02 0.000e+00
1.500e-03 9.171e-01 2.970e-02 6.555e+02 0.000e+00
1.515e-03 9.135e-01 3.017e-02 6.370e+02 0.000e+00
1.672e-03 8.753e-01 3.514e-02 4.785e+02 0.000e+00
1.846e-03 8.325e-01 4.065e-02 3.581e+02 0.000e+00
2.000e-03 7.950e-01 4.550e-02 2.827e+02 0.000e+00
2.038e-03 7.859e-01 4.669e-02 2.674e+02 0.000e+00
2.250e-03 7.364e-01 5.322e-02 1.994e+02 0.000e+00
2.483e-03 6.852e-01 6.016e-02 1.485e+02 0.000e+00
2.741e-03 6.327e-01 6.749e-02 1.104e+02 0.000e+00
3.000e-03 5.845e-01 7.441e-02 8.402e+01 0.000e+00
3.026e-03 5.799e-01 7.508e-02 8.185e+01 0.000e+00
3.341e-03 5.279e-01 8.281e-02 6.058e+01 0.000e+00
3.688e-03 4.777e-01 9.052e-02 4.479e+01 0.000e+00
4.000e-03 4.383e-01 9.674e-02 3.490e+01 0.000e+00
4.071e-03 4.301e-01 9.807e-02 3.306e+01 0.000e+00
4.494e-03 3.857e-01 1.053e-01 2.436e+01 0.000e+00
4.961e-03 3.450e-01 1.122e-01 1.792e+01 0.000e+00
5.000e-03 3.419e-01 1.127e-01 1.748e+01 0.000e+00
5.477e-03 3.080e-01 1.186e-01 1.315e+01 0.000e+00
6.000e-03 2.772e-01 1.241e-01 9.882e+00 0.000e+00
6.046e-03 2.747e-01 1.246e-01 9.647e+00 0.000e+00
6.675e-03 2.450e-01 1.301e-01 7.061e+00 0.000e+00
7.368e-03 2.186e-01 1.353e-01 5.164e+00 0.000e+00
8.000e-03 1.987e-01 1.393e-01 3.975e+00 0.000e+00
8.134e-03 1.950e-01 1.401e-01 3.770e+00 0.000e+00
8.979e-03 1.739e-01 1.446e-01 2.749e+00 0.000e+00
9.912e-03 1.550e-01 1.489e-01 2.001e+00 0.000e+00
1.000e-02 1.534e-01 1.492e-01 1.945e+00 0.000e+00
1.094e-02 1.379e-01 1.529e-01 1.457e+00 0.000e+00
1.208e-02 1.222e-01 1.568e-01 1.058e+00 0.000e+00
1.334e-02 1.079e-01 1.605e-01 7.667e-01 0.000e+00
1.472e-02 9.481e-02 1.638e-01 5.566e-01 0.000e+00
1.500e-02 9.244e-02 1.644e-01 5.234e-01 0.000e+00
1.625e-02 8.281e-02 1.669e-01 4.030e-01 0.000e+00
1.794e-02 7.188e-02 1.697e-01 2.915e-01 0.000e+00
1.980e-02 6.207e-02 1.721e-01 2.108e-01 0.000e+00
2.000e-02 6.112e-02 1.723e-01 2.040e-01 0.000e+00
2.186e-02 5.327e-02 1.741e-01 1.522e-01 0.000e+00
2.413e-02 4.551e-02 1.756e-01 1.099e-01 0.000e+00
2.664e-02 3.871e-02 1.766e-01 7.924e-02 0.000e+00
2.941e-02 3.280e-02 1.772e-01 5.711e-02 0.000e+00
3.000e-02 3.172e-02 1.773e-01 5.347e-02 0.000e+00
3.247e-02 2.772e-02 1.774e-01 4.112e-02 0.000e+00
3.584e-02 2.337e-02 1.772e-01 2.962e-02 0.000e+00
3.957e-02 1.964e-02 1.766e-01 2.131e-02 0.000e+00
4.000e-02 1.927e-02 1.765e-01 2.055e-02 0.000e+00
4.368e-02 1.648e-02 1.756e-01 1.533e-02 0.000e+00
4.822e-02 1.379e-02 1.743e-01 1.102e-02 0.000e+00
5.000e-02 1.291e-02 1.737e-01 9.769e-03 0.000e+00
5.323e-02 1.152e-02 1.727e-01 7.927e-03 0.000e+00
5.876e-02 9.603e-03 1.707e-01 5.698e-03 0.000e+00
6.000e-02 9.238e-03 1.702e-01 5.314e-03 0.000e+00
6.486e-02 7.991e-03 1.685e-01 4.097e-03 0.000e+00
7.161e-02 6.636e-03 1.660e-01 2.943e-03 0.000e+00
7.905e-02 5.502e-03 1.633e-01 2.116e-03 0.000e+00
8.000e-02 5.379e-03 1.629e-01 2.033e-03 0.000e+00
8.726e-02 4.555e-03 1.603e-01 1.522e-03 0.000e+00
9.633e-02 3.765e-03 1.571e-01 1.095e-03 0.000e+00
1.000e-01 3.503e-03 1.559e-01 9.665e-04 0.000e+00
1.063e-01 3.111e-03 1.538e-01 7.891e-04 0.000e+00
1.174e-01 2.565e-03 1.503e-01 5.679e-04 0.000e+00
1.296e-01 2.114e-03 1.466e-01 4.098e-04 0.000e+00
1.431e-01 1.740e-03 1.429e-01 2.959e-04 0.000e+00
1.500e-01 1.586e-03 1.410e-01 2.536e-04 0.000e+00
1.579e-01 1.434e-03 1.390e-01 2.144e-04 0.000e+00
1.743e-01 1.180e-03 1.351e-01 1.554e-04 0.000e+00
1.925e-01 9.691e-04 1.311e-01 1.127e-04 0.000e+00
2.000e-01 8.985e-04 1.295e-01 9.966e-05 0.000e+00
2.125e-01 7.967e-04 1.270e-01 8.207e-05 0.000e+00
2.345e-01 6.552e-04 1.230e-01 6.001e-05 0.000e+00
2.589e-01 5.383e-04 1.189e-01 4.398e-05 0.000e+00
2.858e-01 4.422e-04 1.148e-01 3.239e-05 0.000e+00
3.000e-01 4.015e-04 1.128e-01 2.793e-05 0.000e+00
3.155e-01 3.632e-04 1.107e-01 2.398e-05 0.000e+00
3.483e-01 2.982e-04 1.067e-01 1.784e-05 0.000e+00
3.845e-01 2.448e-04 1.027e-01 1.336e-05 0.000e+00
4.000e-01 2.262e-04 1.011e-01 1.192e-05 0.000e+00
4.245e-01 2.009e-04 9.877e-02 1.006e-05 0.000e+00
4.686e-01 1.650e-04 9.490e-02 7.635e-06 0.000e+00
5.000e-01 1.449e-04 9.239e-02 6.409e-06 0.000e+00
5.173e-01 1.354e-04 9.108e-02 5.859e-06 0.000e+00
5.710e-01 1.112e-04 8.732e-02 4.534e-06 0.000e+00
6.000e-01 1.007e-04 8.547e-02 3.985e-06 0.000e+00
6.304e-01 9.123e-05 8.364e-02 3.499e-06 0.000e+00
6.959e-01 7.487e-05 8.004e-02 2.713e-06 0.000e+00
7.682e-01 6.144e-05 7.652e-02 2.170e-06 0.000e+00
8.000e-01 5.665e-05 7.508e-02 2.010e-06 0.000e+00
8.480e-01 5.042e-05 7.305e-02 1.827e-06 0.000e+00
9.361e-01 4.138e-05 6.968e-02 1.519e-06 0.000e+00
1.000e+00 3.627e-05 6.752e-02 1.249e-06 0.000e+00
1.022e+00 3.472e-05 6.683e-02 1.152e-06 0.000e+00
1.033e+00 3.399e-05 6.649e-02 1.110e-06 2.670e-09
1.141e+00 2.786e-05 6.328e-02 8.853e-07 2.542e-06
1.250e+00 2.321e-05 6.038e-02 7.823e-07 1.378e-05
1.259e+00 2.288e-05 6.016e-02 7.743e-07 1.516e-05
1.390e+00 1.877e-05 5.715e-02 6.544e-07 4.304e-05
1.500e+00 1.612e-05 5.490e-02 5.681e-07 7.654e-05
1.535e+00 1.540e-05 5.423e-02 5.451e-07 8.887e-05
1.694e+00 1.264e-05 5.139e-02 4.624e-07 1.534e-04
1.870e+00 1.038e-05 4.864e-02 3.968e-07 2.373e-04
2.000e+00 9.069e-06 4.683e-02 3.586e-07 3.052e-04
2.044e+00 8.682e-06 4.626e-02 3.470e-07 3.291e-04
2.065e+00 8.506e-06 4.599e-02 3.417e-07 3.405e-04
2.279e+00 6.983e-06 4.345e-02 2.953e-07 4.608e-04
2.516e+00 5.730e-06 4.099e-02 2.563e-07 5.987e-04
2.778e+00 4.701e-06 3.862e-02 2.233e-07 7.543e-04
3.000e+00 4.031e-06 3.685e-02 2.012e-07 8.870e-04
3.066e+00 3.860e-06 3.636e-02 1.954e-07 9.264e-04
3.385e+00 3.167e-06 3.418e-02 1.715e-07 1.116e-03
3.737e+00 2.598e-06 3.211e-02 1.509e-07 1.322e-03
4.000e+00 2.268e-06 3.074e-02 1.385e-07 1.472e-03
4.125e+00 2.132e-06 3.013e-02 1.332e-07 1.542e-03
4.554e+00 1.749e-06 2.824e-02 1.179e-07 1.776e-03
5.000e+00 1.451e-06 2.654e-02 1.052e-07 2.010e-03
5.027e+00 1.436e-06 2.645e-02 1.045e-07 2.023e-03
5.549e+00 1.178e-06 2.475e-02 9.286e-08 2.287e-03
6.000e+00 1.008e-06 2.346e-02 8.467e-08 2.503e-03
6.126e+00 9.669e-07 2.313e-02 8.264e-08 2.561e-03
6.762e+00 7.933e-07 2.160e-02 7.369e-08 2.847e-03
7.000e+00 7.403e-07 2.109e-02 7.081e-08 2.948e-03
7.465e+00 6.510e-07 2.015e-02 6.578e-08 3.142e-03
8.000e+00 5.670e-07 1.919e-02 6.080e-08 3.355e-03
8.241e+00 5.343e-07 1.879e-02 5.880e-08 3.446e-03
9.000e+00 4.479e-07 1.764e-02 5.328e-08 3.725e-03
9.097e+00 4.384e-07 1.751e-02 5.265e-08 3.760e-03
1.000e+01 3.628e-07 1.634e-02 4.741e-08 4.066e-03
1.004e+01 3.599e-07 1.629e-02 4.720e-08 4.079e-03
1.100e+01 2.999e-07 1.525e-02 4.267e-08 4.376e-03
1.109e+01 2.950e-07 1.515e-02 4.229e-08 4.403e-03
1.200e+01 2.520e-07 1.430e-02 3.880e-08 4.663e-03
1.224e+01 2.422e-07 1.409e-02 3.798e-08 4.729e-03
1.300e+01 2.147e-07 1.347e-02 3.557e-08 4.931e-03
1.351e+01 1.988e-07 1.309e-02 3.413e-08 5.061e-03
1.400e+01 1.851e-07 1.274e-02 3.284e-08 5.181e-03
1.491e+01 1.632e-07 1.215e-02 3.069e-08 5.393e-03
1.500e+01 1.613e-07 1.210e-02 3.049e-08 5.414e-03
1.600e+01 1.417e-07 1.152e-02 2.847e-08 5.638e-03
1.646e+01 1.339e-07 1.127e-02 2.762e-08 5.735e-03
1.800e+01 1.120e-07 1.053e-02 2.511e-08 6.042e-03
1.818e+01 1.098e-07 1.045e-02 2.485e-08 6.076e-03
2.000e+01 9.069e-08 9.707e-03 2.247e-08 6.408e-03
