# NIOBIUM from NIST Database
8.570e+00 0.000e+00 0.000e+00 0.000e+00 0.000e+00
4.100e+01 1.000e+00 3.500e+00 0.000e+00 0.000e+00
0.000e+00 0.000e+00 0.000e+00 0.000e+00 0.000e+00
1.000e-03 6.813e+00 6.838e-03 4.592e+03 0.000e+00
1.020e-03 6.794e+00 7.029e-03 4.385e+03 0.000e+00
1.126e-03 6.704e+00 8.059e-03 3.480e+03 0.000e+00
1.243e-03 6.609e+00 9.222e-03 2.762e+03 0.000e+00
1.372e-03 6.506e+00 1.051e-02 2.193e+03 0.000e+00
1.500e-03 6.403e+00 1.178e-02 1.780e+03 0.000e+00
1.515e-03 6.391e+00 1.192e-02 1.737e+03 0.000e+00
1.672e-03 6.260e+00 1.343e-02 1.367e+03 0.000e+00
1.846e-03 6.110e+00 1.507e-02 1.074e+03 0.000e+00
2.000e-03 5.973e+00 1.650e-02 8.835e+02 0.000e+00
2.038e-03 5.939e+00 1.686e-02 8.431e+02 0.000e+00
2.250e-03 5.752e+00 1.881e-02 6.590e+02 0.000e+00
2.370e-03 5.657e+00 1.989e-02 5.788e+02 0.000e+00
2.370e-03 5.657e+00 1.989e-02 2.175e+03 0.000e+00
2.417e-03 5.622e+00 2.030e-02 2.048e+03 0.000e+00
2.465e-03 5.587e+00 2.072e-02 1.930e+03 0.000e+00
2.465e-03 5.587e+00 2.072e-02 2.688e+03 0.000e+00
2.483e-03 5.573e+00 2.088e-02 2.640e+03 0.000e+00
2.698e-03 5.398e+00 2.278e-02 2.156e+03 0.000e+00
2.698e-03 5.398e+00 2.278e-02 2.464e+03 0.000e+00
2.741e-03 5.362e+00 2.316e-02 2.370e+03 0.000e+00
3.000e-03 5.161e+00 2.539e-02 1.901e+03 0.000e+00
3.026e-03 5.141e+00 2.561e-02 1.859e+03 0.000e+00
3.341e-03 4.909e+00 2.825e-02 1.444e+03 0.000e+00
3.688e-03 4.668e+00 3.106e-02 1.122e+03 0.000e+00
4.000e-03 4.464e+00 3.352e-02 9.120e+02 0.000e+00
4.071e-03 4.419e+00 3.407e-02 8.711e+02 0.000e+00
4.494e-03 4.166e+00 3.728e-02 6.730e+02 0.000e+00
4.961e-03 3.911e+00 4.068e-02 5.199e+02 0.000e+00
5.000e-03 3.890e+00 4.096e-02 5.094e+02 0.000e+00
5.477e-03 3.656e+00 4.427e-02 3.998e+02 0.000e+00
6.000e-03 3.424e+00 4.773e-02 3.137e+02 0.000e+00
6.046e-03 3.405e+00 4.802e-02 3.073e+02 0.000e+00
6.675e-03 3.160e+00 5.189e-02 2.351e+02 0.000e+00
7.368e-03 2.921e+00 5.584e-02 1.800e+02 0.000e+00
8.000e-03 2.728e+00 5.917e-02 1.441e+02 0.000e+00
8.134e-03 2.689e+00 5.984e-02 1.377e+02 0.000e+00
8.979e-03 2.464e+00 6.386e-02 1.050e+02 0.000e+00
9.912e-03 2.245e+00 6.789e-02 8.003e+01 0.000e+00
1.000e-02 2.226e+00 6.825e-02 7.811e+01 0.000e+00
1.094e-02 2.032e+00 7.194e-02 6.080e+01 0.000e+00
1.208e-02 1.826e+00 7.601e-02 4.612e+01 0.000e+00
1.334e-02 1.629e+00 8.009e-02 3.498e+01 0.000e+00
1.472e-02 1.445e+00 8.414e-02 2.658e+01 0.000e+00
1.500e-02 1.411e+00 8.491e-02 2.522e+01 0.000e+00
1.625e-02 1.272e+00 8.820e-02 2.012e+01 0.000e+00
1.794e-02 1.115e+00 9.220e-02 1.521e+01 0.000e+00
1.899e-02 1.033e+00 9.444e-02 1.296e+01 0.000e+00
1.899e-02 1.033e+00 9.444e-02 8.666e+01 0.000e+00
1.980e-02 9.752e-01 9.607e-02 7.799e+01 0.000e+00
2.000e-02 9.619e-01 9.645e-02 7.603e+01 0.000e+00
2.186e-02 8.512e-01 9.977e-02 6.055e+01 0.000e+00
2.413e-02 7.417e-01 1.033e-01 4.673e+01 0.000e+00
2.664e-02 6.448e-01 1.065e-01 3.588e+01 0.000e+00
2.941e-02 5.594e-01 1.096e-01 2.744e+01 0.000e+00
3.000e-02 5.436e-01 1.101e-01 2.600e+01 0.000e+00
3.247e-02 4.843e-01 1.123e-01 2.094e+01 0.000e+00
3.584e-02 4.182e-01 1.147e-01 1.596e+01 0.000e+00
3.957e-02 3.595e-01 1.169e-01 1.212e+01 0.000e+00
4.000e-02 3.535e-01 1.171e-01 1.176e+01 0.000e+00
4.368e-02 3.076e-01 1.186e-01 9.195e+00 0.000e+00
4.822e-02 2.620e-01 1.200e-01 6.956e+00 0.000e+00
5.000e-02 2.468e-01 1.204e-01 6.276e+00 0.000e+00
5.323e-02 2.223e-01 1.210e-01 5.253e+00 0.000e+00
5.876e-02 1.882e-01 1.216e-01 3.959e+00 0.000e+00
6.000e-02 1.816e-01 1.217e-01 3.729e+00 0.000e+00
6.486e-02 1.590e-01 1.219e-01 2.980e+00 0.000e+00
7.161e-02 1.341e-01 1.218e-01 2.237e+00 0.000e+00
7.905e-02 1.130e-01 1.213e-01 1.678e+00 0.000e+00
8.000e-02 1.107e-01 1.212e-01 1.620e+00 0.000e+00
8.726e-02 9.520e-02 1.205e-01 1.257e+00 0.000e+00
9.633e-02 8.009e-02 1.194e-01 9.405e-01 0.000e+00
1.000e-01 7.500e-02 1.189e-01 8.427e-01 0.000e+00
1.063e-01 6.733e-02 1.180e-01 7.040e-01 0.000e+00
1.174e-01 5.644e-02 1.163e-01 5.253e-01 0.000e+00
1.296e-01 4.726e-02 1.144e-01 3.924e-01 0.000e+00
1.431e-01 3.948e-02 1.123e-01 2.929e-01 0.000e+00
1.500e-01 3.623e-02 1.112e-01 2.549e-01 0.000e+00
1.579e-01 3.297e-02 1.100e-01 2.191e-01 0.000e+00
1.743e-01 2.745e-02 1.075e-01 1.637e-01 0.000e+00
1.925e-01 2.280e-02 1.049e-01 1.223e-01 0.000e+00
2.000e-01 2.122e-02 1.038e-01 1.094e-01 0.000e+00
2.125e-01 1.893e-02 1.021e-01 9.161e-02 0.000e+00
2.345e-01 1.571e-02 9.932e-02 6.881e-02 0.000e+00
2.589e-01 1.301e-02 9.639e-02 5.173e-02 0.000e+00
2.858e-01 1.076e-02 9.340e-02 3.902e-02 0.000e+00
3.000e-01 9.807e-03 9.191e-02 3.402e-02 0.000e+00
3.155e-01 8.901e-03 9.036e-02 2.953e-02 0.000e+00
3.483e-01 7.354e-03 8.728e-02 2.244e-02 0.000e+00
3.845e-01 6.072e-03 8.420e-02 1.713e-02 0.000e+00
4.000e-01 5.623e-03 8.297e-02 1.539e-02 0.000e+00
4.245e-01 5.009e-03 8.113e-02 1.314e-02 0.000e+00
4.686e-01 4.131e-03 7.808e-02 1.014e-02 0.000e+00
5.000e-01 3.638e-03 7.610e-02 8.582e-03 0.000e+00
5.173e-01 3.404e-03 7.506e-02 7.873e-03 0.000e+00
5.710e-01 2.804e-03 7.207e-02 6.156e-03 0.000e+00
6.000e-01 2.544e-03 7.059e-02 5.452e-03 0.000e+00
6.304e-01 2.308e-03 6.912e-02 4.836e-03 0.000e+00
6.959e-01 1.899e-03 6.620e-02 3.826e-03 0.000e+00
7.682e-01 1.562e-03 6.334e-02 3.059e-03 0.000e+00
8.000e-01 1.442e-03 6.218e-02 2.802e-03 0.000e+00
8.480e-01 1.284e-03 6.054e-02 2.480e-03 0.000e+00
9.361e-01 1.055e-03 5.779e-02 2.019e-03 0.000e+00
1.000e+00 9.256e-04 5.598e-02 1.746e-03 0.000e+00
1.022e+00 8.867e-04 5.539e-02 1.661e-03 0.000e+00
1.033e+00 8.682e-04 5.511e-02 1.622e-03 3.156e-08
1.141e+00 7.127e-04 5.247e-02 1.325e-03 2.656e-05
1.250e+00 5.941e-04 5.011e-02 1.121e-03 1.300e-04
1.259e+00 5.856e-04 4.992e-02 1.107e-03 1.420e-04
1.390e+00 4.808e-04 4.743e-02 9.240e-04 3.683e-04
1.500e+00 4.131e-04 4.557e-02 8.051e-04 6.206e-04
1.535e+00 3.945e-04 4.501e-02 7.726e-04 7.110e-04
1.694e+00 3.242e-04 4.268e-02 6.502e-04 1.172e-03
1.870e+00 2.662e-04 4.041e-02 5.499e-04 1.754e-03
2.000e+00 2.327e-04 3.891e-02 4.921e-04 2.212e-03
2.044e+00 2.228e-04 3.843e-02 4.749e-04 2.369e-03
2.065e+00 2.183e-04 3.821e-02 4.671e-04 2.445e-03
2.279e+00 1.792e-04 3.609e-02 3.991e-04 3.226e-03
2.516e+00 1.471e-04 3.406e-02 3.423e-04 4.103e-03
2.778e+00 1.207e-04 3.209e-02 2.948e-04 5.066e-03
3.000e+00 1.035e-04 3.063e-02 2.632e-04 5.865e-03
3.066e+00 9.911e-05 3.022e-02 2.550e-04 6.098e-03
3.385e+00 8.133e-05 2.842e-02 2.213e-04 7.200e-03
3.737e+00 6.674e-05 2.669e-02 1.927e-04 8.362e-03
4.000e+00 5.825e-05 2.555e-02 1.755e-04 9.197e-03
4.125e+00 5.478e-05 2.505e-02 1.683e-04 9.584e-03
4.554e+00 4.495e-05 2.348e-02 1.474e-04 1.087e-02
5.000e+00 3.729e-05 2.207e-02 1.304e-04 1.213e-02
5.027e+00 3.689e-05 2.199e-02 1.294e-04 1.220e-02
5.549e+00 3.028e-05 2.058e-02 1.140e-04 1.356e-02
6.000e+00 2.590e-05 1.951e-02 1.033e-04 1.468e-02
6.126e+00 2.484e-05 1.923e-02 1.006e-04 1.498e-02
6.762e+00 2.039e-05 1.796e-02 8.894e-05 1.645e-02
7.000e+00 1.902e-05 1.753e-02 8.524e-05 1.697e-02
7.465e+00 1.673e-05 1.676e-02 7.883e-05 1.795e-02
8.000e+00 1.457e-05 1.596e-02 7.253e-05 1.903e-02
8.241e+00 1.373e-05 1.562e-02 6.999e-05 1.951e-02
9.000e+00 1.151e-05 1.467e-02 6.301e-05 2.091e-02
9.097e+00 1.127e-05 1.456e-02 6.222e-05 2.108e-02
1.000e+01 9.321e-06 1.359e-02 5.569e-05 2.263e-02
1.004e+01 9.247e-06 1.355e-02 5.543e-05 2.269e-02
1.100e+01 7.707e-06 1.268e-02 4.987e-05 2.420e-02
1.109e+01 7.583e-06 1.260e-02 4.940e-05 2.433e-02
1.200e+01 6.475e-06 1.189e-02 4.513e-05 2.564e-02
1.224e+01 6.224e-06 1.172e-02 4.413e-05 2.597e-02
1.300e+01 5.517e-06 1.120e-02 4.121e-05 2.698e-02
1.351e+01 5.109e-06 1.088e-02 3.946e-05 2.762e-02
1.400e+01 4.758e-06 1.060e-02 3.791e-05 2.820e-02
1.491e+01 4.195e-06 1.011e-02 3.534e-05 2.925e-02
1.500e+01 4.145e-06 1.006e-02 3.510e-05 2.934e-02
1.600e+01 3.642e-06 9.580e-03 3.267e-05 3.042e-02
1.646e+01 3.441e-06 9.376e-03 3.166e-05 3.089e-02
1.800e+01 2.878e-06 8.757e-03 2.869e-05 3.238e-02
1.818e+01 2.821e-06 8.691e-03 2.838e-05 3.254e-02
2.000e+01 2.332e-06 8.076e-03 2.557e-05 3.414e-02
