# NEODYMIUM from NIST Database
6.900e+00 0.000e+00 0.000e+00 0.000e+00 0.000e+00
6.000e+01 1.000e+00 3.500e+00 0.000e+00 0.000e+00
0.000e+00 0.000e+00 0.000e+00 0.000e+00 0.000e+00
1.000e-03 9.402e+00 6.317e-03 6.618e+03 0.000e+00
1.005e-03 9.394e+00 6.359e-03 6.922e+03 0.000e+00
1.005e-03 9.394e+00 6.359e-03 8.513e+03 0.000e+00
1.020e-03 9.370e+00 6.483e-03 8.336e+03 0.000e+00
1.126e-03 9.250e+00 7.332e-03 7.244e+03 0.000e+00
1.243e-03 9.154e+00 8.236e-03 6.296e+03 0.000e+00
1.297e-03 9.106e+00 8.655e-03 5.924e+03 0.000e+00
1.297e-03 9.106e+00 8.655e-03 6.822e+03 0.000e+00
1.372e-03 9.030e+00 9.236e-03 6.026e+03 0.000e+00
1.403e-03 8.997e+00 9.477e-03 5.737e+03 0.000e+00
1.403e-03 8.997e+00 9.477e-03 6.083e+03 0.000e+00
1.500e-03 8.893e+00 1.024e-02 5.265e+03 0.000e+00
1.515e-03 8.877e+00 1.035e-02 5.152e+03 0.000e+00
1.575e-03 8.814e+00 1.082e-02 4.730e+03 0.000e+00
1.575e-03 8.814e+00 1.082e-02 4.943e+03 0.000e+00
1.672e-03 8.713e+00 1.157e-02 4.316e+03 0.000e+00
1.846e-03 8.533e+00 1.290e-02 3.445e+03 0.000e+00
2.000e-03 8.375e+00 1.407e-02 2.870e+03 0.000e+00
2.038e-03 8.336e+00 1.435e-02 2.743e+03 0.000e+00
2.250e-03 8.120e+00 1.595e-02 2.164e+03 0.000e+00
2.483e-03 7.884e+00 1.769e-02 1.709e+03 0.000e+00
2.741e-03 7.627e+00 1.959e-02 1.348e+03 0.000e+00
3.000e-03 7.373e+00 2.146e-02 1.086e+03 0.000e+00
3.026e-03 7.348e+00 2.165e-02 1.063e+03 0.000e+00
3.341e-03 7.049e+00 2.387e-02 8.304e+02 0.000e+00
3.688e-03 6.733e+00 2.623e-02 6.492e+02 0.000e+00
4.000e-03 6.463e+00 2.830e-02 5.302e+02 0.000e+00
4.071e-03 6.403e+00 2.876e-02 5.070e+02 0.000e+00
4.494e-03 6.061e+00 3.144e-02 3.942e+02 0.000e+00
4.961e-03 5.710e+00 3.425e-02 3.065e+02 0.000e+00
5.000e-03 5.682e+00 3.448e-02 3.004e+02 0.000e+00
5.477e-03 5.354e+00 3.718e-02 2.375e+02 0.000e+00
6.000e-03 5.027e+00 3.996e-02 1.876e+02 0.000e+00
6.046e-03 5.000e+00 4.020e-02 1.839e+02 0.000e+00
6.208e-03 4.906e+00 4.102e-02 1.717e+02 0.000e+00
6.208e-03 4.906e+00 4.102e-02 4.843e+02 0.000e+00
6.675e-03 4.642e+00 4.333e-02 4.036e+02 0.000e+00
6.722e-03 4.618e+00 4.355e-02 3.967e+02 0.000e+00
6.722e-03 4.618e+00 4.355e-02 5.411e+02 0.000e+00
6.921e-03 4.515e+00 4.446e-02 5.031e+02 0.000e+00
7.126e-03 4.413e+00 4.538e-02 4.680e+02 0.000e+00
7.126e-03 4.413e+00 4.538e-02 5.403e+02 0.000e+00
7.368e-03 4.296e+00 4.646e-02 4.973e+02 0.000e+00
8.000e-03 4.008e+00 4.922e-02 4.054e+02 0.000e+00
8.134e-03 3.951e+00 4.979e-02 3.882e+02 0.000e+00
8.979e-03 3.615e+00 5.319e-02 3.001e+02 0.000e+00
9.912e-03 3.292e+00 5.667e-02 2.319e+02 0.000e+00
1.000e-02 3.264e+00 5.699e-02 2.267e+02 0.000e+00
1.094e-02 2.985e+00 6.028e-02 1.785e+02 0.000e+00
1.208e-02 2.694e+00 6.403e-02 1.371e+02 0.000e+00
1.334e-02 2.422e+00 6.786e-02 1.053e+02 0.000e+00
1.472e-02 2.175e+00 7.170e-02 8.099e+01 0.000e+00
1.500e-02 2.130e+00 7.244e-02 7.703e+01 0.000e+00
1.625e-02 1.948e+00 7.554e-02 6.196e+01 0.000e+00
1.794e-02 1.740e+00 7.932e-02 4.734e+01 0.000e+00
1.980e-02 1.548e+00 8.297e-02 3.620e+01 0.000e+00
2.000e-02 1.529e+00 8.333e-02 3.523e+01 0.000e+00
2.186e-02 1.369e+00 8.647e-02 2.754e+01 0.000e+00
2.413e-02 1.205e+00 8.977e-02 2.096e+01 0.000e+00
2.664e-02 1.054e+00 9.287e-02 1.594e+01 0.000e+00
2.941e-02 9.172e-01 9.573e-02 1.213e+01 0.000e+00
3.000e-02 8.914e-01 9.628e-02 1.148e+01 0.000e+00
3.247e-02 7.939e-01 9.835e-02 9.196e+00 0.000e+00
3.584e-02 6.848e-01 1.007e-01 6.974e+00 0.000e+00
3.957e-02 5.895e-01 1.028e-01 5.285e+00 0.000e+00
4.000e-02 5.799e-01 1.030e-01 5.127e+00 0.000e+00
4.357e-02 5.094e-01 1.046e-01 4.029e+00 0.000e+00
4.357e-02 5.094e-01 1.046e-01 2.304e+01 0.000e+00
4.368e-02 5.074e-01 1.047e-01 2.289e+01 0.000e+00
4.822e-02 4.357e-01 1.062e-01 1.758e+01 0.000e+00
5.000e-02 4.119e-01 1.067e-01 1.598e+01 0.000e+00
5.323e-02 3.736e-01 1.075e-01 1.356e+01 0.000e+00
5.876e-02 3.198e-01 1.084e-01 1.047e+01 0.000e+00
6.000e-02 3.093e-01 1.086e-01 9.907e+00 0.000e+00
6.486e-02 2.728e-01 1.091e-01 8.047e+00 0.000e+00
7.161e-02 2.318e-01 1.094e-01 6.151e+00 0.000e+00
7.905e-02 1.963e-01 1.094e-01 4.690e+00 0.000e+00
8.000e-02 1.923e-01 1.094e-01 4.538e+00 0.000e+00
8.726e-02 1.657e-01 1.091e-01 3.572e+00 0.000e+00
9.633e-02 1.395e-01 1.085e-01 2.717e+00 0.000e+00
1.000e-01 1.306e-01 1.082e-01 2.449e+00 0.000e+00
1.063e-01 1.173e-01 1.076e-01 2.066e+00 0.000e+00
1.174e-01 9.848e-02 1.064e-01 1.565e+00 0.000e+00
1.296e-01 8.263e-02 1.050e-01 1.186e+00 0.000e+00
1.431e-01 6.923e-02 1.033e-01 8.975e-01 0.000e+00
1.500e-01 6.363e-02 1.024e-01 7.862e-01 0.000e+00
1.579e-01 5.802e-02 1.014e-01 6.805e-01 0.000e+00
1.743e-01 4.854e-02 9.927e-02 5.155e-01 0.000e+00
1.925e-01 4.052e-02 9.702e-02 3.902e-01 0.000e+00
2.000e-01 3.778e-02 9.611e-02 3.506e-01 0.000e+00
2.125e-01 3.380e-02 9.464e-02 2.960e-01 0.000e+00
2.345e-01 2.817e-02 9.215e-02 2.250e-01 0.000e+00
2.589e-01 2.342e-02 8.957e-02 1.712e-01 0.000e+00
2.858e-01 1.945e-02 8.691e-02 1.306e-01 0.000e+00
3.000e-01 1.774e-02 8.559e-02 1.145e-01 0.000e+00
3.155e-01 1.613e-02 8.420e-02 9.992e-02 0.000e+00
3.483e-01 1.336e-02 8.145e-02 7.671e-02 0.000e+00
3.845e-01 1.105e-02 7.868e-02 5.913e-02 0.000e+00
4.000e-01 1.025e-02 7.757e-02 5.336e-02 0.000e+00
4.245e-01 9.140e-03 7.591e-02 4.578e-02 0.000e+00
4.686e-01 7.555e-03 7.313e-02 3.563e-02 0.000e+00
5.000e-01 6.663e-03 7.131e-02 3.032e-02 0.000e+00
5.173e-01 6.238e-03 7.035e-02 2.788e-02 0.000e+00
5.710e-01 5.146e-03 6.759e-02 2.195e-02 0.000e+00
6.000e-01 4.672e-03 6.622e-02 1.951e-02 0.000e+00
6.304e-01 4.242e-03 6.486e-02 1.738e-02 0.000e+00
6.959e-01 3.497e-03 6.218e-02 1.385e-02 0.000e+00
7.682e-01 2.882e-03 5.953e-02 1.110e-02 0.000e+00
8.000e-01 2.662e-03 5.845e-02 1.016e-02 0.000e+00
8.480e-01 2.374e-03 5.691e-02 8.956e-03 0.000e+00
9.361e-01 1.954e-03 5.432e-02 7.271e-03 0.000e+00
1.000e+00 1.715e-03 5.265e-02 6.354e-03 0.000e+00
1.022e+00 1.642e-03 5.211e-02 6.083e-03 0.000e+00
1.033e+00 1.608e-03 5.184e-02 5.954e-03 5.721e-08
1.141e+00 1.321e-03 4.939e-02 4.890e-03 4.781e-05
1.250e+00 1.103e-03 4.718e-02 4.100e-03 2.318e-04
1.259e+00 1.087e-03 4.701e-02 4.045e-03 2.531e-04
1.390e+00 8.934e-04 4.467e-02 3.365e-03 6.466e-04
1.500e+00 7.678e-04 4.292e-02 2.931e-03 1.071e-03
1.535e+00 7.333e-04 4.240e-02 2.812e-03 1.220e-03
1.694e+00 6.022e-04 4.020e-02 2.363e-03 1.950e-03
1.870e+00 4.945e-04 3.806e-02 1.993e-03 2.828e-03
2.000e+00 4.330e-04 3.665e-02 1.780e-03 3.502e-03
2.044e+00 4.148e-04 3.620e-02 1.717e-03 3.733e-03
2.065e+00 4.065e-04 3.599e-02 1.688e-03 3.843e-03
2.279e+00 3.344e-04 3.400e-02 1.438e-03 4.964e-03
2.516e+00 2.745e-04 3.208e-02 1.230e-03 6.186e-03
2.778e+00 2.251e-04 3.024e-02 1.056e-03 7.495e-03
3.000e+00 1.929e-04 2.886e-02 9.402e-04 8.565e-03
3.066e+00 1.847e-04 2.848e-02 9.102e-04 8.876e-03
3.385e+00 1.516e-04 2.678e-02 7.870e-04 1.033e-02
3.737e+00 1.244e-04 2.516e-02 6.828e-04 1.186e-02
4.000e+00 1.086e-04 2.408e-02 6.204e-04 1.295e-02
4.125e+00 1.022e-04 2.361e-02 5.944e-04 1.346e-02
4.554e+00 8.384e-05 2.213e-02 5.189e-04 1.511e-02
5.000e+00 6.956e-05 2.080e-02 4.576e-04 1.673e-02
5.027e+00 6.881e-05 2.073e-02 4.543e-04 1.682e-02
5.549e+00 5.648e-05 1.939e-02 3.989e-04 1.858e-02
6.000e+00 4.831e-05 1.839e-02 3.605e-04 2.000e-02
6.126e+00 4.634e-05 1.813e-02 3.510e-04 2.037e-02
6.762e+00 3.803e-05 1.693e-02 3.096e-04 2.223e-02
7.000e+00 3.549e-05 1.652e-02 2.964e-04 2.289e-02
7.465e+00 3.121e-05 1.580e-02 2.736e-04 2.413e-02
8.000e+00 2.718e-05 1.504e-02 2.512e-04 2.549e-02
8.241e+00 2.561e-05 1.473e-02 2.422e-04 2.608e-02
9.000e+00 2.147e-05 1.383e-02 2.177e-04 2.785e-02
9.097e+00 2.102e-05 1.372e-02 2.149e-04 2.807e-02
1.000e+01 1.739e-05 1.281e-02 1.919e-04 3.002e-02
1.004e+01 1.726e-05 1.278e-02 1.910e-04 3.010e-02
1.100e+01 1.437e-05 1.195e-02 1.715e-04 3.203e-02
1.109e+01 1.414e-05 1.188e-02 1.699e-04 3.220e-02
1.200e+01 1.208e-05 1.121e-02 1.550e-04 3.388e-02
1.224e+01 1.161e-05 1.104e-02 1.515e-04 3.431e-02
1.300e+01 1.029e-05 1.056e-02 1.413e-04 3.562e-02
1.351e+01 9.531e-06 1.026e-02 1.352e-04 3.645e-02
1.400e+01 8.876e-06 9.987e-03 1.298e-04 3.722e-02
1.491e+01 7.826e-06 9.525e-03 1.209e-04 3.859e-02
1.500e+01 7.732e-06 9.482e-03 1.200e-04 3.871e-02
1.600e+01 6.797e-06 9.031e-03 1.116e-04 4.010e-02
1.646e+01 6.422e-06 8.838e-03 1.081e-04 4.070e-02
1.800e+01 5.369e-06 8.254e-03 9.786e-05 4.261e-02
1.818e+01 5.263e-06 8.191e-03 9.679e-05 4.282e-02
2.000e+01 4.350e-06 7.611e-03 8.709e-05 4.487e-02
