# NEON from NIST Database
8.385e-04 0.000e+00 0.000e+00 0.000e+00 0.000e+00
1.000e+01 1.000e+00 3.500e+00 0.000e+00 0.000e+00
0.000e+00 0.000e+00 0.000e+00 0.000e+00 0.000e+00
1.000e-03 1.900e+00 5.479e-03 7.407e+03 0.000e+00
1.020e-03 1.896e+00 5.688e-03 7.051e+03 0.000e+00
1.126e-03 1.876e+00 6.851e-03 5.512e+03 0.000e+00
1.243e-03 1.855e+00 8.243e-03 4.303e+03 0.000e+00
1.372e-03 1.830e+00 9.897e-03 3.351e+03 0.000e+00
1.500e-03 1.803e+00 1.164e-02 2.664e+03 0.000e+00
1.515e-03 1.800e+00 1.186e-02 2.596e+03 0.000e+00
1.672e-03 1.764e+00 1.414e-02 2.005e+03 0.000e+00
1.846e-03 1.722e+00 1.680e-02 1.541e+03 0.000e+00
2.000e-03 1.683e+00 1.925e-02 1.241e+03 0.000e+00
2.038e-03 1.673e+00 1.987e-02 1.179e+03 0.000e+00
2.250e-03 1.618e+00 2.340e-02 9.001e+02 0.000e+00
2.483e-03 1.555e+00 2.739e-02 6.858e+02 0.000e+00
2.741e-03 1.485e+00 3.189e-02 5.206e+02 0.000e+00
3.000e-03 1.415e+00 3.644e-02 4.038e+02 0.000e+00
3.026e-03 1.408e+00 3.689e-02 3.940e+02 0.000e+00
3.341e-03 1.325e+00 4.240e-02 2.974e+02 0.000e+00
3.688e-03 1.236e+00 4.836e-02 2.241e+02 0.000e+00
4.000e-03 1.160e+00 5.360e-02 1.772e+02 0.000e+00
4.071e-03 1.143e+00 5.477e-02 1.684e+02 0.000e+00
4.494e-03 1.048e+00 6.156e-02 1.263e+02 0.000e+00
4.961e-03 9.520e-01 6.866e-02 9.452e+01 0.000e+00
5.000e-03 9.445e-01 6.923e-02 9.236e+01 0.000e+00
5.477e-03 8.579e-01 7.597e-02 7.059e+01 0.000e+00
6.000e-03 7.741e-01 8.278e-02 5.384e+01 0.000e+00
6.046e-03 7.673e-01 8.335e-02 5.262e+01 0.000e+00
6.675e-03 6.814e-01 9.070e-02 3.913e+01 0.000e+00
7.368e-03 6.018e-01 9.788e-02 2.905e+01 0.000e+00
8.000e-03 5.404e-01 1.036e-01 2.264e+01 0.000e+00
8.134e-03 5.286e-01 1.048e-01 2.152e+01 0.000e+00
8.979e-03 4.625e-01 1.113e-01 1.593e+01 0.000e+00
9.912e-03 4.034e-01 1.173e-01 1.177e+01 0.000e+00
1.000e-02 3.984e-01 1.178e-01 1.145e+01 0.000e+00
1.094e-02 3.510e-01 1.229e-01 8.683e+00 0.000e+00
1.208e-02 3.047e-01 1.279e-01 6.389e+00 0.000e+00
1.334e-02 2.640e-01 1.325e-01 4.693e+00 0.000e+00
1.472e-02 2.288e-01 1.366e-01 3.451e+00 0.000e+00
1.500e-02 2.226e-01 1.374e-01 3.253e+00 0.000e+00
1.625e-02 1.980e-01 1.404e-01 2.530e+00 0.000e+00
1.794e-02 1.712e-01 1.437e-01 1.853e+00 0.000e+00
1.980e-02 1.478e-01 1.467e-01 1.356e+00 0.000e+00
2.000e-02 1.455e-01 1.470e-01 1.313e+00 0.000e+00
2.186e-02 1.272e-01 1.494e-01 9.900e-01 0.000e+00
2.413e-02 1.093e-01 1.517e-01 7.224e-01 0.000e+00
2.664e-02 9.356e-02 1.537e-01 5.263e-01 0.000e+00
2.941e-02 7.983e-02 1.553e-01 3.830e-01 0.000e+00
3.000e-02 7.729e-02 1.556e-01 3.593e-01 0.000e+00
3.247e-02 6.785e-02 1.565e-01 2.785e-01 0.000e+00
3.584e-02 5.748e-02 1.574e-01 2.024e-01 0.000e+00
3.957e-02 4.853e-02 1.578e-01 1.469e-01 0.000e+00
4.000e-02 4.763e-02 1.578e-01 1.418e-01 0.000e+00
4.368e-02 4.086e-02 1.577e-01 1.066e-01 0.000e+00
4.822e-02 3.432e-02 1.573e-01 7.727e-02 0.000e+00
5.000e-02 3.217e-02 1.571e-01 6.867e-02 0.000e+00
5.323e-02 2.875e-02 1.566e-01 5.599e-02 0.000e+00
5.876e-02 2.404e-02 1.554e-01 4.054e-02 0.000e+00
6.000e-02 2.314e-02 1.551e-01 3.787e-02 0.000e+00
6.486e-02 2.007e-02 1.539e-01 2.936e-02 0.000e+00
7.161e-02 1.673e-02 1.521e-01 2.124e-02 0.000e+00
7.905e-02 1.392e-02 1.500e-01 1.537e-02 0.000e+00
8.000e-02 1.362e-02 1.497e-01 1.478e-02 0.000e+00
8.726e-02 1.157e-02 1.476e-01 1.112e-02 0.000e+00
9.633e-02 9.604e-03 1.450e-01 8.047e-03 0.000e+00
1.000e-01 8.947e-03 1.439e-01 7.120e-03 0.000e+00
1.063e-01 7.966e-03 1.422e-01 5.832e-03 0.000e+00
1.174e-01 6.589e-03 1.391e-01 4.217e-03 0.000e+00
1.296e-01 5.449e-03 1.359e-01 3.057e-03 0.000e+00
1.431e-01 4.499e-03 1.326e-01 2.217e-03 0.000e+00
1.500e-01 4.106e-03 1.309e-01 1.903e-03 0.000e+00
1.579e-01 3.716e-03 1.291e-01 1.613e-03 0.000e+00
1.743e-01 3.064e-03 1.256e-01 1.174e-03 0.000e+00
1.925e-01 2.522e-03 1.219e-01 8.546e-04 0.000e+00
2.000e-01 2.340e-03 1.205e-01 7.568e-04 0.000e+00
2.125e-01 2.077e-03 1.182e-01 6.246e-04 0.000e+00
2.345e-01 1.710e-03 1.145e-01 4.582e-04 0.000e+00
2.589e-01 1.406e-03 1.107e-01 3.369e-04 0.000e+00
2.858e-01 1.156e-03 1.070e-01 2.489e-04 0.000e+00
3.000e-01 1.050e-03 1.051e-01 2.149e-04 0.000e+00
3.155e-01 9.503e-04 1.032e-01 1.848e-04 0.000e+00
3.483e-01 7.808e-04 9.949e-02 1.379e-04 0.000e+00
3.845e-01 6.415e-04 9.580e-02 1.035e-04 0.000e+00
4.000e-01 5.930e-04 9.433e-02 9.248e-05 0.000e+00
4.245e-01 5.268e-04 9.215e-02 7.818e-05 0.000e+00
4.686e-01 4.327e-04 8.855e-02 5.948e-05 0.000e+00
5.000e-01 3.802e-04 8.622e-02 4.996e-05 0.000e+00
5.173e-01 3.552e-04 8.500e-02 4.566e-05 0.000e+00
5.710e-01 2.917e-04 8.150e-02 3.535e-05 0.000e+00
6.000e-01 2.642e-04 7.977e-02 3.113e-05 0.000e+00
6.304e-01 2.394e-04 7.807e-02 2.742e-05 0.000e+00
6.959e-01 1.965e-04 7.473e-02 2.143e-05 0.000e+00
7.682e-01 1.613e-04 7.146e-02 1.710e-05 0.000e+00
8.000e-01 1.488e-04 7.013e-02 1.573e-05 0.000e+00
8.480e-01 1.324e-04 6.824e-02 1.408e-05 0.000e+00
9.361e-01 1.086e-04 6.509e-02 1.157e-05 0.000e+00
1.000e+00 9.523e-05 6.306e-02 9.779e-06 0.000e+00
1.022e+00 9.120e-05 6.240e-02 9.174e-06 0.000e+00
1.033e+00 8.928e-05 6.208e-02 8.904e-06 4.732e-09
1.141e+00 7.320e-05 5.907e-02 7.203e-06 4.476e-06
1.250e+00 6.097e-05 5.637e-02 6.225e-06 2.414e-05
1.259e+00 6.010e-05 5.616e-02 6.153e-06 2.656e-05
1.390e+00 4.931e-05 5.336e-02 5.177e-06 7.508e-05
1.500e+00 4.235e-05 5.127e-02 4.512e-06 1.332e-04
1.535e+00 4.044e-05 5.064e-02 4.333e-06 1.546e-04
1.694e+00 3.321e-05 4.800e-02 3.673e-06 2.665e-04
1.870e+00 2.725e-05 4.544e-02 3.139e-06 4.121e-04
2.000e+00 2.382e-05 4.375e-02 2.829e-06 5.297e-04
2.044e+00 2.281e-05 4.321e-02 2.736e-06 5.709e-04
2.065e+00 2.235e-05 4.296e-02 2.694e-06 5.907e-04
2.279e+00 1.835e-05 4.058e-02 2.323e-06 7.982e-04
2.516e+00 1.506e-05 3.828e-02 2.012e-06 1.035e-03
2.778e+00 1.235e-05 3.606e-02 1.750e-06 1.300e-03
3.000e+00 1.059e-05 3.441e-02 1.574e-06 1.524e-03
3.066e+00 1.014e-05 3.395e-02 1.528e-06 1.591e-03
3.385e+00 8.318e-06 3.192e-02 1.338e-06 1.909e-03
3.737e+00 6.824e-06 2.999e-02 1.176e-06 2.252e-03
4.000e+00 5.957e-06 2.871e-02 1.078e-06 2.500e-03
4.125e+00 5.601e-06 2.814e-02 1.036e-06 2.616e-03
4.554e+00 4.597e-06 2.638e-02 9.152e-07 3.002e-03
5.000e+00 3.814e-06 2.479e-02 8.156e-07 3.387e-03
5.027e+00 3.773e-06 2.470e-02 8.103e-07 3.409e-03
5.549e+00 3.096e-06 2.311e-02 7.190e-07 3.838e-03
6.000e+00 2.648e-06 2.191e-02 6.550e-07 4.188e-03
6.126e+00 2.540e-06 2.160e-02 6.391e-07 4.283e-03
6.762e+00 2.084e-06 2.018e-02 5.692e-07 4.742e-03
7.000e+00 1.945e-06 1.970e-02 5.467e-07 4.906e-03
7.465e+00 1.711e-06 1.883e-02 5.076e-07 5.218e-03
8.000e+00 1.489e-06 1.792e-02 4.688e-07 5.560e-03
8.241e+00 1.404e-06 1.755e-02 4.532e-07 5.709e-03
9.000e+00 1.177e-06 1.648e-02 4.100e-07 6.155e-03
9.097e+00 1.152e-06 1.635e-02 4.051e-07 6.209e-03
1.000e+01 9.532e-07 1.527e-02 3.644e-07 6.697e-03
1.004e+01 9.456e-07 1.522e-02 3.628e-07 6.717e-03
1.100e+01 7.878e-07 1.424e-02 3.280e-07 7.188e-03
1.109e+01 7.751e-07 1.415e-02 3.250e-07 7.231e-03
1.200e+01 6.619e-07 1.335e-02 2.980e-07 7.645e-03
1.224e+01 6.362e-07 1.316e-02 2.916e-07 7.749e-03
1.300e+01 5.640e-07 1.258e-02 2.730e-07 8.066e-03
1.351e+01 5.224e-07 1.222e-02 2.618e-07 8.272e-03
1.400e+01 4.864e-07 1.190e-02 2.519e-07 8.462e-03
1.491e+01 4.286e-07 1.135e-02 2.354e-07 8.797e-03
1.500e+01 4.235e-07 1.130e-02 2.338e-07 8.829e-03
1.600e+01 3.724e-07 1.076e-02 2.182e-07 9.177e-03
1.646e+01 3.520e-07 1.053e-02 2.117e-07 9.330e-03
1.800e+01 2.942e-07 9.833e-03 1.924e-07 9.816e-03
1.818e+01 2.884e-07 9.758e-03 1.903e-07 9.869e-03
2.000e+01 2.383e-07 9.069e-03 1.720e-07 1.039e-02
