# NICKEL from NIST Database
8.902e+00 0.000e+00 0.000e+00 0.000e+00 0.000e+00
2.800e+01 1.000e+00 3.500e+00 0.000e+00 0.000e+00
0.000e+00 0.000e+00 0.000e+00 0.000e+00 0.000e+00
1.000e-03 5.052e+00 7.812e-03 9.850e+03 0.000e+00
1.008e-03 5.047e+00 7.910e-03 9.651e+03 0.000e+00
1.008e-03 5.047e+00 7.910e-03 1.099e+04 0.000e+00
1.020e-03 5.040e+00 8.055e-03 1.068e+04 0.000e+00
1.126e-03 4.977e+00 9.354e-03 8.425e+03 0.000e+00
1.243e-03 4.910e+00 1.079e-02 6.644e+03 0.000e+00
1.372e-03 4.837e+00 1.237e-02 5.240e+03 0.000e+00
1.500e-03 4.761e+00 1.390e-02 4.230e+03 0.000e+00
1.515e-03 4.752e+00 1.408e-02 4.124e+03 0.000e+00
1.672e-03 4.655e+00 1.592e-02 3.215e+03 0.000e+00
1.846e-03 4.545e+00 1.789e-02 2.503e+03 0.000e+00
2.000e-03 4.447e+00 1.960e-02 2.044e+03 0.000e+00
2.038e-03 4.423e+00 2.001e-02 1.946e+03 0.000e+00
2.250e-03 4.290e+00 2.230e-02 1.501e+03 0.000e+00
2.483e-03 4.146e+00 2.475e-02 1.159e+03 0.000e+00
2.741e-03 3.990e+00 2.741e-02 8.942e+02 0.000e+00
3.000e-03 3.838e+00 3.003e-02 7.056e+02 0.000e+00
3.026e-03 3.823e+00 3.030e-02 6.894e+02 0.000e+00
3.341e-03 3.644e+00 3.344e-02 5.279e+02 0.000e+00
3.688e-03 3.455e+00 3.685e-02 4.044e+02 0.000e+00
4.000e-03 3.293e+00 3.984e-02 3.249e+02 0.000e+00
4.071e-03 3.257e+00 4.052e-02 3.096e+02 0.000e+00
4.494e-03 3.049e+00 4.444e-02 2.362e+02 0.000e+00
4.961e-03 2.836e+00 4.861e-02 1.802e+02 0.000e+00
5.000e-03 2.819e+00 4.895e-02 1.764e+02 0.000e+00
5.477e-03 2.619e+00 5.302e-02 1.371e+02 0.000e+00
6.000e-03 2.417e+00 5.727e-02 1.065e+02 0.000e+00
6.046e-03 2.401e+00 5.763e-02 1.043e+02 0.000e+00
6.675e-03 2.184e+00 6.246e-02 7.905e+01 0.000e+00
7.368e-03 1.976e+00 6.746e-02 5.997e+01 0.000e+00
8.000e-03 1.811e+00 7.172e-02 4.764e+01 0.000e+00
8.134e-03 1.779e+00 7.259e-02 4.546e+01 0.000e+00
8.333e-03 1.733e+00 7.386e-02 4.247e+01 0.000e+00
8.333e-03 1.733e+00 7.386e-02 3.275e+02 0.000e+00
8.979e-03 1.594e+00 7.782e-02 2.721e+02 0.000e+00
9.912e-03 1.420e+00 8.311e-02 2.122e+02 0.000e+00
1.000e-02 1.406e+00 8.359e-02 2.075e+02 0.000e+00
1.094e-02 1.263e+00 8.835e-02 1.643e+02 0.000e+00
1.208e-02 1.121e+00 9.351e-02 1.262e+02 0.000e+00
1.334e-02 9.939e-01 9.851e-02 9.636e+01 0.000e+00
1.472e-02 8.804e-01 1.033e-01 7.356e+01 0.000e+00
1.500e-02 8.601e-01 1.041e-01 6.985e+01 0.000e+00
1.625e-02 7.782e-01 1.078e-01 5.603e+01 0.000e+00
1.794e-02 6.861e-01 1.121e-01 4.263e+01 0.000e+00
1.980e-02 6.028e-01 1.161e-01 3.239e+01 0.000e+00
2.000e-02 5.947e-01 1.165e-01 3.149e+01 0.000e+00
2.186e-02 5.266e-01 1.198e-01 2.451e+01 0.000e+00
2.413e-02 4.578e-01 1.233e-01 1.851e+01 0.000e+00
2.664e-02 3.958e-01 1.265e-01 1.394e+01 0.000e+00
2.941e-02 3.406e-01 1.294e-01 1.047e+01 0.000e+00
3.000e-02 3.303e-01 1.299e-01 9.883e+00 0.000e+00
3.247e-02 2.917e-01 1.318e-01 7.850e+00 0.000e+00
3.584e-02 2.490e-01 1.339e-01 5.880e+00 0.000e+00
3.957e-02 2.119e-01 1.355e-01 4.394e+00 0.000e+00
4.000e-02 2.082e-01 1.356e-01 4.256e+00 0.000e+00
4.368e-02 1.801e-01 1.367e-01 3.280e+00 0.000e+00
4.822e-02 1.529e-01 1.375e-01 2.444e+00 0.000e+00
5.000e-02 1.440e-01 1.377e-01 2.193e+00 0.000e+00
5.323e-02 1.297e-01 1.379e-01 1.817e+00 0.000e+00
5.876e-02 1.099e-01 1.379e-01 1.350e+00 0.000e+00
6.000e-02 1.061e-01 1.378e-01 1.267e+00 0.000e+00
6.486e-02 9.300e-02 1.375e-01 1.002e+00 0.000e+00
7.161e-02 7.853e-02 1.369e-01 7.421e-01 0.000e+00
7.905e-02 6.619e-02 1.359e-01 5.496e-01 0.000e+00
8.000e-02 6.483e-02 1.358e-01 5.300e-01 0.000e+00
8.726e-02 5.567e-02 1.346e-01 4.066e-01 0.000e+00
9.633e-02 4.670e-02 1.330e-01 3.005e-01 0.000e+00
1.000e-01 4.367e-02 1.323e-01 2.680e-01 0.000e+00
1.063e-01 3.911e-02 1.311e-01 2.223e-01 0.000e+00
1.174e-01 3.263e-02 1.289e-01 1.640e-01 0.000e+00
1.296e-01 2.720e-02 1.265e-01 1.211e-01 0.000e+00
1.431e-01 2.262e-02 1.239e-01 8.945e-02 0.000e+00
1.500e-01 2.072e-02 1.226e-01 7.746e-02 0.000e+00
1.579e-01 1.881e-02 1.212e-01 6.622e-02 0.000e+00
1.743e-01 1.562e-02 1.182e-01 4.900e-02 0.000e+00
1.925e-01 1.293e-02 1.151e-01 3.625e-02 0.000e+00
2.000e-01 1.203e-02 1.139e-01 3.229e-02 0.000e+00
2.125e-01 1.071e-02 1.119e-01 2.690e-02 0.000e+00
2.345e-01 8.868e-03 1.086e-01 2.003e-02 0.000e+00
2.589e-01 7.329e-03 1.053e-01 1.493e-02 0.000e+00
2.858e-01 6.054e-03 1.019e-01 1.117e-02 0.000e+00
3.000e-01 5.510e-03 1.002e-01 9.702e-03 0.000e+00
3.155e-01 4.996e-03 9.843e-02 8.389e-03 0.000e+00
3.483e-01 4.120e-03 9.499e-02 6.327e-03 0.000e+00
3.845e-01 3.396e-03 9.157e-02 4.796e-03 0.000e+00
4.000e-01 3.143e-03 9.020e-02 4.299e-03 0.000e+00
4.245e-01 2.797e-03 8.816e-02 3.654e-03 0.000e+00
4.686e-01 2.303e-03 8.478e-02 2.803e-03 0.000e+00
5.000e-01 2.027e-03 8.259e-02 2.365e-03 0.000e+00
5.173e-01 1.895e-03 8.145e-02 2.166e-03 0.000e+00
5.710e-01 1.559e-03 7.817e-02 1.687e-03 0.000e+00
6.000e-01 1.413e-03 7.654e-02 1.491e-03 0.000e+00
6.304e-01 1.281e-03 7.492e-02 1.320e-03 0.000e+00
6.959e-01 1.053e-03 7.173e-02 1.040e-03 0.000e+00
7.682e-01 8.653e-04 6.861e-02 8.301e-04 0.000e+00
8.000e-01 7.983e-04 6.735e-02 7.603e-04 0.000e+00
8.480e-01 7.110e-04 6.557e-02 6.736e-04 0.000e+00
9.361e-01 5.840e-04 6.258e-02 5.486e-04 0.000e+00
1.000e+00 5.120e-04 6.061e-02 4.730e-04 0.000e+00
1.022e+00 4.903e-04 5.996e-02 4.492e-04 0.000e+00
1.033e+00 4.799e-04 5.965e-02 4.383e-04 1.803e-08
1.141e+00 3.936e-04 5.678e-02 3.578e-04 1.578e-05
1.250e+00 3.281e-04 5.423e-02 3.037e-04 7.980e-05
1.259e+00 3.235e-04 5.403e-02 2.999e-04 8.739e-05
1.390e+00 2.655e-04 5.133e-02 2.509e-04 2.339e-04
1.500e+00 2.280e-04 4.930e-02 2.189e-04 4.023e-04
1.535e+00 2.177e-04 4.870e-02 2.101e-04 4.635e-04
1.694e+00 1.788e-04 4.618e-02 1.773e-04 7.804e-04
1.870e+00 1.468e-04 4.372e-02 1.504e-04 1.190e-03
2.000e+00 1.284e-04 4.209e-02 1.348e-04 1.518e-03
2.044e+00 1.229e-04 4.157e-02 1.302e-04 1.631e-03
2.065e+00 1.205e-04 4.132e-02 1.281e-04 1.686e-03
2.279e+00 9.895e-05 3.903e-02 1.098e-04 2.255e-03
2.516e+00 8.119e-05 3.682e-02 9.444e-05 2.897e-03
2.778e+00 6.658e-05 3.471e-02 8.157e-05 3.606e-03
3.000e+00 5.708e-05 3.312e-02 7.301e-05 4.201e-03
3.066e+00 5.465e-05 3.268e-02 7.078e-05 4.374e-03
3.385e+00 4.484e-05 3.073e-02 6.160e-05 5.203e-03
3.737e+00 3.679e-05 2.887e-02 5.380e-05 6.086e-03
4.000e+00 3.212e-05 2.763e-02 4.910e-05 6.722e-03
4.125e+00 3.020e-05 2.709e-02 4.713e-05 7.017e-03
4.554e+00 2.478e-05 2.539e-02 4.140e-05 7.995e-03
5.000e+00 2.055e-05 2.387e-02 3.671e-05 8.961e-03
5.027e+00 2.033e-05 2.378e-02 3.646e-05 9.019e-03
5.549e+00 1.669e-05 2.225e-02 3.219e-05 1.009e-02
6.000e+00 1.427e-05 2.110e-02 2.921e-05 1.096e-02
6.126e+00 1.369e-05 2.080e-02 2.848e-05 1.119e-02
6.762e+00 1.124e-05 1.943e-02 2.525e-05 1.233e-02
7.000e+00 1.049e-05 1.896e-02 2.422e-05 1.275e-02
7.465e+00 9.222e-06 1.813e-02 2.242e-05 1.351e-02
8.000e+00 8.030e-06 1.726e-02 2.066e-05 1.435e-02
8.241e+00 7.568e-06 1.690e-02 1.995e-05 1.472e-02
9.000e+00 6.345e-06 1.586e-02 1.800e-05 1.581e-02
9.097e+00 6.211e-06 1.574e-02 1.778e-05 1.594e-02
1.000e+01 5.140e-06 1.469e-02 1.594e-05 1.713e-02
1.004e+01 5.099e-06 1.465e-02 1.586e-05 1.719e-02
1.100e+01 4.248e-06 1.371e-02 1.429e-05 1.835e-02
1.109e+01 4.179e-06 1.363e-02 1.416e-05 1.845e-02
1.200e+01 3.569e-06 1.286e-02 1.296e-05 1.944e-02
1.224e+01 3.430e-06 1.267e-02 1.267e-05 1.970e-02
1.300e+01 3.041e-06 1.211e-02 1.184e-05 2.046e-02
1.351e+01 2.816e-06 1.177e-02 1.135e-05 2.095e-02
1.400e+01 2.623e-06 1.146e-02 1.091e-05 2.141e-02
1.491e+01 2.312e-06 1.093e-02 1.018e-05 2.223e-02
1.500e+01 2.284e-06 1.088e-02 1.011e-05 2.230e-02
1.600e+01 2.008e-06 1.036e-02 9.416e-06 2.314e-02
1.646e+01 1.898e-06 1.014e-02 9.129e-06 2.351e-02
1.800e+01 1.586e-06 9.468e-03 8.283e-06 2.467e-02
1.818e+01 1.555e-06 9.395e-03 8.194e-06 2.479e-02
2.000e+01 1.285e-06 8.731e-03 7.391e-06 2.602e-02
