# NITROUS OXIDE from NIST Database
1.831e-03 0.000e+00 0.000e+00 0.000e+00 0.000e+00
7.000e+00 4.544e-02 3.500e+00 0.000e+00 0.000e+00
8.000e+00 2.272e-02 3.500e+00 0.000e+00 0.000e+00
0.000e+00 0.000e+00 0.000e+00 0.000e+00 0.000e+00
1.000e-03 1.368e+00 1.010e-02 3.775e+03 0.000e+00
1.020e-03 1.363e+00 1.047e-02 3.578e+03 0.000e+00
1.126e-03 1.339e+00 1.251e-02 2.740e+03 0.000e+00
1.243e-03 1.313e+00 1.492e-02 2.095e+03 0.000e+00
1.372e-03 1.284e+00 1.773e-02 1.600e+03 0.000e+00
1.500e-03 1.254e+00 2.065e-02 1.251e+03 0.000e+00
1.515e-03 1.250e+00 2.100e-02 1.217e+03 0.000e+00
1.672e-03 1.211e+00 2.471e-02 9.233e+02 0.000e+00
1.846e-03 1.166e+00 2.892e-02 6.977e+02 0.000e+00
2.000e-03 1.125e+00 3.269e-02 5.551e+02 0.000e+00
2.038e-03 1.115e+00 3.362e-02 5.260e+02 0.000e+00
2.250e-03 1.059e+00 3.883e-02 3.956e+02 0.000e+00
2.483e-03 9.986e-01 4.451e-02 2.972e+02 0.000e+00
2.741e-03 9.347e-01 5.065e-02 2.226e+02 0.000e+00
3.000e-03 8.736e-01 5.659e-02 1.707e+02 0.000e+00
3.026e-03 8.677e-01 5.717e-02 1.664e+02 0.000e+00
3.341e-03 7.988e-01 6.401e-02 1.240e+02 0.000e+00
3.688e-03 7.297e-01 7.103e-02 9.233e+01 0.000e+00
4.000e-03 6.736e-01 7.687e-02 7.235e+01 0.000e+00
4.071e-03 6.616e-01 7.813e-02 6.862e+01 0.000e+00
4.494e-03 5.957e-01 8.521e-02 5.090e+01 0.000e+00
4.961e-03 5.332e-01 9.213e-02 3.770e+01 0.000e+00
5.000e-03 5.284e-01 9.267e-02 3.681e+01 0.000e+00
5.477e-03 4.749e-01 9.882e-02 2.786e+01 0.000e+00
6.000e-03 4.253e-01 1.047e-01 2.105e+01 0.000e+00
6.046e-03 4.213e-01 1.052e-01 2.056e+01 0.000e+00
6.675e-03 3.727e-01 1.112e-01 1.514e+01 0.000e+00
7.368e-03 3.290e-01 1.168e-01 1.114e+01 0.000e+00
8.000e-03 2.962e-01 1.212e-01 8.621e+00 0.000e+00
8.134e-03 2.900e-01 1.220e-01 8.185e+00 0.000e+00
8.979e-03 2.555e-01 1.268e-01 6.006e+00 0.000e+00
9.912e-03 2.250e-01 1.313e-01 4.400e+00 0.000e+00
1.000e-02 2.225e-01 1.317e-01 4.279e+00 0.000e+00
1.094e-02 1.981e-01 1.355e-01 3.220e+00 0.000e+00
1.208e-02 1.743e-01 1.395e-01 2.350e+00 0.000e+00
1.334e-02 1.530e-01 1.432e-01 1.713e+00 0.000e+00
1.472e-02 1.342e-01 1.466e-01 1.249e+00 0.000e+00
1.500e-02 1.308e-01 1.473e-01 1.176e+00 0.000e+00
1.625e-02 1.172e-01 1.498e-01 9.093e-01 0.000e+00
1.794e-02 1.020e-01 1.528e-01 6.610e-01 0.000e+00
1.980e-02 8.842e-02 1.555e-01 4.804e-01 0.000e+00
2.000e-02 8.712e-02 1.557e-01 4.650e-01 0.000e+00
2.186e-02 7.623e-02 1.578e-01 3.484e-01 0.000e+00
2.413e-02 6.542e-02 1.598e-01 2.525e-01 0.000e+00
2.664e-02 5.588e-02 1.613e-01 1.828e-01 0.000e+00
2.941e-02 4.754e-02 1.625e-01 1.322e-01 0.000e+00
3.000e-02 4.600e-02 1.626e-01 1.239e-01 0.000e+00
3.247e-02 4.028e-02 1.632e-01 9.557e-02 0.000e+00
3.584e-02 3.404e-02 1.635e-01 6.908e-02 0.000e+00
3.957e-02 2.867e-02 1.634e-01 4.986e-02 0.000e+00
4.000e-02 2.813e-02 1.633e-01 4.811e-02 0.000e+00
4.368e-02 2.410e-02 1.629e-01 3.599e-02 0.000e+00
4.822e-02 2.021e-02 1.620e-01 2.596e-02 0.000e+00
5.000e-02 1.894e-02 1.616e-01 2.303e-02 0.000e+00
5.323e-02 1.691e-02 1.607e-01 1.872e-02 0.000e+00
5.876e-02 1.413e-02 1.592e-01 1.349e-02 0.000e+00
6.000e-02 1.360e-02 1.588e-01 1.259e-02 0.000e+00
6.486e-02 1.178e-02 1.573e-01 9.728e-03 0.000e+00
7.161e-02 9.806e-03 1.552e-01 7.008e-03 0.000e+00
7.905e-02 8.147e-03 1.528e-01 5.052e-03 0.000e+00
8.000e-02 7.966e-03 1.525e-01 4.856e-03 0.000e+00
8.726e-02 6.759e-03 1.502e-01 3.642e-03 0.000e+00
9.633e-02 5.598e-03 1.473e-01 2.626e-03 0.000e+00
1.000e-01 5.212e-03 1.462e-01 2.320e-03 0.000e+00
1.063e-01 4.635e-03 1.443e-01 1.896e-03 0.000e+00
1.174e-01 3.827e-03 1.411e-01 1.367e-03 0.000e+00
1.296e-01 3.159e-03 1.378e-01 9.875e-04 0.000e+00
1.431e-01 2.604e-03 1.343e-01 7.138e-04 0.000e+00
1.500e-01 2.375e-03 1.326e-01 6.122e-04 0.000e+00
1.579e-01 2.147e-03 1.307e-01 5.180e-04 0.000e+00
1.743e-01 1.768e-03 1.271e-01 3.761e-04 0.000e+00
1.925e-01 1.454e-03 1.233e-01 2.732e-04 0.000e+00
2.000e-01 1.348e-03 1.218e-01 2.418e-04 0.000e+00
2.125e-01 1.196e-03 1.195e-01 1.993e-04 0.000e+00
2.345e-01 9.841e-04 1.157e-01 1.460e-04 0.000e+00
2.589e-01 8.088e-04 1.119e-01 1.071e-04 0.000e+00
2.858e-01 6.646e-04 1.081e-01 7.900e-05 0.000e+00
3.000e-01 6.035e-04 1.062e-01 6.815e-05 0.000e+00
3.155e-01 5.460e-04 1.043e-01 5.854e-05 0.000e+00
3.483e-01 4.484e-04 1.005e-01 4.360e-05 0.000e+00
3.845e-01 3.682e-04 9.672e-02 3.266e-05 0.000e+00
4.000e-01 3.403e-04 9.523e-02 2.915e-05 0.000e+00
4.245e-01 3.023e-04 9.301e-02 2.462e-05 0.000e+00
4.686e-01 2.482e-04 8.936e-02 1.870e-05 0.000e+00
5.000e-01 2.180e-04 8.699e-02 1.570e-05 0.000e+00
5.173e-01 2.037e-04 8.576e-02 1.436e-05 0.000e+00
5.710e-01 1.673e-04 8.224e-02 1.111e-05 0.000e+00
6.000e-01 1.515e-04 8.050e-02 9.779e-06 0.000e+00
6.304e-01 1.373e-04 7.878e-02 8.600e-06 0.000e+00
6.959e-01 1.127e-04 7.540e-02 6.694e-06 0.000e+00
7.682e-01 9.250e-05 7.208e-02 5.346e-06 0.000e+00
8.000e-01 8.528e-05 7.074e-02 4.935e-06 0.000e+00
8.480e-01 7.589e-05 6.882e-02 4.453e-06 0.000e+00
9.361e-01 6.227e-05 6.565e-02 3.680e-06 0.000e+00
1.000e+00 5.459e-05 6.361e-02 3.067e-06 0.000e+00
1.022e+00 5.228e-05 6.295e-02 2.852e-06 0.000e+00
1.033e+00 5.118e-05 6.263e-02 2.758e-06 3.476e-09
1.141e+00 4.196e-05 5.962e-02 2.215e-06 3.297e-06
1.250e+00 3.496e-05 5.689e-02 1.936e-06 1.782e-05
1.259e+00 3.446e-05 5.668e-02 1.915e-06 1.960e-05
1.390e+00 2.826e-05 5.382e-02 1.616e-06 5.551e-05
1.500e+00 2.427e-05 5.169e-02 1.405e-06 9.857e-05
1.535e+00 2.318e-05 5.106e-02 1.349e-06 1.144e-04
1.694e+00 1.904e-05 4.844e-02 1.144e-06 1.973e-04
1.870e+00 1.563e-05 4.586e-02 9.800e-07 3.052e-04
2.000e+00 1.366e-05 4.413e-02 8.846e-07 3.923e-04
2.044e+00 1.307e-05 4.357e-02 8.559e-07 4.229e-04
2.065e+00 1.281e-05 4.330e-02 8.427e-07 4.376e-04
2.279e+00 1.051e-05 4.087e-02 7.279e-07 5.916e-04
2.516e+00 8.623e-06 3.857e-02 6.313e-07 7.679e-04
2.778e+00 7.075e-06 3.637e-02 5.495e-07 9.658e-04
3.000e+00 6.068e-06 3.472e-02 4.948e-07 1.134e-03
3.066e+00 5.810e-06 3.426e-02 4.805e-07 1.184e-03
3.385e+00 4.768e-06 3.221e-02 4.213e-07 1.424e-03
3.737e+00 3.912e-06 3.025e-02 3.706e-07 1.682e-03
4.000e+00 3.415e-06 2.896e-02 3.398e-07 1.870e-03
4.125e+00 3.211e-06 2.839e-02 3.269e-07 1.957e-03
4.554e+00 2.634e-06 2.661e-02 2.890e-07 2.249e-03
5.000e+00 2.185e-06 2.501e-02 2.578e-07 2.541e-03
5.027e+00 2.162e-06 2.492e-02 2.561e-07 2.558e-03
5.549e+00 1.774e-06 2.331e-02 2.274e-07 2.885e-03
6.000e+00 1.517e-06 2.210e-02 2.073e-07 3.153e-03
6.126e+00 1.456e-06 2.179e-02 2.023e-07 3.226e-03
6.762e+00 1.195e-06 2.035e-02 1.803e-07 3.578e-03
7.000e+00 1.115e-06 1.987e-02 1.732e-07 3.704e-03
7.465e+00 9.803e-07 1.899e-02 1.609e-07 3.942e-03
8.000e+00 8.537e-07 1.808e-02 1.487e-07 4.204e-03
8.241e+00 8.045e-07 1.770e-02 1.438e-07 4.318e-03
9.000e+00 6.746e-07 1.662e-02 1.302e-07 4.661e-03
9.097e+00 6.602e-07 1.649e-02 1.286e-07 4.703e-03
1.000e+01 5.463e-07 1.540e-02 1.158e-07 5.077e-03
1.004e+01 5.420e-07 1.536e-02 1.152e-07 5.093e-03
1.100e+01 4.514e-07 1.436e-02 1.042e-07 5.460e-03
1.109e+01 4.441e-07 1.428e-02 1.033e-07 5.491e-03
1.200e+01 3.793e-07 1.347e-02 9.474e-08 5.809e-03
1.224e+01 3.646e-07 1.327e-02 9.272e-08 5.889e-03
1.300e+01 3.233e-07 1.269e-02 8.684e-08 6.138e-03
1.351e+01 2.993e-07 1.233e-02 8.329e-08 6.296e-03
1.400e+01 2.787e-07 1.201e-02 8.014e-08 6.443e-03
1.491e+01 2.457e-07 1.145e-02 7.489e-08 6.705e-03
1.500e+01 2.428e-07 1.140e-02 7.441e-08 6.731e-03
1.600e+01 2.134e-07 1.085e-02 6.945e-08 7.000e-03
1.646e+01 2.016e-07 1.062e-02 6.738e-08 7.118e-03
1.800e+01 1.686e-07 9.920e-03 6.126e-08 7.494e-03
1.818e+01 1.653e-07 9.844e-03 6.061e-08 7.535e-03
2.000e+01 1.366e-07 9.147e-03 5.480e-08 7.936e-03
