# NITROBENZENE from NIST Database
1.199e+00 0.000e+00 0.000e+00 0.000e+00 0.000e+00
1.000e+00 4.061e-02 3.500e+00 0.000e+00 0.000e+00
6.000e+00 4.874e-02 3.500e+00 0.000e+00 0.000e+00
7.000e+00 8.123e-03 3.500e+00 0.000e+00 0.000e+00
8.000e+00 1.624e-02 3.500e+00 0.000e+00 0.000e+00
0.000e+00 0.000e+00 0.000e+00 0.000e+00 0.000e+00
1.000e-03 1.183e+00 1.292e-02 2.863e+03 0.000e+00
1.020e-03 1.178e+00 1.338e-02 2.712e+03 0.000e+00
1.126e-03 1.154e+00 1.590e-02 2.069e+03 0.000e+00
1.243e-03 1.128e+00 1.887e-02 1.576e+03 0.000e+00
1.372e-03 1.099e+00 2.232e-02 1.199e+03 0.000e+00
1.500e-03 1.069e+00 2.585e-02 9.347e+02 0.000e+00
1.515e-03 1.065e+00 2.627e-02 9.089e+02 0.000e+00
1.672e-03 1.027e+00 3.070e-02 6.875e+02 0.000e+00
1.846e-03 9.830e-01 3.566e-02 5.179e+02 0.000e+00
2.000e-03 9.443e-01 4.006e-02 4.111e+02 0.000e+00
2.038e-03 9.349e-01 4.114e-02 3.893e+02 0.000e+00
2.250e-03 8.828e-01 4.711e-02 2.920e+02 0.000e+00
2.483e-03 8.280e-01 5.353e-02 2.188e+02 0.000e+00
2.741e-03 7.706e-01 6.037e-02 1.635e+02 0.000e+00
3.000e-03 7.170e-01 6.689e-02 1.251e+02 0.000e+00
3.026e-03 7.118e-01 6.753e-02 1.219e+02 0.000e+00
3.341e-03 6.524e-01 7.491e-02 9.070e+01 0.000e+00
3.688e-03 5.939e-01 8.236e-02 6.739e+01 0.000e+00
4.000e-03 5.471e-01 8.847e-02 5.273e+01 0.000e+00
4.071e-03 5.372e-01 8.978e-02 4.999e+01 0.000e+00
4.494e-03 4.831e-01 9.702e-02 3.701e+01 0.000e+00
4.961e-03 4.325e-01 1.040e-01 2.735e+01 0.000e+00
5.000e-03 4.287e-01 1.045e-01 2.670e+01 0.000e+00
5.477e-03 3.858e-01 1.106e-01 2.017e+01 0.000e+00
6.000e-03 3.463e-01 1.164e-01 1.522e+01 0.000e+00
6.046e-03 3.432e-01 1.168e-01 1.486e+01 0.000e+00
6.675e-03 3.047e-01 1.226e-01 1.093e+01 0.000e+00
7.368e-03 2.702e-01 1.280e-01 8.027e+00 0.000e+00
8.000e-03 2.443e-01 1.323e-01 6.201e+00 0.000e+00
8.134e-03 2.394e-01 1.331e-01 5.886e+00 0.000e+00
8.979e-03 2.121e-01 1.378e-01 4.311e+00 0.000e+00
9.912e-03 1.877e-01 1.422e-01 3.152e+00 0.000e+00
1.000e-02 1.856e-01 1.426e-01 3.065e+00 0.000e+00
1.094e-02 1.659e-01 1.464e-01 2.304e+00 0.000e+00
1.208e-02 1.464e-01 1.503e-01 1.679e+00 0.000e+00
1.334e-02 1.287e-01 1.540e-01 1.222e+00 0.000e+00
1.472e-02 1.130e-01 1.574e-01 8.902e-01 0.000e+00
1.500e-02 1.101e-01 1.580e-01 8.378e-01 0.000e+00
1.625e-02 9.863e-02 1.605e-01 6.470e-01 0.000e+00
1.794e-02 8.571e-02 1.634e-01 4.696e-01 0.000e+00
1.980e-02 7.415e-02 1.659e-01 3.409e-01 0.000e+00
2.000e-02 7.304e-02 1.661e-01 3.299e-01 0.000e+00
2.186e-02 6.379e-02 1.680e-01 2.469e-01 0.000e+00
2.413e-02 5.464e-02 1.697e-01 1.788e-01 0.000e+00
2.664e-02 4.658e-02 1.709e-01 1.293e-01 0.000e+00
2.941e-02 3.956e-02 1.717e-01 9.345e-02 0.000e+00
3.000e-02 3.827e-02 1.719e-01 8.754e-02 0.000e+00
3.247e-02 3.348e-02 1.722e-01 6.747e-02 0.000e+00
3.584e-02 2.826e-02 1.721e-01 4.873e-02 0.000e+00
3.957e-02 2.378e-02 1.717e-01 3.514e-02 0.000e+00
4.000e-02 2.334e-02 1.717e-01 3.391e-02 0.000e+00
4.368e-02 1.997e-02 1.710e-01 2.534e-02 0.000e+00
4.822e-02 1.674e-02 1.698e-01 1.827e-02 0.000e+00
5.000e-02 1.568e-02 1.693e-01 1.620e-02 0.000e+00
5.323e-02 1.399e-02 1.683e-01 1.316e-02 0.000e+00
5.876e-02 1.168e-02 1.666e-01 9.482e-03 0.000e+00
6.000e-02 1.124e-02 1.661e-01 8.847e-03 0.000e+00
6.486e-02 9.731e-03 1.645e-01 6.831e-03 0.000e+00
7.161e-02 8.090e-03 1.621e-01 4.918e-03 0.000e+00
7.905e-02 6.716e-03 1.595e-01 3.542e-03 0.000e+00
8.000e-02 6.566e-03 1.592e-01 3.404e-03 0.000e+00
8.726e-02 5.567e-03 1.567e-01 2.552e-03 0.000e+00
9.633e-02 4.607e-03 1.537e-01 1.839e-03 0.000e+00
1.000e-01 4.287e-03 1.525e-01 1.625e-03 0.000e+00
1.063e-01 3.811e-03 1.505e-01 1.328e-03 0.000e+00
1.174e-01 3.144e-03 1.470e-01 9.567e-04 0.000e+00
1.296e-01 2.594e-03 1.435e-01 6.911e-04 0.000e+00
1.431e-01 2.137e-03 1.399e-01 4.995e-04 0.000e+00
1.500e-01 1.949e-03 1.381e-01 4.282e-04 0.000e+00
1.579e-01 1.762e-03 1.361e-01 3.623e-04 0.000e+00
1.743e-01 1.450e-03 1.323e-01 2.629e-04 0.000e+00
1.925e-01 1.192e-03 1.283e-01 1.909e-04 0.000e+00
2.000e-01 1.105e-03 1.268e-01 1.688e-04 0.000e+00
2.125e-01 9.803e-04 1.244e-01 1.391e-04 0.000e+00
2.345e-01 8.065e-04 1.204e-01 1.019e-04 0.000e+00
2.589e-01 6.626e-04 1.164e-01 7.475e-05 0.000e+00
2.858e-01 5.445e-04 1.124e-01 5.511e-05 0.000e+00
3.000e-01 4.944e-04 1.105e-01 4.754e-05 0.000e+00
3.155e-01 4.472e-04 1.085e-01 4.083e-05 0.000e+00
3.483e-01 3.673e-04 1.045e-01 3.040e-05 0.000e+00
3.845e-01 3.016e-04 1.006e-01 2.277e-05 0.000e+00
4.000e-01 2.787e-04 9.907e-02 2.032e-05 0.000e+00
4.245e-01 2.476e-04 9.676e-02 1.716e-05 0.000e+00
4.686e-01 2.033e-04 9.297e-02 1.304e-05 0.000e+00
5.000e-01 1.786e-04 9.051e-02 1.094e-05 0.000e+00
5.173e-01 1.669e-04 8.923e-02 1.001e-05 0.000e+00
5.710e-01 1.370e-04 8.555e-02 7.745e-06 0.000e+00
6.000e-01 1.241e-04 8.373e-02 6.812e-06 0.000e+00
6.304e-01 1.124e-04 8.194e-02 5.988e-06 0.000e+00
6.959e-01 9.227e-05 7.842e-02 4.656e-06 0.000e+00
7.682e-01 7.573e-05 7.497e-02 3.720e-06 0.000e+00
8.000e-01 6.983e-05 7.357e-02 3.437e-06 0.000e+00
8.480e-01 6.215e-05 7.158e-02 3.108e-06 0.000e+00
9.361e-01 5.100e-05 6.829e-02 2.573e-06 0.000e+00
1.000e+00 4.470e-05 6.616e-02 2.137e-06 0.000e+00
1.022e+00 4.280e-05 6.548e-02 1.982e-06 0.000e+00
1.033e+00 4.190e-05 6.514e-02 1.915e-06 3.031e-09
1.141e+00 3.435e-05 6.200e-02 1.535e-06 2.880e-06
1.250e+00 2.862e-05 5.917e-02 1.346e-06 1.558e-05
1.259e+00 2.821e-05 5.895e-02 1.331e-06 1.715e-05
1.390e+00 2.314e-05 5.599e-02 1.124e-06 4.861e-05
1.500e+00 1.987e-05 5.378e-02 9.769e-07 8.639e-05
1.535e+00 1.898e-05 5.313e-02 9.377e-07 1.003e-04
1.694e+00 1.559e-05 5.037e-02 7.953e-07 1.730e-04
1.870e+00 1.279e-05 4.768e-02 6.816e-07 2.677e-04
2.000e+00 1.118e-05 4.589e-02 6.154e-07 3.442e-04
2.044e+00 1.070e-05 4.532e-02 5.953e-07 3.710e-04
2.065e+00 1.049e-05 4.506e-02 5.862e-07 3.839e-04
2.279e+00 8.606e-06 4.255e-02 5.064e-07 5.192e-04
2.516e+00 7.062e-06 4.014e-02 4.392e-07 6.743e-04
2.778e+00 5.794e-06 3.783e-02 3.825e-07 8.489e-04
3.000e+00 4.969e-06 3.611e-02 3.444e-07 9.975e-04
3.066e+00 4.758e-06 3.563e-02 3.345e-07 1.042e-03
3.385e+00 3.903e-06 3.350e-02 2.934e-07 1.253e-03
3.737e+00 3.203e-06 3.146e-02 2.581e-07 1.483e-03
4.000e+00 2.795e-06 3.012e-02 2.367e-07 1.650e-03
4.125e+00 2.628e-06 2.952e-02 2.277e-07 1.728e-03
4.554e+00 2.156e-06 2.767e-02 2.013e-07 1.988e-03
5.000e+00 1.789e-06 2.601e-02 1.796e-07 2.248e-03
5.027e+00 1.770e-06 2.592e-02 1.784e-07 2.263e-03
5.549e+00 1.452e-06 2.425e-02 1.585e-07 2.554e-03
6.000e+00 1.242e-06 2.299e-02 1.445e-07 2.794e-03
6.126e+00 1.192e-06 2.266e-02 1.410e-07 2.859e-03
6.762e+00 9.780e-07 2.117e-02 1.257e-07 3.175e-03
7.000e+00 9.126e-07 2.066e-02 1.207e-07 3.287e-03
7.465e+00 8.025e-07 1.975e-02 1.121e-07 3.500e-03
8.000e+00 6.989e-07 1.880e-02 1.036e-07 3.735e-03
8.241e+00 6.586e-07 1.841e-02 1.002e-07 3.837e-03
9.000e+00 5.522e-07 1.729e-02 9.077e-08 4.145e-03
9.097e+00 5.405e-07 1.715e-02 8.969e-08 4.183e-03
1.000e+01 4.472e-07 1.601e-02 8.073e-08 4.519e-03
1.004e+01 4.437e-07 1.597e-02 8.037e-08 4.533e-03
1.100e+01 3.696e-07 1.494e-02 7.267e-08 4.861e-03
1.109e+01 3.636e-07 1.485e-02 7.202e-08 4.892e-03
1.200e+01 3.106e-07 1.401e-02 6.606e-08 5.177e-03
1.224e+01 2.985e-07 1.380e-02 6.465e-08 5.249e-03
1.300e+01 2.647e-07 1.320e-02 6.056e-08 5.473e-03
1.351e+01 2.450e-07 1.282e-02 5.808e-08 5.615e-03
1.400e+01 2.282e-07 1.249e-02 5.589e-08 5.747e-03
1.491e+01 2.012e-07 1.191e-02 5.223e-08 5.981e-03
1.500e+01 1.988e-07 1.185e-02 5.190e-08 6.004e-03
1.600e+01 1.747e-07 1.129e-02 4.844e-08 6.248e-03
1.646e+01 1.651e-07 1.105e-02 4.699e-08 6.356e-03
1.800e+01 1.380e-07 1.032e-02 4.273e-08 6.694e-03
1.818e+01 1.353e-07 1.024e-02 4.228e-08 6.731e-03
2.000e+01 1.118e-07 9.512e-03 3.822e-08 7.094e-03
