# NEPTUNIUM from NIST Database
2.025e+01 0.000e+00 0.000e+00 0.000e+00 0.000e+00
9.300e+01 1.000e+00 3.500e+00 0.000e+00 0.000e+00
0.000e+00 0.000e+00 0.000e+00 0.000e+00 0.000e+00
1.000e-03 1.394e+01 4.519e-03 6.938e+03 0.000e+00
1.020e-03 1.391e+01 4.642e-03 6.697e+03 0.000e+00
1.087e-03 1.383e+01 5.045e-03 5.983e+03 0.000e+00
1.087e-03 1.383e+01 5.045e-03 6.366e+03 0.000e+00
1.126e-03 1.379e+01 5.271e-03 5.956e+03 0.000e+00
1.243e-03 1.367e+01 5.931e-03 4.946e+03 0.000e+00
1.328e-03 1.354e+01 6.450e-03 4.370e+03 0.000e+00
1.328e-03 1.354e+01 6.450e-03 4.428e+03 0.000e+00
1.372e-03 1.346e+01 6.748e-03 4.149e+03 0.000e+00
1.500e-03 1.331e+01 7.469e-03 3.475e+03 0.000e+00
1.501e-03 1.331e+01 7.472e-03 3.473e+03 0.000e+00
1.501e-03 1.331e+01 7.472e-03 3.539e+03 0.000e+00
1.515e-03 1.331e+01 7.525e-03 3.470e+03 0.000e+00
1.672e-03 1.318e+01 8.287e-03 2.827e+03 0.000e+00
1.846e-03 1.291e+01 9.366e-03 2.302e+03 0.000e+00
2.000e-03 1.265e+01 1.038e-02 1.949e+03 0.000e+00
2.038e-03 1.259e+01 1.063e-02 1.870e+03 0.000e+00
2.250e-03 1.228e+01 1.192e-02 1.504e+03 0.000e+00
2.483e-03 1.198e+01 1.325e-02 1.210e+03 0.000e+00
2.741e-03 1.166e+01 1.465e-02 9.733e+02 0.000e+00
3.000e-03 1.134e+01 1.603e-02 7.977e+02 0.000e+00
3.026e-03 1.131e+01 1.617e-02 7.821e+02 0.000e+00
3.341e-03 1.092e+01 1.786e-02 6.235e+02 0.000e+00
3.666e-03 1.053e+01 1.957e-02 5.043e+02 0.000e+00
3.666e-03 1.053e+01 1.957e-02 1.205e+03 0.000e+00
3.688e-03 1.050e+01 1.968e-02 1.187e+03 0.000e+00
3.850e-03 1.031e+01 2.051e-02 1.067e+03 0.000e+00
3.850e-03 1.031e+01 2.051e-02 1.512e+03 0.000e+00
4.000e-03 1.014e+01 2.126e-02 1.380e+03 0.000e+00
4.071e-03 1.006e+01 2.162e-02 1.321e+03 0.000e+00
4.435e-03 9.666e+00 2.340e-02 1.070e+03 0.000e+00
4.435e-03 9.666e+00 2.340e-02 1.246e+03 0.000e+00
4.494e-03 9.604e+00 2.368e-02 1.206e+03 0.000e+00
4.961e-03 9.131e+00 2.584e-02 9.415e+02 0.000e+00
5.000e-03 9.092e+00 2.601e-02 9.232e+02 0.000e+00
5.366e-03 8.744e+00 2.764e-02 7.708e+02 0.000e+00
5.366e-03 8.744e+00 2.764e-02 8.180e+02 0.000e+00
5.477e-03 8.644e+00 2.811e-02 7.776e+02 0.000e+00
5.723e-03 8.427e+00 2.914e-02 6.974e+02 0.000e+00
5.723e-03 8.427e+00 2.914e-02 7.271e+02 0.000e+00
6.000e-03 8.190e+00 3.028e-02 6.486e+02 0.000e+00
6.046e-03 8.152e+00 3.047e-02 6.364e+02 0.000e+00
6.675e-03 7.655e+00 3.295e-02 4.981e+02 0.000e+00
7.368e-03 7.160e+00 3.553e-02 3.900e+02 0.000e+00
8.000e-03 6.747e+00 3.778e-02 3.181e+02 0.000e+00
8.134e-03 6.664e+00 3.824e-02 3.051e+02 0.000e+00
8.979e-03 6.174e+00 4.110e-02 2.381e+02 0.000e+00
9.912e-03 5.692e+00 4.411e-02 1.858e+02 0.000e+00
1.000e-02 5.650e+00 4.438e-02 1.817e+02 0.000e+00
1.094e-02 5.226e+00 4.723e-02 1.445e+02 0.000e+00
1.208e-02 4.773e+00 5.047e-02 1.121e+02 0.000e+00
1.334e-02 4.336e+00 5.377e-02 8.701e+01 0.000e+00
1.472e-02 3.921e+00 5.704e-02 6.766e+01 0.000e+00
1.500e-02 3.844e+00 5.767e-02 6.448e+01 0.000e+00
1.625e-02 3.524e+00 6.030e-02 5.242e+01 0.000e+00
1.761e-02 3.219e+00 6.293e-02 4.258e+01 0.000e+00
1.761e-02 3.219e+00 6.293e-02 1.014e+02 0.000e+00
1.794e-02 3.151e+00 6.354e-02 9.636e+01 0.000e+00
1.980e-02 2.805e+00 6.675e-02 7.361e+01 0.000e+00
2.000e-02 2.772e+00 6.707e-02 7.162e+01 0.000e+00
2.160e-02 2.522e+00 6.951e-02 5.823e+01 0.000e+00
2.160e-02 2.522e+00 6.951e-02 8.295e+01 0.000e+00
2.186e-02 2.485e+00 6.989e-02 8.039e+01 0.000e+00
2.243e-02 2.407e+00 7.070e-02 7.515e+01 0.000e+00
2.243e-02 2.407e+00 7.070e-02 8.671e+01 0.000e+00
2.413e-02 2.191e+00 7.297e-02 7.201e+01 0.000e+00
2.664e-02 1.921e+00 7.591e-02 5.601e+01 0.000e+00
2.941e-02 1.679e+00 7.873e-02 4.358e+01 0.000e+00
3.000e-02 1.635e+00 7.929e-02 4.144e+01 0.000e+00
3.247e-02 1.467e+00 8.147e-02 3.372e+01 0.000e+00
3.584e-02 1.281e+00 8.410e-02 2.607e+01 0.000e+00
3.957e-02 1.116e+00 8.658e-02 2.015e+01 0.000e+00
4.000e-02 1.099e+00 8.683e-02 1.959e+01 0.000e+00
4.368e-02 9.687e-01 8.883e-02 1.553e+01 0.000e+00
4.822e-02 8.376e-01 9.084e-02 1.197e+01 0.000e+00
5.000e-02 7.931e-01 9.151e-02 1.088e+01 0.000e+00
5.323e-02 7.207e-01 9.257e-02 9.206e+00 0.000e+00
5.876e-02 6.174e-01 9.399e-02 7.077e+00 0.000e+00
6.000e-02 5.973e-01 9.425e-02 6.694e+00 0.000e+00
6.486e-02 5.273e-01 9.510e-02 5.432e+00 0.000e+00
7.161e-02 4.493e-01 9.590e-02 4.165e+00 0.000e+00
7.905e-02 3.826e-01 9.640e-02 3.195e+00 0.000e+00
8.000e-02 3.752e-01 9.644e-02 3.094e+00 0.000e+00
8.726e-02 3.257e-01 9.660e-02 2.449e+00 0.000e+00
9.633e-02 2.770e-01 9.651e-02 1.876e+00 0.000e+00
1.000e-01 2.604e-01 9.641e-02 1.696e+00 0.000e+00
1.063e-01 2.352e-01 9.616e-02 1.438e+00 0.000e+00
1.174e-01 1.989e-01 9.553e-02 1.100e+00 0.000e+00
1.187e-01 1.953e-01 9.545e-02 1.069e+00 0.000e+00
1.187e-01 1.953e-01 9.545e-02 4.479e+00 0.000e+00
1.296e-01 1.680e-01 9.463e-02 3.583e+00 0.000e+00
1.431e-01 1.416e-01 9.348e-02 2.787e+00 0.000e+00
1.500e-01 1.304e-01 9.285e-02 2.472e+00 0.000e+00
1.579e-01 1.191e-01 9.212e-02 2.169e+00 0.000e+00
1.743e-01 9.995e-02 9.054e-02 1.686e+00 0.000e+00
1.925e-01 8.367e-02 8.878e-02 1.308e+00 0.000e+00
2.000e-01 7.812e-02 8.805e-02 1.186e+00 0.000e+00
2.125e-01 7.005e-02 8.686e-02 1.016e+00 0.000e+00
2.345e-01 5.866e-02 8.480e-02 7.904e-01 0.000e+00
2.589e-01 4.905e-02 8.261e-02 6.148e-01 0.000e+00
2.858e-01 4.099e-02 8.033e-02 4.793e-01 0.000e+00
3.000e-01 3.752e-02 7.919e-02 4.245e-01 0.000e+00
3.155e-01 3.422e-02 7.798e-02 3.745e-01 0.000e+00
3.483e-01 2.854e-02 7.557e-02 2.935e-01 0.000e+00
3.845e-01 2.377e-02 7.312e-02 2.308e-01 0.000e+00
4.000e-01 2.209e-02 7.212e-02 2.099e-01 0.000e+00
4.245e-01 1.977e-02 7.062e-02 1.821e-01 0.000e+00
4.686e-01 1.643e-02 6.812e-02 1.444e-01 0.000e+00
5.000e-01 1.454e-02 6.648e-02 1.242e-01 0.000e+00
5.173e-01 1.364e-02 6.563e-02 1.149e-01 0.000e+00
5.710e-01 1.131e-02 6.315e-02 9.182e-02 0.000e+00
6.000e-01 1.029e-02 6.191e-02 8.221e-02 0.000e+00
6.304e-01 9.368e-03 6.067e-02 7.371e-02 0.000e+00
6.959e-01 7.754e-03 5.821e-02 5.946e-02 0.000e+00
7.682e-01 6.414e-03 5.577e-02 4.815e-02 0.000e+00
8.000e-01 5.932e-03 5.477e-02 4.420e-02 0.000e+00
8.480e-01 5.302e-03 5.336e-02 3.913e-02 0.000e+00
9.361e-01 4.379e-03 5.099e-02 3.194e-02 0.000e+00
1.000e+00 3.851e-03 4.944e-02 2.800e-02 0.000e+00
1.022e+00 3.691e-03 4.893e-02 2.683e-02 0.000e+00
1.033e+00 3.615e-03 4.868e-02 2.627e-02 9.365e-08
1.141e+00 2.979e-03 4.639e-02 2.163e-02 8.728e-05
1.250e+00 2.493e-03 4.433e-02 1.813e-02 4.596e-04
1.259e+00 2.459e-03 4.417e-02 1.788e-02 5.043e-04
1.390e+00 2.026e-03 4.201e-02 1.483e-02 1.358e-03
1.500e+00 1.745e-03 4.037e-02 1.289e-02 2.277e-03
1.535e+00 1.667e-03 3.987e-02 1.236e-02 2.587e-03
1.694e+00 1.373e-03 3.780e-02 1.037e-02 4.020e-03
1.870e+00 1.130e-03 3.579e-02 8.734e-03 5.555e-03
2.000e+00 9.898e-04 3.450e-02 7.787e-03 6.651e-03
2.044e+00 9.481e-04 3.409e-02 7.505e-03 7.019e-03
2.065e+00 9.292e-04 3.390e-02 7.376e-03 7.193e-03
2.279e+00 7.645e-04 3.207e-02 6.262e-03 8.895e-03
2.516e+00 6.285e-04 3.026e-02 5.337e-03 1.063e-02
2.778e+00 5.164e-04 2.850e-02 4.566e-03 1.239e-02
3.000e+00 4.433e-04 2.718e-02 4.055e-03 1.378e-02
3.066e+00 4.245e-04 2.682e-02 3.922e-03 1.418e-02
3.385e+00 3.487e-04 2.522e-02 3.378e-03 1.603e-02
3.737e+00 2.863e-04 2.370e-02 2.919e-03 1.794e-02
4.000e+00 2.501e-04 2.270e-02 2.645e-03 1.928e-02
4.125e+00 2.352e-04 2.225e-02 2.531e-03 1.990e-02
4.554e+00 1.931e-04 2.086e-02 2.201e-03 2.193e-02
5.000e+00 1.603e-04 1.961e-02 1.934e-03 2.389e-02
5.027e+00 1.586e-04 1.954e-02 1.919e-03 2.401e-02
5.549e+00 1.302e-04 1.828e-02 1.678e-03 2.612e-02
6.000e+00 1.114e-04 1.733e-02 1.512e-03 2.784e-02
6.126e+00 1.069e-04 1.709e-02 1.471e-03 2.830e-02
6.762e+00 8.773e-05 1.596e-02 1.292e-03 3.055e-02
7.000e+00 8.188e-05 1.558e-02 1.236e-03 3.136e-02
7.465e+00 7.202e-05 1.490e-02 1.138e-03 3.287e-02
8.000e+00 6.272e-05 1.418e-02 1.043e-03 3.452e-02
8.241e+00 5.911e-05 1.389e-02 1.004e-03 3.524e-02
9.000e+00 4.956e-05 1.304e-02 8.998e-04 3.743e-02
9.097e+00 4.851e-05 1.294e-02 8.880e-04 3.770e-02
1.000e+01 4.016e-05 1.208e-02 7.908e-04 4.013e-02
1.004e+01 3.985e-05 1.205e-02 7.870e-04 4.023e-02
1.100e+01 3.320e-05 1.127e-02 7.047e-04 4.262e-02
1.109e+01 3.267e-05 1.120e-02 6.979e-04 4.285e-02
1.200e+01 2.789e-05 1.057e-02 6.351e-04 4.495e-02
1.224e+01 2.681e-05 1.041e-02 6.204e-04 4.548e-02
1.300e+01 2.377e-05 9.956e-03 5.780e-04 4.711e-02
1.351e+01 2.201e-05 9.674e-03 5.524e-04 4.816e-02
1.400e+01 2.050e-05 9.420e-03 5.299e-04 4.914e-02
1.491e+01 1.807e-05 8.983e-03 4.927e-04 5.089e-02
1.500e+01 1.785e-05 8.942e-03 4.893e-04 5.105e-02
1.600e+01 1.569e-05 8.516e-03 4.542e-04 5.286e-02
1.646e+01 1.483e-05 8.334e-03 4.397e-04 5.364e-02
1.800e+01 1.240e-05 7.784e-03 3.973e-04 5.608e-02
1.818e+01 1.216e-05 7.725e-03 3.929e-04 5.635e-02
2.000e+01 1.005e-05 7.179e-03 3.529e-04 5.896e-02
