# NYLON, TYPE 11 (RILSAN) from NIST Database
1.425e+00 0.000e+00 0.000e+00 0.000e+00 0.000e+00
1.000e+00 1.146e-01 3.500e+00 0.000e+00 0.000e+00
6.000e+00 6.002e-02 3.500e+00 0.000e+00 0.000e+00
7.000e+00 5.456e-03 3.500e+00 0.000e+00 0.000e+00
8.000e+00 5.456e-03 3.500e+00 0.000e+00 0.000e+00
0.000e+00 0.000e+00 0.000e+00 0.000e+00 0.000e+00
1.000e-03 1.048e+00 1.650e-02 2.247e+03 0.000e+00
1.020e-03 1.043e+00 1.708e-02 2.127e+03 0.000e+00
1.126e-03 1.019e+00 2.027e-02 1.616e+03 0.000e+00
1.243e-03 9.936e-01 2.400e-02 1.226e+03 0.000e+00
1.372e-03 9.656e-01 2.831e-02 9.296e+02 0.000e+00
1.500e-03 9.367e-01 3.271e-02 7.221e+02 0.000e+00
1.515e-03 9.333e-01 3.323e-02 7.019e+02 0.000e+00
1.672e-03 8.964e-01 3.870e-02 5.291e+02 0.000e+00
1.846e-03 8.548e-01 4.477e-02 3.972e+02 0.000e+00
2.000e-03 8.183e-01 5.010e-02 3.145e+02 0.000e+00
2.038e-03 8.094e-01 5.140e-02 2.976e+02 0.000e+00
2.250e-03 7.608e-01 5.855e-02 2.225e+02 0.000e+00
2.483e-03 7.101e-01 6.613e-02 1.663e+02 0.000e+00
2.741e-03 6.578e-01 7.409e-02 1.239e+02 0.000e+00
3.000e-03 6.093e-01 8.157e-02 9.456e+01 0.000e+00
3.026e-03 6.047e-01 8.229e-02 9.214e+01 0.000e+00
3.341e-03 5.518e-01 9.060e-02 6.837e+01 0.000e+00
3.688e-03 5.004e-01 9.885e-02 5.067e+01 0.000e+00
4.000e-03 4.598e-01 1.055e-01 3.956e+01 0.000e+00
4.071e-03 4.512e-01 1.069e-01 3.749e+01 0.000e+00
4.494e-03 4.049e-01 1.146e-01 2.769e+01 0.000e+00
4.961e-03 3.620e-01 1.219e-01 2.042e+01 0.000e+00
5.000e-03 3.588e-01 1.224e-01 1.993e+01 0.000e+00
5.477e-03 3.228e-01 1.287e-01 1.503e+01 0.000e+00
6.000e-03 2.900e-01 1.345e-01 1.131e+01 0.000e+00
6.046e-03 2.874e-01 1.350e-01 1.105e+01 0.000e+00
6.675e-03 2.556e-01 1.408e-01 8.103e+00 0.000e+00
7.368e-03 2.272e-01 1.461e-01 5.940e+00 0.000e+00
8.000e-03 2.059e-01 1.502e-01 4.580e+00 0.000e+00
8.134e-03 2.019e-01 1.510e-01 4.346e+00 0.000e+00
8.979e-03 1.794e-01 1.556e-01 3.176e+00 0.000e+00
9.912e-03 1.592e-01 1.599e-01 2.318e+00 0.000e+00
1.000e-02 1.576e-01 1.603e-01 2.253e+00 0.000e+00
1.094e-02 1.412e-01 1.639e-01 1.690e+00 0.000e+00
1.208e-02 1.248e-01 1.677e-01 1.230e+00 0.000e+00
1.334e-02 1.099e-01 1.712e-01 8.932e-01 0.000e+00
1.472e-02 9.650e-02 1.744e-01 6.497e-01 0.000e+00
1.500e-02 9.407e-02 1.749e-01 6.112e-01 0.000e+00
1.625e-02 8.424e-02 1.773e-01 4.713e-01 0.000e+00
1.794e-02 7.314e-02 1.799e-01 3.415e-01 0.000e+00
1.980e-02 6.319e-02 1.821e-01 2.475e-01 0.000e+00
2.000e-02 6.224e-02 1.823e-01 2.395e-01 0.000e+00
2.186e-02 5.428e-02 1.839e-01 1.790e-01 0.000e+00
2.413e-02 4.642e-02 1.852e-01 1.294e-01 0.000e+00
2.664e-02 3.952e-02 1.862e-01 9.346e-02 0.000e+00
2.941e-02 3.352e-02 1.867e-01 6.746e-02 0.000e+00
3.000e-02 3.242e-02 1.867e-01 6.317e-02 0.000e+00
3.247e-02 2.834e-02 1.867e-01 4.864e-02 0.000e+00
3.584e-02 2.390e-02 1.864e-01 3.508e-02 0.000e+00
3.957e-02 2.010e-02 1.857e-01 2.527e-02 0.000e+00
4.000e-02 1.972e-02 1.856e-01 2.438e-02 0.000e+00
4.368e-02 1.687e-02 1.846e-01 1.820e-02 0.000e+00
4.822e-02 1.412e-02 1.831e-01 1.311e-02 0.000e+00
5.000e-02 1.323e-02 1.825e-01 1.162e-02 0.000e+00
5.323e-02 1.180e-02 1.813e-01 9.435e-03 0.000e+00
5.876e-02 9.843e-03 1.792e-01 6.790e-03 0.000e+00
6.000e-02 9.470e-03 1.788e-01 6.334e-03 0.000e+00
6.486e-02 8.195e-03 1.769e-01 4.887e-03 0.000e+00
7.161e-02 6.808e-03 1.742e-01 3.514e-03 0.000e+00
7.905e-02 5.648e-03 1.713e-01 2.529e-03 0.000e+00
8.000e-02 5.521e-03 1.710e-01 2.431e-03 0.000e+00
8.726e-02 4.678e-03 1.682e-01 1.821e-03 0.000e+00
9.633e-02 3.869e-03 1.649e-01 1.311e-03 0.000e+00
1.000e-01 3.600e-03 1.636e-01 1.158e-03 0.000e+00
1.063e-01 3.199e-03 1.614e-01 9.457e-04 0.000e+00
1.174e-01 2.638e-03 1.577e-01 6.810e-04 0.000e+00
1.296e-01 2.175e-03 1.538e-01 4.917e-04 0.000e+00
1.431e-01 1.791e-03 1.499e-01 3.552e-04 0.000e+00
1.500e-01 1.633e-03 1.480e-01 3.045e-04 0.000e+00
1.579e-01 1.476e-03 1.458e-01 2.575e-04 0.000e+00
1.743e-01 1.215e-03 1.417e-01 1.868e-04 0.000e+00
1.925e-01 9.982e-04 1.375e-01 1.355e-04 0.000e+00
2.000e-01 9.254e-04 1.358e-01 1.199e-04 0.000e+00
2.125e-01 8.207e-04 1.332e-01 9.876e-05 0.000e+00
2.345e-01 6.751e-04 1.290e-01 7.226e-05 0.000e+00
2.589e-01 5.546e-04 1.247e-01 5.299e-05 0.000e+00
2.858e-01 4.556e-04 1.204e-01 3.905e-05 0.000e+00
3.000e-01 4.137e-04 1.183e-01 3.368e-05 0.000e+00
3.155e-01 3.742e-04 1.162e-01 2.892e-05 0.000e+00
3.483e-01 3.073e-04 1.119e-01 2.153e-05 0.000e+00
3.845e-01 2.523e-04 1.077e-01 1.612e-05 0.000e+00
4.000e-01 2.332e-04 1.061e-01 1.438e-05 0.000e+00
4.245e-01 2.071e-04 1.036e-01 1.214e-05 0.000e+00
4.686e-01 1.700e-04 9.954e-02 9.221e-06 0.000e+00
5.000e-01 1.494e-04 9.691e-02 7.741e-06 0.000e+00
5.173e-01 1.396e-04 9.553e-02 7.077e-06 0.000e+00
5.710e-01 1.146e-04 9.159e-02 5.478e-06 0.000e+00
6.000e-01 1.038e-04 8.965e-02 4.816e-06 0.000e+00
6.304e-01 9.404e-05 8.773e-02 4.231e-06 0.000e+00
6.959e-01 7.718e-05 8.396e-02 3.286e-06 0.000e+00
7.682e-01 6.334e-05 8.026e-02 2.626e-06 0.000e+00
8.000e-01 5.840e-05 7.876e-02 2.429e-06 0.000e+00
8.480e-01 5.198e-05 7.663e-02 2.202e-06 0.000e+00
9.361e-01 4.266e-05 7.309e-02 1.827e-06 0.000e+00
1.000e+00 3.739e-05 7.083e-02 1.510e-06 0.000e+00
1.022e+00 3.580e-05 7.010e-02 1.397e-06 0.000e+00
1.033e+00 3.504e-05 6.974e-02 1.348e-06 2.697e-09
1.141e+00 2.873e-05 6.638e-02 1.078e-06 2.565e-06
1.250e+00 2.393e-05 6.334e-02 9.488e-07 1.390e-05
1.259e+00 2.359e-05 6.310e-02 9.387e-07 1.529e-05
1.390e+00 1.935e-05 5.994e-02 7.928e-07 4.339e-05
1.500e+00 1.662e-05 5.758e-02 6.888e-07 7.715e-05
1.535e+00 1.587e-05 5.687e-02 6.611e-07 8.958e-05
1.694e+00 1.303e-05 5.391e-02 5.606e-07 1.546e-04
1.870e+00 1.070e-05 5.103e-02 4.808e-07 2.392e-04
2.000e+00 9.350e-06 4.913e-02 4.343e-07 3.076e-04
2.044e+00 8.951e-06 4.852e-02 4.202e-07 3.316e-04
2.065e+00 8.769e-06 4.824e-02 4.137e-07 3.431e-04
2.279e+00 7.198e-06 4.556e-02 3.575e-07 4.642e-04
2.516e+00 5.906e-06 4.298e-02 3.102e-07 6.033e-04
2.778e+00 4.846e-06 4.050e-02 2.702e-07 7.602e-04
3.000e+00 4.156e-06 3.865e-02 2.434e-07 8.940e-04
3.066e+00 3.979e-06 3.813e-02 2.363e-07 9.338e-04
3.385e+00 3.265e-06 3.586e-02 2.073e-07 1.125e-03
3.737e+00 2.678e-06 3.368e-02 1.824e-07 1.334e-03
4.000e+00 2.338e-06 3.224e-02 1.673e-07 1.484e-03
4.125e+00 2.198e-06 3.160e-02 1.610e-07 1.556e-03
4.554e+00 1.803e-06 2.962e-02 1.424e-07 1.792e-03
5.000e+00 1.496e-06 2.784e-02 1.271e-07 2.028e-03
5.027e+00 1.480e-06 2.774e-02 1.262e-07 2.043e-03
5.549e+00 1.215e-06 2.596e-02 1.121e-07 2.308e-03
6.000e+00 1.039e-06 2.461e-02 1.022e-07 2.527e-03
6.126e+00 9.967e-07 2.426e-02 9.977e-08 2.586e-03
6.762e+00 8.179e-07 2.266e-02 8.895e-08 2.875e-03
7.000e+00 7.632e-07 2.212e-02 8.547e-08 2.978e-03
7.465e+00 6.712e-07 2.114e-02 7.939e-08 3.174e-03
8.000e+00 5.845e-07 2.013e-02 7.337e-08 3.389e-03
8.241e+00 5.508e-07 1.971e-02 7.095e-08 3.482e-03
9.000e+00 4.618e-07 1.850e-02 6.428e-08 3.765e-03
9.097e+00 4.520e-07 1.836e-02 6.352e-08 3.799e-03
1.000e+01 3.740e-07 1.714e-02 5.718e-08 4.108e-03
1.004e+01 3.711e-07 1.709e-02 5.693e-08 4.122e-03
1.100e+01 3.091e-07 1.599e-02 5.147e-08 4.424e-03
1.109e+01 3.041e-07 1.590e-02 5.101e-08 4.451e-03
1.200e+01 2.597e-07 1.500e-02 4.680e-08 4.713e-03
1.224e+01 2.497e-07 1.478e-02 4.580e-08 4.780e-03
1.300e+01 2.213e-07 1.413e-02 4.290e-08 4.986e-03
1.351e+01 2.049e-07 1.373e-02 4.115e-08 5.117e-03
1.400e+01 1.908e-07 1.337e-02 3.960e-08 5.238e-03
1.491e+01 1.683e-07 1.275e-02 3.701e-08 5.455e-03
1.500e+01 1.663e-07 1.269e-02 3.677e-08 5.475e-03
1.600e+01 1.461e-07 1.208e-02 3.432e-08 5.702e-03
1.646e+01 1.381e-07 1.182e-02 3.330e-08 5.801e-03
1.800e+01 1.154e-07 1.104e-02 3.028e-08 6.111e-03
1.818e+01 1.132e-07 1.096e-02 2.996e-08 6.146e-03
2.000e+01 9.350e-08 1.018e-02 2.709e-08 6.481e-03
