# NYLON, DU PONT ELVAMIDE 8062 from NIST Database
1.080e+00 0.000e+00 0.000e+00 0.000e+00 0.000e+00
1.000e+00 1.027e-01 3.500e+00 0.000e+00 0.000e+00
6.000e+00 5.399e-02 3.500e+00 0.000e+00 0.000e+00
7.000e+00 7.107e-03 3.500e+00 0.000e+00 0.000e+00
8.000e+00 9.284e-03 3.500e+00 0.000e+00 0.000e+00
0.000e+00 0.000e+00 0.000e+00 0.000e+00 0.000e+00
1.000e-03 1.087e+00 1.576e-02 2.444e+03 0.000e+00
1.020e-03 1.082e+00 1.631e-02 2.315e+03 0.000e+00
1.126e-03 1.059e+00 1.937e-02 1.762e+03 0.000e+00
1.243e-03 1.033e+00 2.295e-02 1.340e+03 0.000e+00
1.372e-03 1.005e+00 2.708e-02 1.017e+03 0.000e+00
1.500e-03 9.762e-01 3.131e-02 7.912e+02 0.000e+00
1.515e-03 9.727e-01 3.181e-02 7.692e+02 0.000e+00
1.672e-03 9.356e-01 3.708e-02 5.807e+02 0.000e+00
1.846e-03 8.936e-01 4.294e-02 4.367e+02 0.000e+00
2.000e-03 8.567e-01 4.809e-02 3.461e+02 0.000e+00
2.038e-03 8.476e-01 4.935e-02 3.276e+02 0.000e+00
2.250e-03 7.983e-01 5.628e-02 2.453e+02 0.000e+00
2.483e-03 7.465e-01 6.363e-02 1.836e+02 0.000e+00
2.741e-03 6.928e-01 7.139e-02 1.370e+02 0.000e+00
3.000e-03 6.429e-01 7.870e-02 1.046e+02 0.000e+00
3.026e-03 6.381e-01 7.941e-02 1.020e+02 0.000e+00
3.341e-03 5.833e-01 8.756e-02 7.576e+01 0.000e+00
3.688e-03 5.297e-01 9.567e-02 5.621e+01 0.000e+00
4.000e-03 4.872e-01 1.022e-01 4.393e+01 0.000e+00
4.071e-03 4.782e-01 1.036e-01 4.164e+01 0.000e+00
4.494e-03 4.295e-01 1.113e-01 3.079e+01 0.000e+00
4.961e-03 3.841e-01 1.185e-01 2.273e+01 0.000e+00
5.000e-03 3.807e-01 1.191e-01 2.218e+01 0.000e+00
5.477e-03 3.425e-01 1.253e-01 1.674e+01 0.000e+00
6.000e-03 3.075e-01 1.312e-01 1.261e+01 0.000e+00
6.046e-03 3.047e-01 1.317e-01 1.232e+01 0.000e+00
6.675e-03 2.708e-01 1.375e-01 9.046e+00 0.000e+00
7.368e-03 2.404e-01 1.429e-01 6.638e+00 0.000e+00
8.000e-03 2.176e-01 1.471e-01 5.123e+00 0.000e+00
8.134e-03 2.133e-01 1.479e-01 4.861e+00 0.000e+00
8.979e-03 1.892e-01 1.525e-01 3.556e+00 0.000e+00
9.912e-03 1.677e-01 1.568e-01 2.598e+00 0.000e+00
1.000e-02 1.659e-01 1.572e-01 2.526e+00 0.000e+00
1.094e-02 1.485e-01 1.609e-01 1.896e+00 0.000e+00
1.208e-02 1.311e-01 1.647e-01 1.381e+00 0.000e+00
1.334e-02 1.154e-01 1.682e-01 1.004e+00 0.000e+00
1.472e-02 1.013e-01 1.714e-01 7.307e-01 0.000e+00
1.500e-02 9.874e-02 1.720e-01 6.875e-01 0.000e+00
1.625e-02 8.842e-02 1.743e-01 5.306e-01 0.000e+00
1.794e-02 7.680e-02 1.770e-01 3.848e-01 0.000e+00
1.980e-02 6.638e-02 1.792e-01 2.790e-01 0.000e+00
2.000e-02 6.539e-02 1.795e-01 2.700e-01 0.000e+00
2.186e-02 5.706e-02 1.811e-01 2.019e-01 0.000e+00
2.413e-02 4.882e-02 1.825e-01 1.461e-01 0.000e+00
2.664e-02 4.159e-02 1.835e-01 1.056e-01 0.000e+00
2.941e-02 3.529e-02 1.841e-01 7.626e-02 0.000e+00
3.000e-02 3.414e-02 1.841e-01 7.143e-02 0.000e+00
3.247e-02 2.985e-02 1.842e-01 5.502e-02 0.000e+00
3.584e-02 2.519e-02 1.840e-01 3.971e-02 0.000e+00
3.957e-02 2.118e-02 1.833e-01 2.862e-02 0.000e+00
4.000e-02 2.079e-02 1.832e-01 2.761e-02 0.000e+00
4.368e-02 1.778e-02 1.823e-01 2.063e-02 0.000e+00
4.822e-02 1.489e-02 1.809e-01 1.486e-02 0.000e+00
5.000e-02 1.395e-02 1.803e-01 1.317e-02 0.000e+00
5.323e-02 1.245e-02 1.792e-01 1.070e-02 0.000e+00
5.876e-02 1.039e-02 1.771e-01 7.705e-03 0.000e+00
6.000e-02 9.993e-03 1.767e-01 7.188e-03 0.000e+00
6.486e-02 8.650e-03 1.748e-01 5.548e-03 0.000e+00
7.161e-02 7.188e-03 1.722e-01 3.992e-03 0.000e+00
7.905e-02 5.965e-03 1.694e-01 2.874e-03 0.000e+00
8.000e-02 5.831e-03 1.690e-01 2.762e-03 0.000e+00
8.726e-02 4.942e-03 1.663e-01 2.070e-03 0.000e+00
9.633e-02 4.088e-03 1.631e-01 1.491e-03 0.000e+00
1.000e-01 3.804e-03 1.618e-01 1.317e-03 0.000e+00
1.063e-01 3.381e-03 1.596e-01 1.076e-03 0.000e+00
1.174e-01 2.788e-03 1.560e-01 7.749e-04 0.000e+00
1.296e-01 2.300e-03 1.522e-01 5.596e-04 0.000e+00
1.431e-01 1.894e-03 1.483e-01 4.044e-04 0.000e+00
1.500e-01 1.727e-03 1.464e-01 3.467e-04 0.000e+00
1.579e-01 1.561e-03 1.443e-01 2.932e-04 0.000e+00
1.743e-01 1.285e-03 1.402e-01 2.127e-04 0.000e+00
1.925e-01 1.056e-03 1.360e-01 1.544e-04 0.000e+00
2.000e-01 9.791e-04 1.344e-01 1.366e-04 0.000e+00
2.125e-01 8.684e-04 1.318e-01 1.125e-04 0.000e+00
2.345e-01 7.143e-04 1.276e-01 8.237e-05 0.000e+00
2.589e-01 5.869e-04 1.234e-01 6.042e-05 0.000e+00
2.858e-01 4.822e-04 1.191e-01 4.453e-05 0.000e+00
3.000e-01 4.378e-04 1.171e-01 3.841e-05 0.000e+00
3.155e-01 3.961e-04 1.149e-01 3.298e-05 0.000e+00
3.483e-01 3.252e-04 1.107e-01 2.456e-05 0.000e+00
3.845e-01 2.670e-04 1.066e-01 1.839e-05 0.000e+00
4.000e-01 2.468e-04 1.050e-01 1.641e-05 0.000e+00
4.245e-01 2.192e-04 1.025e-01 1.385e-05 0.000e+00
4.686e-01 1.800e-04 9.849e-02 1.052e-05 0.000e+00
5.000e-01 1.581e-04 9.588e-02 8.835e-06 0.000e+00
5.173e-01 1.477e-04 9.452e-02 8.077e-06 0.000e+00
5.710e-01 1.213e-04 9.062e-02 6.252e-06 0.000e+00
6.000e-01 1.099e-04 8.870e-02 5.498e-06 0.000e+00
6.304e-01 9.954e-05 8.680e-02 4.832e-06 0.000e+00
6.959e-01 8.170e-05 8.307e-02 3.755e-06 0.000e+00
7.682e-01 6.705e-05 7.941e-02 3.000e-06 0.000e+00
8.000e-01 6.182e-05 7.793e-02 2.774e-06 0.000e+00
8.480e-01 5.502e-05 7.582e-02 2.511e-06 0.000e+00
9.361e-01 4.515e-05 7.233e-02 2.081e-06 0.000e+00
1.000e+00 3.958e-05 7.008e-02 1.724e-06 0.000e+00
1.022e+00 3.789e-05 6.936e-02 1.597e-06 0.000e+00
1.033e+00 3.709e-05 6.900e-02 1.542e-06 2.793e-09
1.141e+00 3.041e-05 6.568e-02 1.235e-06 2.655e-06
1.250e+00 2.533e-05 6.267e-02 1.085e-06 1.438e-05
1.259e+00 2.497e-05 6.244e-02 1.073e-06 1.583e-05
1.390e+00 2.049e-05 5.931e-02 9.059e-07 4.488e-05
1.500e+00 1.759e-05 5.697e-02 7.873e-07 7.978e-05
1.535e+00 1.680e-05 5.627e-02 7.557e-07 9.263e-05
1.694e+00 1.380e-05 5.334e-02 6.409e-07 1.598e-04
1.870e+00 1.132e-05 5.049e-02 5.495e-07 2.473e-04
2.000e+00 9.897e-06 4.861e-02 4.962e-07 3.180e-04
2.044e+00 9.475e-06 4.801e-02 4.801e-07 3.428e-04
2.065e+00 9.283e-06 4.773e-02 4.727e-07 3.547e-04
2.279e+00 7.619e-06 4.508e-02 4.084e-07 4.798e-04
2.516e+00 6.252e-06 4.253e-02 3.543e-07 6.235e-04
2.778e+00 5.129e-06 4.008e-02 3.086e-07 7.855e-04
3.000e+00 4.399e-06 3.824e-02 2.779e-07 9.236e-04
3.066e+00 4.212e-06 3.773e-02 2.699e-07 9.646e-04
3.385e+00 3.456e-06 3.548e-02 2.367e-07 1.162e-03
3.737e+00 2.835e-06 3.332e-02 2.083e-07 1.376e-03
4.000e+00 2.475e-06 3.190e-02 1.910e-07 1.532e-03
4.125e+00 2.327e-06 3.127e-02 1.838e-07 1.605e-03
4.554e+00 1.909e-06 2.931e-02 1.625e-07 1.848e-03
5.000e+00 1.584e-06 2.755e-02 1.450e-07 2.092e-03
5.027e+00 1.567e-06 2.745e-02 1.441e-07 2.106e-03
5.549e+00 1.286e-06 2.568e-02 1.280e-07 2.380e-03
6.000e+00 1.100e-06 2.435e-02 1.167e-07 2.604e-03
6.126e+00 1.055e-06 2.400e-02 1.138e-07 2.666e-03
6.762e+00 8.658e-07 2.242e-02 1.015e-07 2.962e-03
7.000e+00 8.079e-07 2.189e-02 9.751e-08 3.067e-03
7.465e+00 7.105e-07 2.092e-02 9.057e-08 3.268e-03
8.000e+00 6.187e-07 1.992e-02 8.371e-08 3.489e-03
8.241e+00 5.831e-07 1.950e-02 8.094e-08 3.585e-03
9.000e+00 4.889e-07 1.831e-02 7.333e-08 3.875e-03
9.097e+00 4.785e-07 1.817e-02 7.245e-08 3.911e-03
1.000e+01 3.960e-07 1.696e-02 6.522e-08 4.228e-03
1.004e+01 3.928e-07 1.691e-02 6.493e-08 4.242e-03
1.100e+01 3.272e-07 1.582e-02 5.870e-08 4.552e-03
1.109e+01 3.219e-07 1.573e-02 5.818e-08 4.579e-03
1.200e+01 2.750e-07 1.484e-02 5.337e-08 4.849e-03
1.224e+01 2.643e-07 1.462e-02 5.224e-08 4.918e-03
1.300e+01 2.343e-07 1.398e-02 4.893e-08 5.128e-03
1.351e+01 2.169e-07 1.358e-02 4.693e-08 5.263e-03
1.400e+01 2.020e-07 1.322e-02 4.516e-08 5.387e-03
1.491e+01 1.781e-07 1.261e-02 4.220e-08 5.609e-03
1.500e+01 1.760e-07 1.256e-02 4.193e-08 5.630e-03
1.600e+01 1.547e-07 1.196e-02 3.914e-08 5.862e-03
1.646e+01 1.461e-07 1.170e-02 3.797e-08 5.964e-03
1.800e+01 1.222e-07 1.093e-02 3.453e-08 6.282e-03
1.818e+01 1.198e-07 1.084e-02 3.417e-08 6.318e-03
2.000e+01 9.897e-08 1.008e-02 3.089e-08 6.662e-03
