# OCTANE, LIQUID from NIST Database
7.026e-01 0.000e+00 0.000e+00 0.000e+00 0.000e+00
1.000e+00 1.576e-01 3.500e+00 0.000e+00 0.000e+00
6.000e+00 7.004e-02 3.500e+00 0.000e+00 0.000e+00
0.000e+00 0.000e+00 0.000e+00 0.000e+00 0.000e+00
1.000e-03 9.627e-01 1.862e-02 1.860e+03 0.000e+00
1.020e-03 9.580e-01 1.927e-02 1.759e+03 0.000e+00
1.126e-03 9.344e-01 2.284e-02 1.331e+03 0.000e+00
1.243e-03 9.095e-01 2.703e-02 1.007e+03 0.000e+00
1.372e-03 8.819e-01 3.184e-02 7.603e+02 0.000e+00
1.500e-03 8.537e-01 3.675e-02 5.886e+02 0.000e+00
1.515e-03 8.503e-01 3.733e-02 5.720e+02 0.000e+00
1.672e-03 8.144e-01 4.341e-02 4.297e+02 0.000e+00
1.846e-03 7.741e-01 5.013e-02 3.215e+02 0.000e+00
2.000e-03 7.390e-01 5.600e-02 2.539e+02 0.000e+00
2.038e-03 7.304e-01 5.743e-02 2.401e+02 0.000e+00
2.250e-03 6.840e-01 6.527e-02 1.790e+02 0.000e+00
2.483e-03 6.359e-01 7.352e-02 1.334e+02 0.000e+00
2.741e-03 5.867e-01 8.213e-02 9.909e+01 0.000e+00
3.000e-03 5.416e-01 9.017e-02 7.544e+01 0.000e+00
3.026e-03 5.373e-01 9.094e-02 7.349e+01 0.000e+00
3.341e-03 4.886e-01 9.979e-02 5.439e+01 0.000e+00
3.688e-03 4.417e-01 1.085e-01 4.021e+01 0.000e+00
4.000e-03 4.050e-01 1.154e-01 3.133e+01 0.000e+00
4.071e-03 3.973e-01 1.169e-01 2.968e+01 0.000e+00
4.494e-03 3.559e-01 1.249e-01 2.187e+01 0.000e+00
4.961e-03 3.180e-01 1.323e-01 1.609e+01 0.000e+00
5.000e-03 3.151e-01 1.329e-01 1.570e+01 0.000e+00
5.477e-03 2.835e-01 1.392e-01 1.181e+01 0.000e+00
6.000e-03 2.549e-01 1.451e-01 8.872e+00 0.000e+00
6.046e-03 2.526e-01 1.456e-01 8.661e+00 0.000e+00
6.675e-03 2.250e-01 1.514e-01 6.340e+00 0.000e+00
7.368e-03 2.005e-01 1.566e-01 4.636e+00 0.000e+00
8.000e-03 1.821e-01 1.607e-01 3.569e+00 0.000e+00
8.134e-03 1.787e-01 1.615e-01 3.384e+00 0.000e+00
8.979e-03 1.592e-01 1.660e-01 2.468e+00 0.000e+00
9.912e-03 1.417e-01 1.703e-01 1.797e+00 0.000e+00
1.000e-02 1.402e-01 1.706e-01 1.746e+00 0.000e+00
1.094e-02 1.259e-01 1.742e-01 1.308e+00 0.000e+00
1.208e-02 1.115e-01 1.779e-01 9.494e-01 0.000e+00
1.334e-02 9.830e-02 1.812e-01 6.883e-01 0.000e+00
1.472e-02 8.634e-02 1.843e-01 4.997e-01 0.000e+00
1.500e-02 8.417e-02 1.849e-01 4.699e-01 0.000e+00
1.625e-02 7.535e-02 1.871e-01 3.618e-01 0.000e+00
1.794e-02 6.537e-02 1.895e-01 2.617e-01 0.000e+00
1.980e-02 5.641e-02 1.916e-01 1.893e-01 0.000e+00
2.000e-02 5.555e-02 1.918e-01 1.831e-01 0.000e+00
2.186e-02 4.839e-02 1.932e-01 1.367e-01 0.000e+00
2.413e-02 4.133e-02 1.944e-01 9.866e-02 0.000e+00
2.664e-02 3.514e-02 1.951e-01 7.114e-02 0.000e+00
2.941e-02 2.977e-02 1.954e-01 5.127e-02 0.000e+00
3.000e-02 2.878e-02 1.954e-01 4.801e-02 0.000e+00
3.247e-02 2.515e-02 1.952e-01 3.692e-02 0.000e+00
3.584e-02 2.120e-02 1.947e-01 2.659e-02 0.000e+00
3.957e-02 1.781e-02 1.938e-01 1.913e-02 0.000e+00
4.000e-02 1.748e-02 1.937e-01 1.845e-02 0.000e+00
4.368e-02 1.494e-02 1.925e-01 1.376e-02 0.000e+00
4.822e-02 1.250e-02 1.909e-01 9.897e-03 0.000e+00
5.000e-02 1.171e-02 1.902e-01 8.770e-03 0.000e+00
5.323e-02 1.044e-02 1.889e-01 7.116e-03 0.000e+00
5.876e-02 8.701e-03 1.866e-01 5.116e-03 0.000e+00
6.000e-02 8.371e-03 1.861e-01 4.771e-03 0.000e+00
6.486e-02 7.240e-03 1.841e-01 3.678e-03 0.000e+00
7.161e-02 6.012e-03 1.813e-01 2.642e-03 0.000e+00
7.905e-02 4.984e-03 1.782e-01 1.900e-03 0.000e+00
8.000e-02 4.872e-03 1.778e-01 1.825e-03 0.000e+00
8.726e-02 4.126e-03 1.749e-01 1.366e-03 0.000e+00
9.633e-02 3.410e-03 1.714e-01 9.826e-04 0.000e+00
1.000e-01 3.172e-03 1.700e-01 8.677e-04 0.000e+00
1.063e-01 2.818e-03 1.677e-01 7.084e-04 0.000e+00
1.174e-01 2.323e-03 1.639e-01 5.098e-04 0.000e+00
1.296e-01 1.914e-03 1.599e-01 3.679e-04 0.000e+00
1.431e-01 1.576e-03 1.557e-01 2.656e-04 0.000e+00
1.500e-01 1.437e-03 1.537e-01 2.277e-04 0.000e+00
1.579e-01 1.298e-03 1.515e-01 1.925e-04 0.000e+00
1.743e-01 1.068e-03 1.472e-01 1.395e-04 0.000e+00
1.925e-01 8.776e-04 1.428e-01 1.012e-04 0.000e+00
2.000e-01 8.136e-04 1.411e-01 8.947e-05 0.000e+00
2.125e-01 7.214e-04 1.384e-01 7.368e-05 0.000e+00
2.345e-01 5.933e-04 1.339e-01 5.387e-05 0.000e+00
2.589e-01 4.874e-04 1.295e-01 3.948e-05 0.000e+00
2.858e-01 4.004e-04 1.250e-01 2.908e-05 0.000e+00
3.000e-01 3.635e-04 1.229e-01 2.507e-05 0.000e+00
3.155e-01 3.288e-04 1.206e-01 2.152e-05 0.000e+00
3.483e-01 2.700e-04 1.162e-01 1.602e-05 0.000e+00
3.845e-01 2.217e-04 1.119e-01 1.199e-05 0.000e+00
4.000e-01 2.048e-04 1.102e-01 1.070e-05 0.000e+00
4.245e-01 1.819e-04 1.076e-01 9.028e-06 0.000e+00
4.686e-01 1.494e-04 1.034e-01 6.854e-06 0.000e+00
5.000e-01 1.312e-04 1.006e-01 5.754e-06 0.000e+00
5.173e-01 1.226e-04 9.920e-02 5.260e-06 0.000e+00
5.710e-01 1.007e-04 9.511e-02 4.071e-06 0.000e+00
6.000e-01 9.118e-05 9.308e-02 3.578e-06 0.000e+00
6.304e-01 8.260e-05 9.109e-02 3.141e-06 0.000e+00
6.959e-01 6.779e-05 8.718e-02 2.436e-06 0.000e+00
7.682e-01 5.563e-05 8.333e-02 1.948e-06 0.000e+00
8.000e-01 5.130e-05 8.178e-02 1.804e-06 0.000e+00
8.480e-01 4.566e-05 7.956e-02 1.640e-06 0.000e+00
9.361e-01 3.747e-05 7.589e-02 1.364e-06 0.000e+00
1.000e+00 3.284e-05 7.354e-02 1.122e-06 0.000e+00
1.022e+00 3.144e-05 7.278e-02 1.034e-06 0.000e+00
1.033e+00 3.078e-05 7.241e-02 9.968e-07 2.488e-09
1.141e+00 2.523e-05 6.892e-02 7.948e-07 2.369e-06
1.250e+00 2.102e-05 6.576e-02 7.023e-07 1.284e-05
1.259e+00 2.072e-05 6.552e-02 6.951e-07 1.414e-05
1.390e+00 1.700e-05 6.224e-02 5.875e-07 4.014e-05
1.500e+00 1.460e-05 5.979e-02 5.100e-07 7.139e-05
1.535e+00 1.394e-05 5.905e-02 4.894e-07 8.289e-05
1.694e+00 1.145e-05 5.597e-02 4.151e-07 1.431e-04
1.870e+00 9.394e-06 5.298e-02 3.563e-07 2.214e-04
2.000e+00 8.212e-06 5.100e-02 3.219e-07 2.847e-04
2.044e+00 7.861e-06 5.038e-02 3.115e-07 3.070e-04
2.065e+00 7.702e-06 5.009e-02 3.067e-07 3.177e-04
2.279e+00 6.322e-06 4.732e-02 2.651e-07 4.299e-04
2.516e+00 5.188e-06 4.464e-02 2.301e-07 5.590e-04
2.778e+00 4.256e-06 4.206e-02 2.005e-07 7.048e-04
3.000e+00 3.650e-06 4.013e-02 1.806e-07 8.295e-04
3.066e+00 3.495e-06 3.959e-02 1.754e-07 8.666e-04
3.385e+00 2.867e-06 3.723e-02 1.539e-07 1.045e-03
3.737e+00 2.352e-06 3.497e-02 1.355e-07 1.239e-03
4.000e+00 2.053e-06 3.347e-02 1.243e-07 1.381e-03
4.125e+00 1.931e-06 3.281e-02 1.196e-07 1.448e-03
4.554e+00 1.584e-06 3.076e-02 1.058e-07 1.669e-03
5.000e+00 1.314e-06 2.891e-02 9.445e-08 1.891e-03
5.027e+00 1.300e-06 2.880e-02 9.384e-08 1.905e-03
5.549e+00 1.067e-06 2.695e-02 8.336e-08 2.155e-03
6.000e+00 9.126e-07 2.555e-02 7.601e-08 2.360e-03
6.126e+00 8.754e-07 2.519e-02 7.419e-08 2.416e-03
6.762e+00 7.183e-07 2.353e-02 6.615e-08 2.688e-03
7.000e+00 6.703e-07 2.296e-02 6.357e-08 2.785e-03
7.465e+00 5.895e-07 2.195e-02 5.905e-08 2.969e-03
8.000e+00 5.134e-07 2.090e-02 5.459e-08 3.172e-03
8.241e+00 4.838e-07 2.046e-02 5.279e-08 3.260e-03
9.000e+00 4.056e-07 1.921e-02 4.784e-08 3.527e-03
9.097e+00 3.970e-07 1.906e-02 4.727e-08 3.559e-03
1.000e+01 3.285e-07 1.780e-02 4.256e-08 3.851e-03
1.004e+01 3.259e-07 1.775e-02 4.238e-08 3.864e-03
1.100e+01 2.715e-07 1.660e-02 3.831e-08 4.149e-03
1.109e+01 2.671e-07 1.650e-02 3.797e-08 4.175e-03
1.200e+01 2.281e-07 1.557e-02 3.484e-08 4.424e-03
1.224e+01 2.193e-07 1.534e-02 3.409e-08 4.486e-03
1.300e+01 1.944e-07 1.467e-02 3.194e-08 4.680e-03
1.351e+01 1.800e-07 1.425e-02 3.064e-08 4.805e-03
1.400e+01 1.676e-07 1.388e-02 2.948e-08 4.920e-03
1.491e+01 1.478e-07 1.323e-02 2.755e-08 5.124e-03
1.500e+01 1.460e-07 1.317e-02 2.738e-08 5.144e-03
1.600e+01 1.283e-07 1.254e-02 2.555e-08 5.358e-03
1.646e+01 1.213e-07 1.228e-02 2.479e-08 5.452e-03
1.800e+01 1.014e-07 1.147e-02 2.255e-08 5.747e-03
1.818e+01 9.940e-08 1.138e-02 2.231e-08 5.779e-03
2.000e+01 8.212e-08 1.057e-02 2.017e-08 6.097e-03
