# OSMIUM from NIST Database
2.257e+01 0.000e+00 0.000e+00 0.000e+00 0.000e+00
7.600e+01 1.000e+00 3.500e+00 0.000e+00 0.000e+00
0.000e+00 0.000e+00 0.000e+00 0.000e+00 0.000e+00
1.000E-03 1.170E+01 4.046E-03 4.021E+03 0.000E+00
1.020E-03 1.168E+01 4.165E-03 3.865E+03 0.000E+00
1.126E-03 1.157E+01 4.806E-03 3.173E+03 0.000E+00
1.243E-03 1.146E+01 5.534E-03 2.605E+03 0.000E+00
1.372E-03 1.134E+01 6.343E-03 2.139E+03 0.000E+00
1.500E-03 1.121E+01 7.137E-03 1.790E+03 0.000E+00
1.515E-03 1.120E+01 7.228E-03 1.753E+03 0.000E+00
1.672E-03 1.103E+01 8.172E-03 1.420E+03 0.000E+00
1.846E-03 1.084E+01 9.197E-03 1.150E+03 0.000E+00
1.960E-03 1.072E+01 9.866E-03 1.012E+03 0.000E+00
1.960E-03 1.072E+01 9.866E-03 1.044E+03 0.000E+00
2.000E-03 1.067E+01 1.010E-02 2.207E+03 0.000E+00
2.031E-03 1.064E+01 1.028E-02 2.582E+03 0.000E+00
2.031E-03 1.064E+01 1.028E-02 2.826E+03 0.000E+00
2.038E-03 1.063E+01 1.032E-02 2.820E+03 0.000E+00
2.250E-03 1.040E+01 1.154E-02 2.665E+03 0.000E+00
2.457E-03 1.017E+01 1.272E-02 2.534E+03 0.000E+00
2.457E-03 1.017E+01 1.272E-02 2.935E+03 0.000E+00
2.483E-03 1.014E+01 1.286E-02 2.862E+03 0.000E+00
2.741E-03 9.856E+00 1.432E-02 2.251E+03 0.000E+00
2.792E-03 9.799E+00 1.460E-02 2.152E+03 0.000E+00
2.792E-03 9.799E+00 1.460E-02 2.286E+03 0.000E+00
3.000E-03 9.571E+00 1.576E-02 1.929E+03 0.000E+00
3.026E-03 9.543E+00 1.590E-02 1.891E+03 0.000E+00
3.048E-03 9.518E+00 1.603E-02 1.859E+03 0.000E+00
3.048E-03 9.518E+00 1.603E-02 1.939E+03 0.000E+00
3.341E-03 9.204E+00 1.763E-02 1.558E+03 0.000E+00
3.688E-03 8.853E+00 1.950E-02 1.231E+03 0.000E+00
4.000E-03 8.549E+00 2.116E-02 1.014E+03 0.000E+00
4.071E-03 8.481E+00 2.153E-02 9.712E+02 0.000E+00
4.494E-03 8.086E+00 2.372E-02 7.615E+02 0.000E+00
4.961E-03 7.673E+00 2.609E-02 5.971E+02 0.000E+00
5.000E-03 7.640E+00 2.629E-02 5.857E+02 0.000E+00
5.477E-03 7.247E+00 2.864E-02 4.661E+02 0.000E+00
6.000E-03 6.845E+00 3.114E-02 3.708E+02 0.000E+00
6.046E-03 6.811E+00 3.136E-02 3.636E+02 0.000E+00
6.675E-03 6.369E+00 3.424E-02 2.825E+02 0.000E+00
7.368E-03 5.925E+00 3.725E-02 2.196E+02 0.000E+00
8.000E-03 5.557E+00 3.983E-02 1.780E+02 0.000E+00
8.134E-03 5.483E+00 4.036E-02 1.705E+02 0.000E+00
8.979E-03 5.045E+00 4.354E-02 1.320E+02 0.000E+00
9.912E-03 4.616E+00 4.679E-02 1.022E+02 0.000E+00
1.000E-02 4.578E+00 4.708E-02 9.986E+01 0.000E+00
1.087E-02 4.227E+00 4.990E-02 8.030E+01 0.000E+00
1.087E-02 4.227E+00 4.990E-02 2.078E+02 0.000E+00
1.094E-02 4.201E+00 5.012E-02 2.043E+02 0.000E+00
1.208E-02 3.800E+00 5.354E-02 1.567E+02 0.000E+00
1.239E-02 3.698E+00 5.436E-02 1.466E+02 0.000E+00
1.239E-02 3.698E+00 5.436E-02 2.023E+02 0.000E+00
1.267E-02 3.604E+00 5.511E-02 1.914E+02 0.000E+00
1.297E-02 3.511E+00 5.585E-02 1.810E+02 0.000E+00
1.297E-02 3.511E+00 5.585E-02 2.093E+02 0.000E+00
1.334E-02 3.402E+00 5.679E-02 1.948E+02 0.000E+00
1.472E-02 3.049E+00 6.027E-02 1.518E+02 0.000E+00
1.500E-02 2.985E+00 6.095E-02 1.448E+02 0.000E+00
1.625E-02 2.719E+00 6.383E-02 1.174E+02 0.000E+00
1.794E-02 2.410E+00 6.735E-02 9.063E+01 0.000E+00
1.980E-02 2.131E+00 7.085E-02 7.002E+01 0.000E+00
2.000E-02 2.104E+00 7.121E-02 6.820E+01 0.000E+00
2.186E-02 1.881E+00 7.436E-02 5.379E+01 0.000E+00
2.413E-02 1.658E+00 7.782E-02 4.132E+01 0.000E+00
2.664E-02 1.458E+00 8.120E-02 3.173E+01 0.000E+00
2.941E-02 1.278E+00 8.442E-02 2.436E+01 0.000E+00
3.000E-02 1.244E+00 8.504E-02 2.310E+01 0.000E+00
3.247E-02 1.115E+00 8.743E-02 1.864E+01 0.000E+00
3.584E-02 9.680E-01 9.019E-02 1.425E+01 0.000E+00
3.957E-02 8.364E-01 9.268E-02 1.089E+01 0.000E+00
4.000E-02 8.229E-01 9.293E-02 1.058E+01 0.000E+00
4.368E-02 7.196E-01 9.485E-02 8.308E+00 0.000E+00
4.822E-02 6.168E-01 9.672E-02 6.334E+00 0.000E+00
5.000E-02 5.826E-01 9.733E-02 5.734E+00 0.000E+00
5.323E-02 5.276E-01 9.828E-02 4.824E+00 0.000E+00
5.876E-02 4.507E-01 9.951E-02 3.673E+00 0.000E+00
6.000E-02 4.360E-01 9.974E-02 3.467E+00 0.000E+00
6.486E-02 3.851E-01 1.004E-01 2.793E+00 0.000E+00
7.161E-02 3.286E-01 1.011E-01 2.122E+00 0.000E+00
7.387E-02 3.124E-01 1.012E-01 1.946E+00 0.000E+00
7.387E-02 3.124E-01 1.012E-01 9.746E+00 0.000E+00
7.905E-02 2.796E-01 1.014E-01 8.163E+00 0.000E+00
8.000E-02 2.741E-01 1.014E-01 7.912E+00 0.000E+00
8.726E-02 2.373E-01 1.014E-01 6.304E+00 0.000E+00
9.633E-02 2.010E-01 1.011E-01 4.864E+00 0.000E+00
1.000E-01 1.886E-01 1.009E-01 4.407E+00 0.000E+00
1.063E-01 1.698E-01 1.005E-01 3.749E+00 0.000E+00
1.174E-01 1.428E-01 9.968E-02 2.878E+00 0.000E+00
1.296E-01 1.199E-01 9.855E-02 2.209E+00 0.000E+00
1.431E-01 1.005E-01 9.718E-02 1.692E+00 0.000E+00
1.500E-01 9.242E-02 9.644E-02 1.491E+00 0.000E+00
1.579E-01 8.430E-02 9.559E-02 1.298E+00 0.000E+00
1.743E-01 7.058E-02 9.379E-02 9.946E-01 0.000E+00
1.925E-01 5.900E-02 9.180E-02 7.611E-01 0.000E+00
2.000E-01 5.506E-02 9.100E-02 6.868E-01 0.000E+00
2.125E-01 4.933E-02 8.968E-02 5.835E-01 0.000E+00
2.345E-01 4.122E-02 8.744E-02 4.483E-01 0.000E+00
2.589E-01 3.439E-02 8.508E-02 3.445E-01 0.000E+00
2.858E-01 2.865E-02 8.265E-02 2.654E-01 0.000E+00
3.000E-01 2.619E-02 8.143E-02 2.337E-01 0.000E+00
3.155E-01 2.384E-02 8.016E-02 2.050E-01 0.000E+00
3.483E-01 1.981E-02 7.761E-02 1.589E-01 0.000E+00
3.845E-01 1.644E-02 7.503E-02 1.235E-01 0.000E+00
4.000E-01 1.525E-02 7.399E-02 1.119E-01 0.000E+00
4.245E-01 1.362E-02 7.242E-02 9.645E-02 0.000E+00
4.686E-01 1.128E-02 6.981E-02 7.566E-02 0.000E+00
5.000E-01 9.961E-03 6.811E-02 6.469E-02 0.000E+00
5.173E-01 9.331E-03 6.721E-02 5.963E-02 0.000E+00
5.710E-01 7.714E-03 6.464E-02 4.726E-02 0.000E+00
6.000E-01 7.010E-03 6.336E-02 4.214E-02 0.000E+00
6.304E-01 6.371E-03 6.207E-02 3.764E-02 0.000E+00
6.959E-01 5.261E-03 5.952E-02 3.015E-02 0.000E+00
7.682E-01 4.341E-03 5.700E-02 2.428E-02 0.000E+00
8.000E-01 4.012E-03 5.598E-02 2.225E-02 0.000E+00
8.480E-01 3.580E-03 5.453E-02 1.965E-02 0.000E+00
9.361E-01 2.951E-03 5.210E-02 1.600E-02 0.000E+00
1.000E+00 2.592E-03 5.047E-02 1.399E-02 0.000E+00
1.022E+00 2.483E-03 4.993E-02 1.339E-02 0.000E+00
1.033E+00 2.432E-03 4.967E-02 1.311E-02 7.756E-08
1.141E+00 2.000E-03 4.730E-02 1.077E-02 6.728E-05
1.250E+00 1.671E-03 4.521E-02 9.030E-03 3.353E-04
1.259E+00 1.648E-03 4.505E-02 8.908E-03 3.666E-04
1.390E+00 1.355E-03 4.283E-02 7.400E-03 9.510E-04
1.500E+00 1.165E-03 4.116E-02 6.437E-03 1.576E-03
1.535E+00 1.113E-03 4.067E-02 6.174E-03 1.791E-03
1.694E+00 9.159E-04 3.859E-02 5.181E-03 2.816E-03
1.870E+00 7.529E-04 3.655E-02 4.364E-03 3.985E-03
2.000E+00 6.589E-04 3.518E-02 3.894E-03 4.854E-03
2.044E+00 6.310E-04 3.473E-02 3.755E-03 5.148E-03
2.065E+00 6.184E-04 3.453E-02 3.692E-03 5.288E-03
2.279E+00 5.083E-04 3.260E-02 3.140E-03 6.685E-03
2.516E+00 4.174E-04 3.077E-02 2.680E-03 8.162E-03
2.778E+00 3.426E-04 2.902E-02 2.296E-03 9.708E-03
3.000E+00 2.940E-04 2.771E-02 2.042E-03 1.096E-02
3.066E+00 2.815E-04 2.734E-02 1.976E-03 1.132E-02
3.385E+00 2.311E-04 2.572E-02 1.705E-03 1.301E-02
3.737E+00 1.897E-04 2.415E-02 1.476E-03 1.477E-02
4.000E+00 1.656E-04 2.312E-02 1.339E-03 1.602E-02
4.125E+00 1.557E-04 2.267E-02 1.282E-03 1.659E-02
4.554E+00 1.278E-04 2.125E-02 1.117E-03 1.846E-02
5.000E+00 1.060E-04 1.998E-02 9.831E-04 2.027E-02
5.027E+00 1.049E-04 1.990E-02 9.760E-04 2.038E-02
5.549E+00 8.612E-05 1.862E-02 8.549E-04 2.234E-02
6.000E+00 7.368E-05 1.766E-02 7.713E-04 2.394E-02
6.126E+00 7.068E-05 1.741E-02 7.507E-04 2.437E-02
6.762E+00 5.802E-05 1.626E-02 6.608E-04 2.643E-02
7.000E+00 5.414E-05 1.587E-02 6.323E-04 2.717E-02
7.465E+00 4.760E-05 1.517E-02 5.828E-04 2.856E-02
8.000E+00 4.145E-05 1.445E-02 5.345E-04 3.008E-02
8.241E+00 3.906E-05 1.415E-02 5.151E-04 3.074E-02
9.000E+00 3.277E-05 1.328E-02 4.623E-04 3.273E-02
9.097E+00 3.208E-05 1.318E-02 4.563E-04 3.297E-02
1.000E+01 2.654E-05 1.231E-02 4.069E-04 3.517E-02
1.004E+01 2.633E-05 1.227E-02 4.049E-04 3.526E-02
1.100E+01 2.194E-05 1.148E-02 3.632E-04 3.742E-02
1.109E+01 2.158E-05 1.141E-02 3.597E-04 3.761E-02
1.200E+01 1.843E-05 1.077E-02 3.277E-04 3.954E-02
1.224E+01 1.771E-05 1.061E-02 3.202E-04 4.003E-02
1.300E+01 1.570E-05 1.014E-02 2.984E-04 4.150E-02
1.351E+01 1.454E-05 9.853E-03 2.854E-04 4.245E-02
1.400E+01 1.354E-05 9.594E-03 2.739E-04 4.333E-02
1.491E+01 1.194E-05 9.151E-03 2.548E-04 4.490E-02
1.500E+01 1.180E-05 9.109E-03 2.531E-04 4.504E-02
1.600E+01 1.037E-05 8.675E-03 2.351E-04 4.662E-02
1.646E+01 9.798E-06 8.490E-03 2.277E-04 4.732E-02
1.800E+01 8.194E-06 7.928E-03 2.059E-04 4.951E-02
1.818E+01 8.033E-06 7.868E-03 2.036E-04 4.976E-02
2.000E+01 6.636E-06 7.311E-03 1.830E-04 5.206E-02