# PHOSPHORUS from NIST Database
2.200e+00 0.000e+00 0.000e+00 0.000e+00 0.000e+00
1.500e+01 1.000e+00 3.500e+00 0.000e+00 0.000e+00
0.000e+00 0.000e+00 0.000e+00 0.000e+00 0.000e+00
1.000e-03 2.656e+00 1.113e-02 1.910e+03 0.000e+00
1.020e-03 2.645e+00 1.149e-02 1.812e+03 0.000e+00
1.126e-03 2.592e+00 1.345e-02 1.395e+03 0.000e+00
1.243e-03 2.537e+00 1.572e-02 1.073e+03 0.000e+00
1.372e-03 2.475e+00 1.827e-02 8.262e+02 0.000e+00
1.500e-03 2.413e+00 2.080e-02 6.523e+02 0.000e+00
1.515e-03 2.405e+00 2.110e-02 6.350e+02 0.000e+00
1.672e-03 2.326e+00 2.414e-02 4.863e+02 0.000e+00
1.846e-03 2.239e+00 2.742e-02 3.721e+02 0.000e+00
2.000e-03 2.164e+00 3.025e-02 2.996e+02 0.000e+00
2.038e-03 2.146e+00 3.094e-02 2.846e+02 0.000e+00
2.145e-03 2.096e+00 3.286e-02 2.473e+02 0.000e+00
2.145e-03 2.096e+00 3.286e-02 2.471e+03 0.000e+00
2.250e-03 2.048e+00 3.468e-02 2.215e+03 0.000e+00
2.483e-03 1.946e+00 3.856e-02 1.763e+03 0.000e+00
2.741e-03 1.841e+00 4.259e-02 1.394e+03 0.000e+00
3.000e-03 1.745e+00 4.637e-02 1.116e+03 0.000e+00
3.026e-03 1.735e+00 4.674e-02 1.092e+03 0.000e+00
3.341e-03 1.631e+00 5.098e-02 8.460e+02 0.000e+00
3.688e-03 1.529e+00 5.528e-02 6.505e+02 0.000e+00
4.000e-03 1.448e+00 5.885e-02 5.226e+02 0.000e+00
4.071e-03 1.431e+00 5.963e-02 4.984e+02 0.000e+00
4.494e-03 1.336e+00 6.401e-02 3.813e+02 0.000e+00
4.961e-03 1.244e+00 6.843e-02 2.910e+02 0.000e+00
5.000e-03 1.237e+00 6.879e-02 2.848e+02 0.000e+00
5.477e-03 1.155e+00 7.294e-02 2.213e+02 0.000e+00
6.000e-03 1.076e+00 7.719e-02 1.715e+02 0.000e+00
6.046e-03 1.069e+00 7.755e-02 1.678e+02 0.000e+00
6.675e-03 9.845e-01 8.230e-02 1.269e+02 0.000e+00
7.368e-03 9.013e-01 8.718e-02 9.581e+01 0.000e+00
8.000e-03 8.329e-01 9.134e-02 7.567e+01 0.000e+00
8.134e-03 8.192e-01 9.219e-02 7.214e+01 0.000e+00
8.979e-03 7.388e-01 9.733e-02 5.421e+01 0.000e+00
9.912e-03 6.607e-01 1.025e-01 4.064e+01 0.000e+00
1.000e-02 6.539e-01 1.030e-01 3.960e+01 0.000e+00
1.094e-02 5.861e-01 1.077e-01 3.042e+01 0.000e+00
1.208e-02 5.158e-01 1.128e-01 2.269e+01 0.000e+00
1.334e-02 4.511e-01 1.178e-01 1.689e+01 0.000e+00
1.472e-02 3.929e-01 1.224e-01 1.258e+01 0.000e+00
1.500e-02 3.824e-01 1.233e-01 1.188e+01 0.000e+00
1.625e-02 3.406e-01 1.268e-01 9.337e+00 0.000e+00
1.794e-02 2.944e-01 1.307e-01 6.920e+00 0.000e+00
1.980e-02 2.540e-01 1.343e-01 5.124e+00 0.000e+00
2.000e-02 2.502e-01 1.346e-01 4.970e+00 0.000e+00
2.186e-02 2.187e-01 1.374e-01 3.785e+00 0.000e+00
2.413e-02 1.881e-01 1.401e-01 2.792e+00 0.000e+00
2.664e-02 1.614e-01 1.424e-01 2.056e+00 0.000e+00
2.941e-02 1.383e-01 1.443e-01 1.512e+00 0.000e+00
3.000e-02 1.341e-01 1.446e-01 1.421e+00 0.000e+00
3.247e-02 1.183e-01 1.459e-01 1.110e+00 0.000e+00
3.584e-02 1.010e-01 1.471e-01 8.149e-01 0.000e+00
3.957e-02 8.601e-02 1.479e-01 5.970e-01 0.000e+00
4.000e-02 8.450e-02 1.480e-01 5.771e-01 0.000e+00
4.368e-02 7.301e-02 1.484e-01 4.373e-01 0.000e+00
4.822e-02 6.177e-02 1.485e-01 3.199e-01 0.000e+00
5.000e-02 5.806e-02 1.485e-01 2.852e-01 0.000e+00
5.323e-02 5.210e-02 1.483e-01 2.338e-01 0.000e+00
5.876e-02 4.382e-02 1.477e-01 1.707e-01 0.000e+00
6.000e-02 4.223e-02 1.475e-01 1.597e-01 0.000e+00
6.486e-02 3.676e-02 1.467e-01 1.245e-01 0.000e+00
7.161e-02 3.075e-02 1.454e-01 9.078e-02 0.000e+00
7.905e-02 2.568e-02 1.438e-01 6.618e-02 0.000e+00
8.000e-02 2.512e-02 1.436e-01 6.369e-02 0.000e+00
8.726e-02 2.141e-02 1.418e-01 4.823e-02 0.000e+00
9.633e-02 1.783e-02 1.396e-01 3.513e-02 0.000e+00
1.000e-01 1.663e-02 1.387e-01 3.117e-02 0.000e+00
1.063e-01 1.483e-02 1.372e-01 2.563e-02 0.000e+00
1.174e-01 1.231e-02 1.345e-01 1.865e-02 0.000e+00
1.296e-01 1.021e-02 1.316e-01 1.360e-02 0.000e+00
1.431e-01 8.452e-03 1.285e-01 9.913e-03 0.000e+00
1.500e-01 7.725e-03 1.270e-01 8.533e-03 0.000e+00
1.579e-01 7.001e-03 1.253e-01 7.250e-03 0.000e+00
1.743e-01 5.788e-03 1.220e-01 5.303e-03 0.000e+00
1.925e-01 4.776e-03 1.185e-01 3.879e-03 0.000e+00
2.000e-01 4.435e-03 1.172e-01 3.441e-03 0.000e+00
2.125e-01 3.942e-03 1.150e-01 2.848e-03 0.000e+00
2.345e-01 3.252e-03 1.115e-01 2.099e-03 0.000e+00
2.589e-01 2.679e-03 1.079e-01 1.550e-03 0.000e+00
2.858e-01 2.205e-03 1.042e-01 1.149e-03 0.000e+00
3.000e-01 2.005e-03 1.025e-01 9.941e-04 0.000e+00
3.155e-01 1.815e-03 1.006e-01 8.560e-04 0.000e+00
3.483e-01 1.493e-03 9.702e-02 6.405e-04 0.000e+00
3.845e-01 1.227e-03 9.344e-02 4.819e-04 0.000e+00
4.000e-01 1.135e-03 9.202e-02 4.309e-04 0.000e+00
4.245e-01 1.009e-03 8.990e-02 3.647e-04 0.000e+00
4.686e-01 8.290e-04 8.642e-02 2.781e-04 0.000e+00
5.000e-01 7.287e-04 8.415e-02 2.339e-04 0.000e+00
5.173e-01 6.810e-04 8.297e-02 2.139e-04 0.000e+00
5.710e-01 5.595e-04 7.957e-02 1.659e-04 0.000e+00
6.000e-01 5.069e-04 7.789e-02 1.463e-04 0.000e+00
6.304e-01 4.593e-04 7.623e-02 1.291e-04 0.000e+00
6.959e-01 3.772e-04 7.297e-02 1.013e-04 0.000e+00
7.682e-01 3.097e-04 6.977e-02 8.077e-05 0.000e+00
8.000e-01 2.856e-04 6.848e-02 7.414e-05 0.000e+00
8.480e-01 2.542e-04 6.663e-02 6.601e-05 0.000e+00
9.361e-01 2.087e-04 6.358e-02 5.398e-05 0.000e+00
1.000e+00 1.829e-04 6.159e-02 4.608e-05 0.000e+00
1.022e+00 1.752e-04 6.095e-02 4.349e-05 0.000e+00
1.033e+00 1.715e-04 6.064e-02 4.232e-05 7.487e-09
1.141e+00 1.406e-04 5.771e-02 3.440e-05 6.960e-06
1.250e+00 1.171e-04 5.508e-02 2.948e-05 3.700e-05
1.259e+00 1.155e-04 5.488e-02 2.912e-05 4.067e-05
1.390e+00 9.475e-05 5.214e-02 2.445e-05 1.136e-04
1.500e+00 8.137e-05 5.008e-02 2.133e-05 2.001e-04
1.535e+00 7.770e-05 4.947e-02 2.048e-05 2.318e-04
1.694e+00 6.380e-05 4.689e-02 1.734e-05 3.971e-04
1.870e+00 5.236e-05 4.439e-02 1.478e-05 6.122e-04
2.000e+00 4.579e-05 4.274e-02 1.329e-05 7.863e-04
2.044e+00 4.384e-05 4.221e-02 1.285e-05 8.473e-04
2.065e+00 4.296e-05 4.197e-02 1.265e-05 8.767e-04
2.279e+00 3.528e-05 3.965e-02 1.088e-05 1.183e-03
2.516e+00 2.895e-05 3.741e-02 9.404e-06 1.530e-03
2.778e+00 2.374e-05 3.525e-02 8.160e-06 1.916e-03
3.000e+00 2.036e-05 3.364e-02 7.328e-06 2.242e-03
3.066e+00 1.949e-05 3.319e-02 7.111e-06 2.338e-03
3.385e+00 1.599e-05 3.120e-02 6.216e-06 2.798e-03
3.737e+00 1.312e-05 2.931e-02 5.452e-06 3.292e-03
4.000e+00 1.145e-05 2.806e-02 4.989e-06 3.649e-03
4.125e+00 1.077e-05 2.750e-02 4.795e-06 3.815e-03
4.554e+00 8.834e-06 2.578e-02 4.226e-06 4.367e-03
5.000e+00 7.328e-06 2.423e-02 3.760e-06 4.914e-03
5.027e+00 7.249e-06 2.414e-02 3.735e-06 4.946e-03
5.549e+00 5.949e-06 2.258e-02 3.309e-06 5.556e-03
6.000e+00 5.088e-06 2.141e-02 3.012e-06 6.056e-03
6.126e+00 4.881e-06 2.110e-02 2.938e-06 6.190e-03
6.762e+00 4.007e-06 1.972e-02 2.612e-06 6.842e-03
7.000e+00 3.739e-06 1.925e-02 2.508e-06 7.075e-03
7.465e+00 3.287e-06 1.840e-02 2.326e-06 7.516e-03
8.000e+00 2.862e-06 1.752e-02 2.146e-06 8.000e-03
8.241e+00 2.697e-06 1.715e-02 2.074e-06 8.210e-03
9.000e+00 2.261e-06 1.610e-02 1.876e-06 8.839e-03
9.097e+00 2.213e-06 1.598e-02 1.853e-06 8.916e-03
1.000e+01 1.832e-06 1.492e-02 1.665e-06 9.602e-03
1.004e+01 1.818e-06 1.488e-02 1.658e-06 9.631e-03
1.100e+01 1.514e-06 1.392e-02 1.497e-06 1.030e-02
1.109e+01 1.490e-06 1.383e-02 1.483e-06 1.036e-02
1.200e+01 1.272e-06 1.305e-02 1.359e-06 1.093e-02
1.224e+01 1.223e-06 1.286e-02 1.330e-06 1.108e-02
1.300e+01 1.084e-06 1.229e-02 1.245e-06 1.152e-02
1.351e+01 1.004e-06 1.195e-02 1.193e-06 1.181e-02
1.400e+01 9.348e-07 1.163e-02 1.148e-06 1.208e-02
1.491e+01 8.241e-07 1.109e-02 1.072e-06 1.255e-02
1.500e+01 8.143e-07 1.104e-02 1.065e-06 1.259e-02
1.600e+01 7.157e-07 1.051e-02 9.927e-07 1.308e-02
1.646e+01 6.762e-07 1.029e-02 9.628e-07 1.329e-02
1.800e+01 5.654e-07 9.611e-03 8.747e-07 1.397e-02
1.818e+01 5.543e-07 9.537e-03 8.655e-07 1.404e-02
2.000e+01 4.581e-07 8.862e-03 7.816e-07 1.477e-02
