# PROTACTINIUM from NIST Database
1.537e+01 0.000e+00 0.000e+00 0.000e+00 0.000e+00
9.100e+01 1.000e+00 3.500e+00 0.000e+00 0.000e+00
0.000e+00 0.000e+00 0.000e+00 0.000e+00 0.000e+00
1.000e-03 1.366e+01 4.702e-03 6.516e+03 0.000e+00
1.007e-03 1.365e+01 4.744e-03 6.438e+03 0.000e+00
1.007e-03 1.365e+01 4.744e-03 6.855e+03 0.000e+00
1.020e-03 1.363e+01 4.827e-03 6.692e+03 0.000e+00
1.126e-03 1.350e+01 5.487e-03 5.578e+03 0.000e+00
1.224e-03 1.338e+01 6.084e-03 4.783e+03 0.000e+00
1.224e-03 1.338e+01 6.084e-03 4.851e+03 0.000e+00
1.243e-03 1.335e+01 6.194e-03 4.709e+03 0.000e+00
1.372e-03 1.320e+01 6.946e-03 3.885e+03 0.000e+00
1.387e-03 1.318e+01 7.035e-03 3.803e+03 0.000e+00
1.387e-03 1.318e+01 7.035e-03 3.879e+03 0.000e+00
1.500e-03 1.303e+01 7.715e-03 3.313e+03 0.000e+00
1.515e-03 1.300e+01 7.806e-03 3.245e+03 0.000e+00
1.672e-03 1.279e+01 8.748e-03 2.643e+03 0.000e+00
1.846e-03 1.256e+01 9.779e-03 2.151e+03 0.000e+00
2.000e-03 1.236e+01 1.068e-02 1.821e+03 0.000e+00
2.038e-03 1.231e+01 1.091e-02 1.747e+03 0.000e+00
2.250e-03 1.203e+01 1.215e-02 1.405e+03 0.000e+00
2.483e-03 1.173e+01 1.350e-02 1.130e+03 0.000e+00
2.741e-03 1.140e+01 1.498e-02 9.088e+02 0.000e+00
3.000e-03 1.107e+01 1.644e-02 7.447e+02 0.000e+00
3.026e-03 1.104e+01 1.658e-02 7.302e+02 0.000e+00
3.341e-03 1.066e+01 1.831e-02 5.825e+02 0.000e+00
3.442e-03 1.054e+01 1.886e-02 5.443e+02 0.000e+00
3.442e-03 1.054e+01 1.886e-02 1.352e+03 0.000e+00
3.525e-03 1.045e+01 1.932e-02 1.260e+03 0.000e+00
3.611e-03 1.035e+01 1.977e-02 1.175e+03 0.000e+00
3.611e-03 1.035e+01 1.977e-02 1.684e+03 0.000e+00
3.688e-03 1.026e+01 2.015e-02 1.598e+03 0.000e+00
4.000e-03 9.908e+00 2.178e-02 1.305e+03 0.000e+00
4.071e-03 9.834e+00 2.221e-02 1.248e+03 0.000e+00
4.174e-03 9.720e+00 2.265e-02 1.172e+03 0.000e+00
4.174e-03 9.720e+00 2.265e-02 1.365e+03 0.000e+00
4.494e-03 9.285e+00 2.202e-02 1.133e+03 0.000e+00
4.961e-03 8.896e+00 2.555e-02 8.842e+02 0.000e+00
5.000e-03 8.894e+00 2.659e-02 8.669e+02 0.000e+00
5.001e-03 8.894e+00 2.661e-02 8.667e+02 0.000e+00
5.001e-03 8.894e+00 2.661e-02 9.199e+02 0.000e+00
5.181e-03 8.780e+00 2.893e-02 8.430e+02 0.000e+00
5.367e-03 8.557e+00 2.823e-02 7.726e+02 0.000e+00
5.367e-03 8.557e+00 2.823e-02 8.057e+02 0.000e+00
5.477e-03 8.439e+00 2.807e-02 7.667e+02 0.000e+00
6.000e-03 8.023e+00 3.089e-02 6.136e+02 0.000e+00
6.046e-03 7.990e+00 3.120e-02 6.021e+02 0.000e+00
6.675e-03 7.528e+00 3.448e-02 4.711e+02 0.000e+00
7.368e-03 7.030e+00 3.671e-02 3.688e+02 0.000e+00
8.000e-03 6.613e+00 3.842e-02 3.008e+02 0.000e+00
8.134e-03 6.530e+00 3.881e-02 2.885e+02 0.000e+00
8.979e-03 6.046e+00 4.157e-02 2.248e+02 0.000e+00
9.912e-03 5.575e+00 4.477e-02 1.752e+02 0.000e+00
1.000e-02 5.534e+00 4.507e-02 1.714e+02 0.000e+00
1.094e-02 5.117e+00 4.805e-02 1.361e+02 0.000e+00
1.208e-02 4.669e+00 5.131e-02 1.056e+02 0.000e+00
1.334e-02 4.237e+00 5.455e-02 8.186e+01 0.000e+00
1.472e-02 3.827e+00 5.777e-02 6.360e+01 0.000e+00
1.500e-02 3.751e+00 5.839e-02 6.060e+01 0.000e+00
1.625e-02 3.437e+00 6.102e-02 4.924e+01 0.000e+00
1.673e-02 3.326e+00 6.198e-02 4.564e+01 0.000e+00
1.673e-02 3.326e+00 6.198e-02 1.096e+02 0.000e+00
1.794e-02 3.073e+00 6.424e-02 9.071e+01 0.000e+00
1.980e-02 2.732e+00 6.740e-02 6.936e+01 0.000e+00
2.000e-02 2.698e+00 6.772e-02 6.748e+01 0.000e+00
2.031e-02 2.646e+00 6.821e-02 6.475e+01 0.000e+00
2.031e-02 2.646e+00 6.821e-02 9.180e+01 0.000e+00
2.071e-02 2.584e+00 6.882e-02 8.736e+01 0.000e+00
2.110e-02 2.525e+00 6.941e-02 8.318e+01 0.000e+00
2.110e-02 2.525e+00 6.941e-02 9.600e+01 0.000e+00
2.186e-02 2.418e+00 7.051e-02 8.776e+01 0.000e+00
2.413e-02 2.131e+00 7.355e-02 6.819e+01 0.000e+00
2.664e-02 1.868e+00 7.654e-02 5.296e+01 0.000e+00
2.941e-02 1.633e+00 7.945e-02 4.113e+01 0.000e+00
3.000e-02 1.589e+00 8.002e-02 3.910e+01 0.000e+00
3.247e-02 1.426e+00 8.226e-02 3.178e+01 0.000e+00
3.584e-02 1.246e+00 8.492e-02 2.454e+01 0.000e+00
3.957e-02 1.085e+00 8.740e-02 1.894e+01 0.000e+00
4.000e-02 1.068e+00 8.766e-02 1.841e+01 0.000e+00
4.368e-02 9.411e-01 8.965e-02 1.458e+01 0.000e+00
4.822e-02 8.127e-01 9.164e-02 1.121e+01 0.000e+00
5.000e-02 7.692e-01 9.230e-02 1.019e+01 0.000e+00
5.323e-02 6.985e-01 9.335e-02 8.616e+00 0.000e+00
5.876e-02 5.979e-01 9.478e-02 6.615e+00 0.000e+00
6.000e-02 5.784e-01 9.504e-02 6.256e+00 0.000e+00
6.486e-02 5.106e-01 9.587e-02 5.072e+00 0.000e+00
7.161e-02 4.351e-01 9.665e-02 3.885e+00 0.000e+00
7.905e-02 3.705e-01 9.711e-02 2.977e+00 0.000e+00
8.000e-02 3.634e-01 9.715e-02 2.883e+00 0.000e+00
8.726e-02 3.154e-01 9.728e-02 2.278e+00 0.000e+00
9.633e-02 2.681e-01 9.718e-02 1.743e+00 0.000e+00
1.000e-01 2.520e-01 9.707e-02 1.575e+00 0.000e+00
1.063e-01 2.275e-01 9.681e-02 1.335e+00 0.000e+00
1.126e-01 2.065e-01 9.647e-02 1.142e+00 0.000e+00
1.126e-01 2.065e-01 9.647e-02 4.895e+00 0.000e+00
1.174e-01 1.923e-01 9.616e-02 4.402e+00 0.000e+00
1.296e-01 1.623e-01 9.524e-02 3.422e+00 0.000e+00
1.431e-01 1.367e-01 9.406e-02 2.658e+00 0.000e+00
1.500e-01 1.258e-01 9.342e-02 2.356e+00 0.000e+00
1.579e-01 1.149e-01 9.267e-02 2.065e+00 0.000e+00
1.743e-01 9.642e-02 9.109e-02 1.602e+00 0.000e+00
1.925e-01 8.069e-02 8.930e-02 1.240e+00 0.000e+00
2.000e-01 7.533e-02 8.857e-02 1.124e+00 0.000e+00
2.125e-01 6.754e-02 8.736e-02 9.616e-01 0.000e+00
2.345e-01 5.653e-02 8.527e-02 7.468e-01 0.000e+00
2.589e-01 4.725e-02 8.305e-02 5.800e-01 0.000e+00
2.858e-01 3.947e-02 8.074e-02 4.514e-01 0.000e+00
3.000e-01 3.613e-02 7.958e-02 3.996e-01 0.000e+00
3.155e-01 3.294e-02 7.836e-02 3.523e-01 0.000e+00
3.483e-01 2.746e-02 7.593e-02 2.757e-01 0.000e+00
3.845e-01 2.287e-02 7.346e-02 2.165e-01 0.000e+00
4.000e-01 2.125e-02 7.246e-02 1.967e-01 0.000e+00
4.245e-01 1.902e-02 7.096e-02 1.706e-01 0.000e+00
4.686e-01 1.580e-02 6.845e-02 1.350e-01 0.000e+00
5.000e-01 1.398e-02 6.681e-02 1.161e-01 0.000e+00
5.173e-01 1.311e-02 6.595e-02 1.073e-01 0.000e+00
5.710e-01 1.086e-02 6.345e-02 8.568e-02 0.000e+00
6.000e-01 9.884e-03 6.219e-02 7.666e-02 0.000e+00
6.304e-01 8.994e-03 6.094e-02 6.869e-02 0.000e+00
6.959e-01 7.444e-03 5.845e-02 5.533e-02 0.000e+00
7.682e-01 6.155e-03 5.599e-02 4.478e-02 0.000e+00
8.000e-01 5.690e-03 5.500e-02 4.111e-02 0.000e+00
8.480e-01 5.081e-03 5.359e-02 3.640e-02 0.000e+00
9.361e-01 4.193e-03 5.123e-02 2.973e-02 0.000e+00
1.000e+00 3.691e-03 4.966e-02 2.603e-02 0.000e+00
1.022e+00 3.540e-03 4.913e-02 2.492e-02 0.000e+00
1.033e+00 3.468e-03 4.888e-02 2.440e-02 9.256e-08
1.141e+00 2.858e-03 4.657e-02 2.007e-02 8.544e-05
1.250e+00 2.389e-03 4.452e-02 1.684e-02 4.465e-04
1.259e+00 2.356e-03 4.436e-02 1.661e-02 4.897e-04
1.390e+00 1.940e-03 4.218e-02 1.378e-02 1.312e-03
1.500e+00 1.671e-03 4.053e-02 1.198e-02 2.195e-03
1.535e+00 1.597e-03 4.004e-02 1.149e-02 2.495e-03
1.694e+00 1.315e-03 3.796e-02 9.632e-03 3.881e-03
1.870e+00 1.082e-03 3.596e-02 8.113e-03 5.378e-03
2.000e+00 9.475e-04 3.464e-02 7.236e-03 6.449e-03
2.044e+00 9.076e-04 3.422e-02 6.975e-03 6.808e-03
2.065e+00 8.895e-04 3.403e-02 6.857e-03 6.979e-03
2.279e+00 7.318e-04 3.217e-02 5.823e-03 8.646e-03
2.516e+00 6.015e-04 3.036e-02 4.963e-03 1.035e-02
2.778e+00 4.941e-04 2.860e-02 4.245e-03 1.210e-02
3.000e+00 4.241e-04 2.729e-02 3.769e-03 1.348e-02
3.066e+00 4.061e-04 2.693e-02 3.646e-03 1.388e-02
3.385e+00 3.335e-04 2.533e-02 3.141e-03 1.572e-02
3.737e+00 2.739e-04 2.380e-02 2.715e-03 1.762e-02
4.000e+00 2.392e-04 2.279e-02 2.461e-03 1.896e-02
4.125e+00 2.249e-04 2.234e-02 2.355e-03 1.957e-02
4.554e+00 1.847e-04 2.094e-02 2.048e-03 2.160e-02
5.000e+00 1.533e-04 1.968e-02 1.800e-03 2.355e-02
5.027e+00 1.516e-04 1.961e-02 1.787e-03 2.366e-02
5.549e+00 1.245e-04 1.835e-02 1.562e-03 2.578e-02
6.000e+00 1.065e-04 1.740e-02 1.408e-03 2.749e-02
6.126e+00 1.022e-04 1.716e-02 1.370e-03 2.795e-02
6.762e+00 8.390e-05 1.603e-02 1.204e-03 3.019e-02
7.000e+00 7.830e-05 1.564e-02 1.151e-03 3.100e-02
7.465e+00 6.885e-05 1.495e-02 1.060e-03 3.251e-02
8.000e+00 5.995e-05 1.424e-02 9.712e-04 3.416e-02
8.241e+00 5.650e-05 1.394e-02 9.356e-04 3.488e-02
9.000e+00 4.739e-05 1.309e-02 8.385e-04 3.704e-02
9.097e+00 4.638e-05 1.299e-02 8.275e-04 3.731e-02
1.000e+01 3.839e-05 1.213e-02 7.371e-04 3.971e-02
1.004e+01 3.809e-05 1.209e-02 7.336e-04 3.981e-02
1.100e+01 3.172e-05 1.131e-02 6.569e-04 4.220e-02
1.109e+01 3.121e-05 1.125e-02 6.505e-04 4.241e-02
1.200e+01 2.667e-05 1.061e-02 5.922e-04 4.450e-02
1.224e+01 2.563e-05 1.046e-02 5.785e-04 4.502e-02
1.300e+01 2.272e-05 9.996e-03 5.388e-04 4.666e-02
1.351e+01 2.104e-05 9.712e-03 5.151e-04 4.770e-02
1.400e+01 1.959e-05 9.457e-03 4.942e-04 4.867e-02
1.491e+01 1.727e-05 9.021e-03 4.596e-04 5.038e-02
1.500e+01 1.707e-05 8.980e-03 4.564e-04 5.054e-02
1.600e+01 1.500e-05 8.550e-03 4.236e-04 5.232e-02
1.646e+01 1.417e-05 8.367e-03 4.101e-04 5.309e-02
1.800e+01 1.185e-05 7.815e-03 3.707e-04 5.551e-02
1.818e+01 1.162e-05 7.755e-03 3.665e-04 5.579e-02
2.000e+01 9.603e-06 7.207e-03 3.292e-04 5.838e-02
