# PARAFFIN WAX from NIST Database
9.300e-01 0.000e+00 0.000e+00 0.000e+00 0.000e+00
1.000e+00 1.474e-01 3.500e+00 0.000e+00 0.000e+00
6.000e+00 7.089e-02 3.500e+00 0.000e+00 0.000e+00
0.000e+00 0.000e+00 0.000e+00 0.000e+00 0.000e+00
1.000e-03 9.702e-01 1.823e-02 1.882e+03 0.000e+00
1.020e-03 9.654e-01 1.887e-02 1.780e+03 0.000e+00
1.126e-03 9.417e-01 2.237e-02 1.347e+03 0.000e+00
1.243e-03 9.166e-01 2.647e-02 1.019e+03 0.000e+00
1.372e-03 8.889e-01 3.119e-02 7.695e+02 0.000e+00
1.500e-03 8.604e-01 3.600e-02 5.958e+02 0.000e+00
1.515e-03 8.571e-01 3.657e-02 5.789e+02 0.000e+00
1.672e-03 8.209e-01 4.253e-02 4.349e+02 0.000e+00
1.846e-03 7.804e-01 4.912e-02 3.254e+02 0.000e+00
2.000e-03 7.450e-01 5.488e-02 2.570e+02 0.000e+00
2.038e-03 7.363e-01 5.629e-02 2.430e+02 0.000e+00
2.250e-03 6.896e-01 6.398e-02 1.812e+02 0.000e+00
2.483e-03 6.412e-01 7.209e-02 1.350e+02 0.000e+00
2.741e-03 5.916e-01 8.057e-02 1.003e+02 0.000e+00
3.000e-03 5.462e-01 8.849e-02 7.635e+01 0.000e+00
3.026e-03 5.419e-01 8.925e-02 7.438e+01 0.000e+00
3.341e-03 4.928e-01 9.798e-02 5.505e+01 0.000e+00
3.688e-03 4.455e-01 1.066e-01 4.070e+01 0.000e+00
4.000e-03 4.085e-01 1.134e-01 3.171e+01 0.000e+00
4.071e-03 4.008e-01 1.149e-01 3.004e+01 0.000e+00
4.494e-03 3.591e-01 1.228e-01 2.213e+01 0.000e+00
4.961e-03 3.209e-01 1.302e-01 1.628e+01 0.000e+00
5.000e-03 3.180e-01 1.307e-01 1.589e+01 0.000e+00
5.477e-03 2.861e-01 1.370e-01 1.195e+01 0.000e+00
6.000e-03 2.573e-01 1.429e-01 8.980e+00 0.000e+00
6.046e-03 2.550e-01 1.433e-01 8.766e+00 0.000e+00
6.675e-03 2.272e-01 1.491e-01 6.417e+00 0.000e+00
7.368e-03 2.024e-01 1.544e-01 4.693e+00 0.000e+00
8.000e-03 1.839e-01 1.584e-01 3.612e+00 0.000e+00
8.134e-03 1.804e-01 1.592e-01 3.425e+00 0.000e+00
8.979e-03 1.608e-01 1.638e-01 2.498e+00 0.000e+00
9.912e-03 1.431e-01 1.680e-01 1.819e+00 0.000e+00
1.000e-02 1.416e-01 1.683e-01 1.768e+00 0.000e+00
1.094e-02 1.272e-01 1.719e-01 1.324e+00 0.000e+00
1.208e-02 1.126e-01 1.756e-01 9.609e-01 0.000e+00
1.334e-02 9.932e-02 1.790e-01 6.967e-01 0.000e+00
1.472e-02 8.724e-02 1.821e-01 5.058e-01 0.000e+00
1.500e-02 8.505e-02 1.827e-01 4.756e-01 0.000e+00
1.625e-02 7.615e-02 1.850e-01 3.662e-01 0.000e+00
1.794e-02 6.606e-02 1.874e-01 2.649e-01 0.000e+00
1.980e-02 5.701e-02 1.895e-01 1.916e-01 0.000e+00
2.000e-02 5.615e-02 1.897e-01 1.853e-01 0.000e+00
2.186e-02 4.891e-02 1.912e-01 1.383e-01 0.000e+00
2.413e-02 4.177e-02 1.924e-01 9.986e-02 0.000e+00
2.664e-02 3.552e-02 1.931e-01 7.201e-02 0.000e+00
2.941e-02 3.009e-02 1.935e-01 5.189e-02 0.000e+00
3.000e-02 2.910e-02 1.935e-01 4.859e-02 0.000e+00
3.247e-02 2.542e-02 1.934e-01 3.737e-02 0.000e+00
3.584e-02 2.143e-02 1.928e-01 2.691e-02 0.000e+00
3.957e-02 1.801e-02 1.920e-01 1.936e-02 0.000e+00
4.000e-02 1.767e-02 1.918e-01 1.867e-02 0.000e+00
4.368e-02 1.510e-02 1.907e-01 1.393e-02 0.000e+00
4.822e-02 1.264e-02 1.891e-01 1.002e-02 0.000e+00
5.000e-02 1.183e-02 1.884e-01 8.876e-03 0.000e+00
5.323e-02 1.056e-02 1.872e-01 7.203e-03 0.000e+00
5.876e-02 8.797e-03 1.849e-01 5.178e-03 0.000e+00
6.000e-02 8.463e-03 1.844e-01 4.829e-03 0.000e+00
6.486e-02 7.320e-03 1.824e-01 3.723e-03 0.000e+00
7.161e-02 6.078e-03 1.796e-01 2.674e-03 0.000e+00
7.905e-02 5.040e-03 1.766e-01 1.923e-03 0.000e+00
8.000e-02 4.926e-03 1.762e-01 1.847e-03 0.000e+00
8.726e-02 4.172e-03 1.734e-01 1.383e-03 0.000e+00
9.633e-02 3.448e-03 1.699e-01 9.945e-04 0.000e+00
1.000e-01 3.208e-03 1.685e-01 8.782e-04 0.000e+00
1.063e-01 2.849e-03 1.663e-01 7.170e-04 0.000e+00
1.174e-01 2.348e-03 1.624e-01 5.160e-04 0.000e+00
1.296e-01 1.936e-03 1.585e-01 3.724e-04 0.000e+00
1.431e-01 1.594e-03 1.544e-01 2.689e-04 0.000e+00
1.500e-01 1.453e-03 1.524e-01 2.304e-04 0.000e+00
1.579e-01 1.313e-03 1.502e-01 1.948e-04 0.000e+00
1.743e-01 1.080e-03 1.459e-01 1.412e-04 0.000e+00
1.925e-01 8.873e-04 1.415e-01 1.024e-04 0.000e+00
2.000e-01 8.226e-04 1.399e-01 9.055e-05 0.000e+00
2.125e-01 7.294e-04 1.372e-01 7.457e-05 0.000e+00
2.345e-01 5.999e-04 1.328e-01 5.453e-05 0.000e+00
2.589e-01 4.928e-04 1.284e-01 3.996e-05 0.000e+00
2.858e-01 4.048e-04 1.240e-01 2.943e-05 0.000e+00
3.000e-01 3.676e-04 1.218e-01 2.538e-05 0.000e+00
3.155e-01 3.325e-04 1.196e-01 2.179e-05 0.000e+00
3.483e-01 2.730e-04 1.152e-01 1.621e-05 0.000e+00
3.845e-01 2.241e-04 1.109e-01 1.214e-05 0.000e+00
4.000e-01 2.071e-04 1.092e-01 1.083e-05 0.000e+00
4.245e-01 1.840e-04 1.066e-01 9.137e-06 0.000e+00
4.686e-01 1.510e-04 1.025e-01 6.937e-06 0.000e+00
5.000e-01 1.327e-04 9.975e-02 5.823e-06 0.000e+00
5.173e-01 1.240e-04 9.834e-02 5.324e-06 0.000e+00
5.710e-01 1.018e-04 9.428e-02 4.120e-06 0.000e+00
6.000e-01 9.219e-05 9.227e-02 3.621e-06 0.000e+00
6.304e-01 8.352e-05 9.030e-02 3.179e-06 0.000e+00
6.959e-01 6.854e-05 8.642e-02 2.466e-06 0.000e+00
7.682e-01 5.625e-05 8.261e-02 1.972e-06 0.000e+00
8.000e-01 5.187e-05 8.106e-02 1.826e-06 0.000e+00
8.480e-01 4.616e-05 7.886e-02 1.660e-06 0.000e+00
9.361e-01 3.789e-05 7.523e-02 1.380e-06 0.000e+00
1.000e+00 3.320e-05 7.290e-02 1.135e-06 0.000e+00
1.022e+00 3.179e-05 7.215e-02 1.047e-06 0.000e+00
1.033e+00 3.112e-05 7.178e-02 1.009e-06 2.507e-09
1.141e+00 2.551e-05 6.832e-02 8.044e-07 2.387e-06
1.250e+00 2.125e-05 6.519e-02 7.109e-07 1.294e-05
1.259e+00 2.095e-05 6.495e-02 7.035e-07 1.425e-05
1.390e+00 1.719e-05 6.169e-02 5.946e-07 4.045e-05
1.500e+00 1.476e-05 5.926e-02 5.162e-07 7.194e-05
1.535e+00 1.410e-05 5.854e-02 4.953e-07 8.353e-05
1.694e+00 1.158e-05 5.548e-02 4.201e-07 1.442e-04
1.870e+00 9.499e-06 5.251e-02 3.606e-07 2.231e-04
2.000e+00 8.303e-06 5.056e-02 3.258e-07 2.869e-04
2.044e+00 7.949e-06 4.994e-02 3.153e-07 3.093e-04
2.065e+00 7.788e-06 4.965e-02 3.104e-07 3.201e-04
2.279e+00 6.393e-06 4.690e-02 2.683e-07 4.332e-04
2.516e+00 5.246e-06 4.425e-02 2.329e-07 5.632e-04
2.778e+00 4.304e-06 4.169e-02 2.029e-07 7.101e-04
3.000e+00 3.691e-06 3.978e-02 1.828e-07 8.356e-04
3.066e+00 3.534e-06 3.925e-02 1.776e-07 8.731e-04
3.385e+00 2.899e-06 3.690e-02 1.558e-07 1.053e-03
3.737e+00 2.379e-06 3.466e-02 1.371e-07 1.249e-03
4.000e+00 2.076e-06 3.318e-02 1.258e-07 1.391e-03
4.125e+00 1.952e-06 3.253e-02 1.211e-07 1.457e-03
4.554e+00 1.602e-06 3.049e-02 1.071e-07 1.681e-03
5.000e+00 1.329e-06 2.866e-02 9.559e-08 1.904e-03
5.027e+00 1.314e-06 2.855e-02 9.497e-08 1.917e-03
5.549e+00 1.079e-06 2.671e-02 8.437e-08 2.168e-03
6.000e+00 9.228e-07 2.533e-02 7.694e-08 2.376e-03
6.126e+00 8.852e-07 2.497e-02 7.509e-08 2.432e-03
6.762e+00 7.263e-07 2.332e-02 6.696e-08 2.704e-03
7.000e+00 6.777e-07 2.276e-02 6.434e-08 2.802e-03
7.465e+00 5.960e-07 2.176e-02 5.977e-08 2.987e-03
8.000e+00 5.191e-07 2.072e-02 5.525e-08 3.191e-03
8.241e+00 4.892e-07 2.029e-02 5.343e-08 3.280e-03
9.000e+00 4.101e-07 1.905e-02 4.842e-08 3.548e-03
9.097e+00 4.014e-07 1.890e-02 4.784e-08 3.581e-03
1.000e+01 3.322e-07 1.764e-02 4.308e-08 3.875e-03
1.004e+01 3.295e-07 1.759e-02 4.289e-08 3.887e-03
1.100e+01 2.745e-07 1.646e-02 3.877e-08 4.174e-03
1.109e+01 2.701e-07 1.636e-02 3.843e-08 4.199e-03
1.200e+01 2.307e-07 1.543e-02 3.526e-08 4.449e-03
1.224e+01 2.217e-07 1.521e-02 3.451e-08 4.513e-03
1.300e+01 1.966e-07 1.454e-02 3.232e-08 4.707e-03
1.351e+01 1.820e-07 1.413e-02 3.101e-08 4.832e-03
1.400e+01 1.695e-07 1.376e-02 2.984e-08 4.948e-03
1.491e+01 1.494e-07 1.312e-02 2.789e-08 5.153e-03
1.500e+01 1.476e-07 1.306e-02 2.771e-08 5.172e-03
1.600e+01 1.298e-07 1.244e-02 2.586e-08 5.388e-03
1.646e+01 1.226e-07 1.217e-02 2.510e-08 5.482e-03
1.800e+01 1.025e-07 1.137e-02 2.282e-08 5.778e-03
1.818e+01 1.005e-07 1.128e-02 2.258e-08 5.810e-03
2.000e+01 8.303e-08 1.048e-02 2.042e-08 6.130e-03
