# LEAD from NIST Database
1.135e+01 0.000e+00 0.000e+00 0.000e+00 0.000e+00
8.200e+01 1.000e+00 3.500e+00 0.000e+00 0.000e+00
0.000e+00 0.000e+00 0.000e+00 0.000e+00 0.000e+00
1.000e-03 1.251e+01 3.587e-03 5.197e+03 0.000e+00
1.020e-03 1.249e+01 3.699e-03 4.999e+03 0.000e+00
1.126e-03 1.238e+01 4.310e-03 4.117e+03 0.000e+00
1.243e-03 1.227e+01 5.013e-03 3.390e+03 0.000e+00
1.372e-03 1.214e+01 5.807e-03 2.793e+03 0.000e+00
1.500e-03 1.201e+01 6.601e-03 2.344e+03 0.000e+00
1.515e-03 1.199e+01 6.693e-03 2.295e+03 0.000e+00
1.672e-03 1.182e+01 7.657e-03 1.862e+03 0.000e+00
1.846e-03 1.162e+01 8.708e-03 1.510e+03 0.000e+00
2.000e-03 1.144e+01 9.620e-03 1.274e+03 0.000e+00
2.038e-03 1.139e+01 9.843e-03 1.222e+03 0.000e+00
2.250e-03 1.115e+01 1.107e-02 9.825e+02 0.000e+00
2.483e-03 1.088e+01 1.239e-02 7.907e+02 0.000e+00
2.484e-03 1.088e+01 1.240e-02 7.900e+02 0.000e+00
2.484e-03 1.088e+01 1.240e-02 1.385e+03 0.000e+00
2.534e-03 1.082e+01 1.268e-02 1.636e+03 0.000e+00
2.586e-03 1.076e+01 1.297e-02 1.933e+03 0.000e+00
2.586e-03 1.076e+01 1.297e-02 2.439e+03 0.000e+00
2.741e-03 1.057e+01 1.384e-02 2.236e+03 0.000e+00
3.000e-03 1.027e+01 1.525e-02 1.955e+03 0.000e+00
3.026e-03 1.024e+01 1.539e-02 1.911e+03 0.000e+00
3.066e-03 1.019e+01 1.560e-02 1.847e+03 0.000e+00
3.066e-03 1.019e+01 1.560e-02 2.136e+03 0.000e+00
3.341e-03 9.885e+00 1.704e-02 1.730e+03 0.000e+00
3.554e-03 9.652e+00 1.813e-02 1.486e+03 0.000e+00
3.554e-03 9.652e+00 1.813e-02 1.575e+03 0.000e+00
3.688e-03 9.508e+00 1.881e-02 1.443e+03 0.000e+00
3.851e-03 9.335e+00 1.963e-02 1.302e+03 0.000e+00
3.851e-03 9.335e+00 1.963e-02 1.358e+03 0.000e+00
4.000e-03 9.179e+00 2.037e-02 1.242e+03 0.000e+00
4.071e-03 9.105e+00 2.072e-02 1.190e+03 0.000e+00
4.494e-03 8.682e+00 2.277e-02 9.359e+02 0.000e+00
4.961e-03 8.243e+00 2.497e-02 7.361e+02 0.000e+00
5.000e-03 8.208e+00 2.516e-02 7.222e+02 0.000e+00
5.477e-03 7.789e+00 2.735e-02 5.763e+02 0.000e+00
6.000e-03 7.362e+00 2.970e-02 4.598e+02 0.000e+00
6.046e-03 7.326e+00 2.991e-02 4.510e+02 0.000e+00
6.675e-03 6.857e+00 3.264e-02 3.514e+02 0.000e+00
7.368e-03 6.389e+00 3.553e-02 2.740e+02 0.000e+00
8.000e-03 6.002e+00 3.807e-02 2.226e+02 0.000e+00
8.134e-03 5.924e+00 3.860e-02 2.133e+02 0.000e+00
8.979e-03 5.468e+00 4.181e-02 1.656e+02 0.000e+00
9.912e-03 5.021e+00 4.510e-02 1.285e+02 0.000e+00
1.000e-02 4.982e+00 4.540e-02 1.256e+02 0.000e+00
1.094e-02 4.585e+00 4.840e-02 9.947e+01 0.000e+00
1.208e-02 4.163e+00 5.173e-02 7.689e+01 0.000e+00
1.304e-02 3.851e+00 5.435e-02 6.310e+01 0.000e+00
1.304e-02 3.851e+00 5.435e-02 1.582e+02 0.000e+00
1.334e-02 3.759e+00 5.516e-02 1.486e+02 0.000e+00
1.472e-02 3.378e+00 5.858e-02 1.139e+02 0.000e+00
1.500e-02 3.308e+00 5.920e-02 1.082e+02 0.000e+00
1.520e-02 3.258e+00 5.964e-02 1.045e+02 0.000e+00
1.520e-02 3.258e+00 5.964e-02 1.452e+02 0.000e+00
1.553e-02 3.180e+00 6.037e-02 1.380e+02 0.000e+00
1.586e-02 3.104e+00 6.112e-02 1.312e+02 0.000e+00
1.586e-02 3.104e+00 6.112e-02 1.517e+02 0.000e+00
1.625e-02 3.018e+00 6.197e-02 1.426e+02 0.000e+00
1.794e-02 2.679e+00 6.535e-02 1.108e+02 0.000e+00
1.980e-02 2.368e+00 6.864e-02 8.615e+01 0.000e+00
2.000e-02 2.338e+00 6.897e-02 8.397e+01 0.000e+00
2.186e-02 2.087e+00 7.194e-02 6.643e+01 0.000e+00
2.413e-02 1.837e+00 7.525e-02 5.121e+01 0.000e+00
2.664e-02 1.614e+00 7.852e-02 3.946e+01 0.000e+00
2.941e-02 1.414e+00 8.167e-02 3.041e+01 0.000e+00
3.000e-02 1.377e+00 8.228e-02 2.886e+01 0.000e+00
3.247e-02 1.237e+00 8.465e-02 2.334e+01 0.000e+00
3.584e-02 1.078e+00 8.740e-02 1.792e+01 0.000e+00
3.957e-02 9.349e-01 8.993e-02 1.374e+01 0.000e+00
4.000e-02 9.202e-01 9.019e-02 1.335e+01 0.000e+00
4.368e-02 8.066e-01 9.218e-02 1.052e+01 0.000e+00
4.822e-02 6.927e-01 9.414e-02 8.045e+00 0.000e+00
5.000e-02 6.545e-01 9.478e-02 7.292e+00 0.000e+00
5.323e-02 5.930e-01 9.578e-02 6.146e+00 0.000e+00
5.876e-02 5.067e-01 9.710e-02 4.692e+00 0.000e+00
6.000e-02 4.900e-01 9.734e-02 4.432e+00 0.000e+00
6.486e-02 4.325e-01 9.810e-02 3.579e+00 0.000e+00
7.161e-02 3.686e-01 9.881e-02 2.728e+00 0.000e+00
7.905e-02 3.139e-01 9.920e-02 2.079e+00 0.000e+00
8.000e-02 3.078e-01 9.923e-02 2.012e+00 0.000e+00
8.726e-02 2.669e-01 9.929e-02 1.584e+00 0.000e+00
8.800e-02 2.632e-01 9.928e-02 1.547e+00 0.000e+00
8.800e-02 2.632e-01 9.928e-02 7.321e+00 0.000e+00
9.633e-02 2.265e-01 9.909e-02 5.776e+00 0.000e+00
1.000e-01 2.128e-01 9.894e-02 5.237e+00 0.000e+00
1.063e-01 1.918e-01 9.860e-02 4.465e+00 0.000e+00
1.174e-01 1.616e-01 9.783e-02 3.446e+00 0.000e+00
1.296e-01 1.360e-01 9.680e-02 2.663e+00 0.000e+00
1.431e-01 1.141e-01 9.552e-02 2.054e+00 0.000e+00
1.500e-01 1.049e-01 9.484e-02 1.815e+00 0.000e+00
1.579e-01 9.574e-02 9.403e-02 1.585e+00 0.000e+00
1.743e-01 8.020e-02 9.233e-02 1.219e+00 0.000e+00
1.925e-01 6.708e-02 9.044e-02 9.367e-01 0.000e+00
2.000e-01 6.260e-02 8.966e-02 8.464e-01 0.000e+00
2.125e-01 5.611e-02 8.839e-02 7.209e-01 0.000e+00
2.345e-01 4.692e-02 8.622e-02 5.560e-01 0.000e+00
2.589e-01 3.917e-02 8.393e-02 4.291e-01 0.000e+00
2.858e-01 3.267e-02 8.155e-02 3.320e-01 0.000e+00
3.000e-01 2.988e-02 8.036e-02 2.930e-01 0.000e+00
3.155e-01 2.722e-02 7.911e-02 2.575e-01 0.000e+00
3.483e-01 2.264e-02 7.663e-02 2.003e-01 0.000e+00
3.845e-01 1.881e-02 7.411e-02 1.563e-01 0.000e+00
4.000e-01 1.746e-02 7.310e-02 1.417e-01 0.000e+00
4.245e-01 1.561e-02 7.157e-02 1.225e-01 0.000e+00
4.686e-01 1.294e-02 6.902e-02 9.638e-02 0.000e+00
5.000e-01 1.143e-02 6.734e-02 8.257e-02 0.000e+00
5.173e-01 1.071e-02 6.646e-02 7.620e-02 0.000e+00
5.710e-01 8.865e-03 6.391e-02 6.055e-02 0.000e+00
6.000e-01 8.060e-03 6.263e-02 5.406e-02 0.000e+00
6.304e-01 7.327e-03 6.137e-02 4.834e-02 0.000e+00
6.959e-01 6.054e-03 5.887e-02 3.880e-02 0.000e+00
7.682e-01 4.999e-03 5.639e-02 3.131e-02 0.000e+00
8.000e-01 4.621e-03 5.537e-02 2.871e-02 0.000e+00
8.480e-01 4.127e-03 5.390e-02 2.539e-02 0.000e+00
9.361e-01 3.404e-03 5.148e-02 2.069e-02 0.000e+00
1.000e+00 2.991e-03 4.993e-02 1.810e-02 0.000e+00
1.022e+00 2.865e-03 4.944e-02 1.732e-02 0.000e+00
1.033e+00 2.806e-03 4.919e-02 1.695e-02 8.395e-08
1.141e+00 2.309e-03 4.688e-02 1.393e-02 7.455e-05
1.250e+00 1.930e-03 4.476e-02 1.168e-02 3.781e-04
1.259e+00 1.903e-03 4.460e-02 1.153e-02 4.139e-04
1.390e+00 1.566e-03 4.240e-02 9.570e-03 1.086e-03
1.500e+00 1.347e-03 4.075e-02 8.321e-03 1.806e-03
1.535e+00 1.287e-03 4.025e-02 7.981e-03 2.052e-03
1.694e+00 1.060e-03 3.815e-02 6.696e-03 3.210e-03
1.870e+00 8.714e-04 3.612e-02 5.641e-03 4.503e-03
2.000e+00 7.626e-04 3.482e-02 5.034e-03 5.450e-03
2.044e+00 7.304e-04 3.441e-02 4.854e-03 5.769e-03
2.065e+00 7.157e-04 3.422e-02 4.772e-03 5.921e-03
2.279e+00 5.884e-04 3.238e-02 4.057e-03 7.425e-03
2.516e+00 4.834e-04 3.055e-02 3.460e-03 8.996e-03
2.778e+00 3.970e-04 2.877e-02 2.962e-03 1.063e-02
3.000e+00 3.406e-04 2.744e-02 2.631e-03 1.193e-02
3.066e+00 3.262e-04 2.707e-02 2.546e-03 1.231e-02
3.385e+00 2.678e-04 2.545e-02 2.195e-03 1.406e-02
3.737e+00 2.198e-04 2.392e-02 1.899e-03 1.588e-02
4.000e+00 1.919e-04 2.290e-02 1.723e-03 1.716e-02
4.125e+00 1.805e-04 2.245e-02 1.649e-03 1.775e-02
4.554e+00 1.481e-04 2.105e-02 1.435e-03 1.968e-02
5.000e+00 1.229e-04 1.978e-02 1.263e-03 2.156e-02
5.027e+00 1.216e-04 1.971e-02 1.253e-03 2.166e-02
5.549e+00 9.985e-05 1.844e-02 1.097e-03 2.370e-02
6.000e+00 8.542e-05 1.749e-02 9.894e-04 2.535e-02
6.126e+00 8.195e-05 1.724e-02 9.628e-04 2.579e-02
6.762e+00 6.727e-05 1.610e-02 8.470e-04 2.793e-02
7.000e+00 6.278e-05 1.572e-02 8.103e-04 2.869e-02
7.465e+00 5.521e-05 1.503e-02 7.467e-04 3.013e-02
8.000e+00 4.807e-05 1.431e-02 6.845e-04 3.171e-02
8.241e+00 4.530e-05 1.401e-02 6.596e-04 3.239e-02
9.000e+00 3.799e-05 1.315e-02 5.915e-04 3.445e-02
9.097e+00 3.718e-05 1.305e-02 5.837e-04 3.470e-02
1.000e+01 3.078e-05 1.219e-02 5.203e-04 3.698e-02
1.004e+01 3.053e-05 1.215e-02 5.178e-04 3.708e-02
1.100e+01 2.543e-05 1.137e-02 4.642e-04 3.931e-02
1.109e+01 2.502e-05 1.130e-02 4.597e-04 3.951e-02
1.200e+01 2.137e-05 1.066e-02 4.185e-04 4.150e-02
1.224e+01 2.054e-05 1.051e-02 4.089e-04 4.200e-02
1.300e+01 1.821e-05 1.004e-02 3.810e-04 4.353e-02
1.351e+01 1.686e-05 9.761e-03 3.644e-04 4.452e-02
1.400e+01 1.570e-05 9.504e-03 3.496e-04 4.545e-02
1.491e+01 1.385e-05 9.063e-03 3.251e-04 4.706e-02
1.500e+01 1.368e-05 9.022e-03 3.229e-04 4.722e-02
1.600e+01 1.202e-05 8.591e-03 2.999e-04 4.887e-02
1.646e+01 1.136e-05 8.408e-03 2.904e-04 4.960e-02
1.800e+01 9.501e-06 7.853e-03 2.625e-04 5.189e-02
1.818e+01 9.314e-06 7.794e-03 2.596e-04 5.214e-02
2.000e+01 7.696e-06 7.243e-03 2.334e-04 5.457e-02
