# PALLADIUM from NIST Database
1.202e+01 0.000e+00 0.000e+00 0.000e+00 0.000e+00
4.600e+01 1.000e+00 3.500e+00 0.000e+00 0.000e+00
0.000e+00 0.000e+00 0.000e+00 0.000e+00 0.000e+00
1.000e-03 7.634e+00 4.270e-03 6.530e+03 0.000e+00
1.020e-03 7.619e+00 4.420e-03 6.240e+03 0.000e+00
1.126e-03 7.544e+00 5.245e-03 4.971e+03 0.000e+00
1.243e-03 7.463e+00 6.212e-03 3.961e+03 0.000e+00
1.372e-03 7.370e+00 7.327e-03 3.157e+03 0.000e+00
1.500e-03 7.272e+00 8.466e-03 2.571e+03 0.000e+00
1.515e-03 7.260e+00 8.600e-03 2.510e+03 0.000e+00
1.672e-03 7.129e+00 1.002e-02 1.979e+03 0.000e+00
1.846e-03 6.978e+00 1.159e-02 1.559e+03 0.000e+00
2.000e-03 6.842e+00 1.298e-02 1.285e+03 0.000e+00
2.038e-03 6.808e+00 1.332e-02 1.226e+03 0.000e+00
2.250e-03 6.617e+00 1.522e-02 9.577e+02 0.000e+00
2.483e-03 6.407e+00 1.725e-02 7.488e+02 0.000e+00
2.741e-03 6.174e+00 1.944e-02 5.850e+02 0.000e+00
3.000e-03 5.942e+00 2.155e-02 4.670e+02 0.000e+00
3.026e-03 5.919e+00 2.176e-02 4.568e+02 0.000e+00
3.173e-03 5.789e+00 2.291e-02 4.049e+02 0.000e+00
3.173e-03 5.789e+00 2.291e-02 1.350e+03 0.000e+00
3.251e-03 5.723e+00 2.352e-02 1.278e+03 0.000e+00
3.330e-03 5.656e+00 2.413e-02 1.210e+03 0.000e+00
3.330e-03 5.656e+00 2.413e-02 1.659e+03 0.000e+00
3.341e-03 5.647e+00 2.422e-02 1.646e+03 0.000e+00
3.604e-03 5.428e+00 2.623e-02 1.374e+03 0.000e+00
3.604e-03 5.428e+00 2.623e-02 1.577e+03 0.000e+00
3.688e-03 5.360e+00 2.686e-02 1.490e+03 0.000e+00
4.000e-03 5.116e+00 2.918e-02 1.222e+03 0.000e+00
4.071e-03 5.062e+00 2.969e-02 1.168e+03 0.000e+00
4.494e-03 4.757e+00 3.271e-02 9.047e+02 0.000e+00
4.961e-03 4.447e+00 3.592e-02 7.010e+02 0.000e+00
5.000e-03 4.423e+00 3.619e-02 6.870e+02 0.000e+00
5.477e-03 4.139e+00 3.937e-02 5.416e+02 0.000e+00
6.000e-03 3.860e+00 4.274e-02 4.268e+02 0.000e+00
6.046e-03 3.837e+00 4.303e-02 4.183e+02 0.000e+00
6.675e-03 3.545e+00 4.690e-02 3.215e+02 0.000e+00
7.368e-03 3.265e+00 5.094e-02 2.472e+02 0.000e+00
8.000e-03 3.040e+00 5.439e-02 1.986e+02 0.000e+00
8.134e-03 2.996e+00 5.510e-02 1.899e+02 0.000e+00
8.979e-03 2.742e+00 5.932e-02 1.453e+02 0.000e+00
9.912e-03 2.501e+00 6.357e-02 1.111e+02 0.000e+00
1.000e-02 2.480e+00 6.394e-02 1.085e+02 0.000e+00
1.094e-02 2.273e+00 6.777e-02 8.467e+01 0.000e+00
1.208e-02 2.057e+00 7.195e-02 6.441e+01 0.000e+00
1.334e-02 1.850e+00 7.605e-02 4.899e+01 0.000e+00
1.472e-02 1.654e+00 8.005e-02 3.734e+01 0.000e+00
1.500e-02 1.618e+00 8.081e-02 3.545e+01 0.000e+00
1.625e-02 1.467e+00 8.399e-02 2.833e+01 0.000e+00
1.794e-02 1.292e+00 8.782e-02 2.147e+01 0.000e+00
1.980e-02 1.133e+00 9.153e-02 1.629e+01 0.000e+00
2.000e-02 1.118e+00 9.190e-02 1.583e+01 0.000e+00
2.186e-02 9.906e-01 9.510e-02 1.231e+01 0.000e+00
2.413e-02 8.633e-01 9.850e-02 9.313e+00 0.000e+00
2.435e-02 8.522e-01 9.880e-02 9.077e+00 0.000e+00
2.435e-02 8.522e-01 9.880e-02 5.806e+01 0.000e+00
2.664e-02 7.483e-01 1.017e-01 4.614e+01 0.000e+00
2.941e-02 6.468e-01 1.047e-01 3.572e+01 0.000e+00
3.000e-02 6.281e-01 1.053e-01 3.391e+01 0.000e+00
3.247e-02 5.592e-01 1.074e-01 2.750e+01 0.000e+00
3.584e-02 4.836e-01 1.099e-01 2.107e+01 0.000e+00
3.957e-02 4.172e-01 1.120e-01 1.608e+01 0.000e+00
4.000e-02 4.104e-01 1.122e-01 1.561e+01 0.000e+00
4.368e-02 3.584e-01 1.138e-01 1.226e+01 0.000e+00
4.822e-02 3.066e-01 1.153e-01 9.336e+00 0.000e+00
5.000e-02 2.892e-01 1.157e-01 8.443e+00 0.000e+00
5.323e-02 2.611e-01 1.164e-01 7.092e+00 0.000e+00
5.876e-02 2.215e-01 1.172e-01 5.375e+00 0.000e+00
6.000e-02 2.138e-01 1.173e-01 5.067e+00 0.000e+00
6.486e-02 1.874e-01 1.176e-01 4.065e+00 0.000e+00
7.161e-02 1.582e-01 1.177e-01 3.066e+00 0.000e+00
7.905e-02 1.333e-01 1.174e-01 2.310e+00 0.000e+00
8.000e-02 1.305e-01 1.173e-01 2.232e+00 0.000e+00
8.726e-02 1.122e-01 1.167e-01 1.739e+00 0.000e+00
9.633e-02 9.434e-02 1.158e-01 1.307e+00 0.000e+00
1.000e-01 8.833e-02 1.153e-01 1.173e+00 0.000e+00
1.063e-01 7.932e-02 1.145e-01 9.826e-01 0.000e+00
1.174e-01 6.653e-02 1.130e-01 7.362e-01 0.000e+00
1.296e-01 5.577e-02 1.112e-01 5.520e-01 0.000e+00
1.431e-01 4.667e-02 1.092e-01 4.135e-01 0.000e+00
1.500e-01 4.285e-02 1.082e-01 3.605e-01 0.000e+00
1.579e-01 3.903e-02 1.070e-01 3.104e-01 0.000e+00
1.743e-01 3.255e-02 1.047e-01 2.329e-01 0.000e+00
1.925e-01 2.708e-02 1.022e-01 1.746e-01 0.000e+00
2.000e-01 2.522e-02 1.012e-01 1.564e-01 0.000e+00
2.125e-01 2.251e-02 9.955e-02 1.313e-01 0.000e+00
2.345e-01 1.869e-02 9.683e-02 9.891e-02 0.000e+00
2.589e-01 1.549e-02 9.401e-02 7.459e-02 0.000e+00
2.858e-01 1.283e-02 9.112e-02 5.643e-02 0.000e+00
3.000e-01 1.169e-02 8.969e-02 4.927e-02 0.000e+00
3.155e-01 1.061e-02 8.820e-02 4.282e-02 0.000e+00
3.483e-01 8.776e-03 8.524e-02 3.262e-02 0.000e+00
3.845e-01 7.251e-03 8.228e-02 2.496e-02 0.000e+00
4.000e-01 6.717e-03 8.109e-02 2.246e-02 0.000e+00
4.245e-01 5.985e-03 7.931e-02 1.919e-02 0.000e+00
4.686e-01 4.938e-03 7.635e-02 1.484e-02 0.000e+00
5.000e-01 4.351e-03 7.441e-02 1.259e-02 0.000e+00
5.173e-01 4.071e-03 7.340e-02 1.155e-02 0.000e+00
5.710e-01 3.355e-03 7.049e-02 9.052e-03 0.000e+00
6.000e-01 3.044e-03 6.904e-02 8.024e-03 0.000e+00
6.304e-01 2.763e-03 6.760e-02 7.123e-03 0.000e+00
6.959e-01 2.274e-03 6.475e-02 5.642e-03 0.000e+00
7.682e-01 1.871e-03 6.196e-02 4.514e-03 0.000e+00
8.000e-01 1.727e-03 6.083e-02 4.135e-03 0.000e+00
8.480e-01 1.539e-03 5.923e-02 3.661e-03 0.000e+00
9.361e-01 1.266e-03 5.657e-02 2.980e-03 0.000e+00
1.000e+00 1.110e-03 5.481e-02 2.579e-03 0.000e+00
1.022e+00 1.063e-03 5.423e-02 2.455e-03 0.000e+00
1.033e+00 1.041e-03 5.395e-02 2.397e-03 3.815e-08
1.141e+00 8.546e-04 5.137e-02 1.959e-03 3.171e-05
1.250e+00 7.130e-04 4.906e-02 1.656e-03 1.535e-04
1.259e+00 7.029e-04 4.888e-02 1.635e-03 1.676e-04
1.390e+00 5.771e-04 4.645e-02 1.364e-03 4.303e-04
1.500e+00 4.958e-04 4.462e-02 1.188e-03 7.198e-04
1.535e+00 4.735e-04 4.408e-02 1.140e-03 8.227e-04
1.694e+00 3.890e-04 4.179e-02 9.586e-04 1.343e-03
1.870e+00 3.195e-04 3.958e-02 8.100e-04 1.996e-03
2.000e+00 2.794e-04 3.811e-02 7.243e-04 2.509e-03
2.044e+00 2.675e-04 3.764e-02 6.989e-04 2.685e-03
2.065e+00 2.621e-04 3.742e-02 6.873e-04 2.770e-03
2.279e+00 2.153e-04 3.535e-02 5.865e-04 3.640e-03
2.516e+00 1.767e-04 3.335e-02 5.027e-04 4.608e-03
2.778e+00 1.450e-04 3.143e-02 4.326e-04 5.663e-03
3.000e+00 1.243e-04 3.000e-02 3.860e-04 6.535e-03
3.066e+00 1.190e-04 2.960e-02 3.739e-04 6.790e-03
3.385e+00 9.766e-05 2.783e-02 3.242e-04 7.991e-03
3.737e+00 8.013e-05 2.615e-02 2.820e-04 9.258e-03
4.000e+00 6.994e-05 2.503e-02 2.566e-04 1.016e-02
4.125e+00 6.577e-05 2.454e-02 2.460e-04 1.059e-02
4.554e+00 5.397e-05 2.300e-02 2.153e-04 1.198e-02
5.000e+00 4.478e-05 2.162e-02 1.903e-04 1.334e-02
5.027e+00 4.430e-05 2.154e-02 1.889e-04 1.342e-02
5.549e+00 3.637e-05 2.015e-02 1.662e-04 1.488e-02
6.000e+00 3.111e-05 1.911e-02 1.504e-04 1.608e-02
6.126e+00 2.984e-05 1.884e-02 1.465e-04 1.640e-02
6.762e+00 2.449e-05 1.759e-02 1.295e-04 1.798e-02
7.000e+00 2.286e-05 1.717e-02 1.240e-04 1.854e-02
7.465e+00 2.010e-05 1.642e-02 1.147e-04 1.960e-02
8.000e+00 1.750e-05 1.563e-02 1.054e-04 2.076e-02
8.241e+00 1.649e-05 1.530e-02 1.017e-04 2.126e-02
9.000e+00 1.382e-05 1.437e-02 9.150e-05 2.277e-02
9.097e+00 1.353e-05 1.426e-02 9.034e-05 2.296e-02
1.000e+01 1.120e-05 1.332e-02 8.081e-05 2.461e-02
1.004e+01 1.111e-05 1.328e-02 8.043e-05 2.468e-02
1.100e+01 9.258e-06 1.242e-02 7.232e-05 2.631e-02
1.109e+01 9.108e-06 1.235e-02 7.164e-05 2.646e-02
1.200e+01 7.775e-06 1.165e-02 6.542e-05 2.788e-02
1.224e+01 7.473e-06 1.148e-02 6.396e-05 2.823e-02
1.300e+01 6.627e-06 1.097e-02 5.976e-05 2.933e-02
1.351e+01 6.137e-06 1.066e-02 5.720e-05 3.003e-02
1.400e+01 5.715e-06 1.038e-02 5.493e-05 3.066e-02
1.491e+01 5.038e-06 9.903e-03 5.118e-05 3.179e-02
1.500e+01 4.978e-06 9.858e-03 5.083e-05 3.190e-02
1.600e+01 4.375e-06 9.382e-03 4.730e-05 3.306e-02
1.646e+01 4.134e-06 9.181e-03 4.584e-05 3.356e-02
1.800e+01 3.457e-06 8.579e-03 4.152e-05 3.517e-02
1.818e+01 3.389e-06 8.514e-03 4.107e-05 3.535e-02
2.000e+01 2.800e-06 7.911e-03 3.699e-05 3.706e-02
