# PHOTOGRAPHIC EMULSION from NIST Database
3.815e+00 0.000e+00 0.000e+00 0.000e+00 0.000e+00
1.000e+00 1.399e-02 3.500e+00 0.000e+00 0.000e+00
6.000e+00 6.017e-03 3.500e+00 0.000e+00 0.000e+00
7.000e+00 1.379e-03 3.500e+00 0.000e+00 0.000e+00
8.000e+00 4.131e-03 3.500e+00 0.000e+00 0.000e+00
1.600e+01 5.893e-05 3.500e+00 0.000e+00 0.000e+00
3.500e+01 4.369e-03 3.500e+00 0.000e+00 0.000e+00
4.700e+01 4.395e-03 3.500e+00 0.000e+00 0.000e+00
5.300e+01 2.459e-05 3.500e+00 0.000e+00 0.000e+00
0.000e+00 0.000e+00 0.000e+00 0.000e+00 0.000e+00
1.000e-03 5.989e+00 6.599e-03 4.806e+03 0.000e+00
1.020e-03 5.976e+00 6.821e-03 4.588e+03 0.000e+00
1.072e-03 5.943e+00 7.412e-03 4.081e+03 0.000e+00
1.072e-03 5.943e+00 7.412e-03 4.082e+03 0.000e+00
1.126e-03 5.910e+00 8.041e-03 3.638e+03 0.000e+00
1.243e-03 5.840e+00 9.461e-03 2.884e+03 0.000e+00
1.372e-03 5.760e+00 1.109e-02 2.287e+03 0.000e+00
1.500e-03 5.676e+00 1.273e-02 1.855e+03 0.000e+00
1.515e-03 5.666e+00 1.293e-02 1.810e+03 0.000e+00
1.550e-03 5.642e+00 1.338e-02 1.712e+03 0.000e+00
1.550e-03 5.642e+00 1.338e-02 2.894e+03 0.000e+00
1.573e-03 5.626e+00 1.368e-02 2.714e+03 0.000e+00
1.596e-03 5.609e+00 1.398e-02 2.547e+03 0.000e+00
1.596e-03 5.609e+00 1.398e-02 3.074e+03 0.000e+00
1.672e-03 5.556e+00 1.497e-02 2.755e+03 0.000e+00
1.782e-03 5.479e+00 1.641e-02 2.372e+03 0.000e+00
1.782e-03 5.479e+00 1.641e-02 2.555e+03 0.000e+00
1.846e-03 5.432e+00 1.724e-02 2.346e+03 0.000e+00
2.000e-03 5.319e+00 1.925e-02 1.932e+03 0.000e+00
2.038e-03 5.291e+00 1.974e-02 1.843e+03 0.000e+00
2.250e-03 5.134e+00 2.247e-02 1.436e+03 0.000e+00
2.472e-03 4.972e+00 2.527e-02 1.132e+03 0.000e+00
2.472e-03 4.972e+00 2.527e-02 1.136e+03 0.000e+00
2.483e-03 4.964e+00 2.541e-02 1.123e+03 0.000e+00
2.741e-03 4.780e+00 2.856e-02 8.753e+02 0.000e+00
3.000e-03 4.600e+00 3.162e-02 6.971e+02 0.000e+00
3.026e-03 4.583e+00 3.191e-02 6.816e+02 0.000e+00
3.341e-03 4.373e+00 3.544e-02 5.267e+02 0.000e+00
3.351e-03 4.367e+00 3.555e-02 5.226e+02 0.000e+00
3.351e-03 4.367e+00 3.555e-02 9.424e+02 0.000e+00
3.436e-03 4.311e+00 3.647e-02 8.843e+02 0.000e+00
3.524e-03 4.256e+00 3.740e-02 8.297e+02 0.000e+00
3.524e-03 4.256e+00 3.740e-02 1.029e+03 0.000e+00
3.688e-03 4.153e+00 3.911e-02 9.184e+02 0.000e+00
3.806e-03 4.081e+00 4.031e-02 8.490e+02 0.000e+00
3.806e-03 4.081e+00 4.031e-02 9.371e+02 0.000e+00
4.000e-03 3.966e+00 4.222e-02 8.301e+02 0.000e+00
4.071e-03 3.925e+00 4.291e-02 7.931e+02 0.000e+00
4.494e-03 3.693e+00 4.680e-02 6.137e+02 0.000e+00
4.557e-03 3.659e+00 4.735e-02 5.919e+02 0.000e+00
4.557e-03 3.659e+00 4.735e-02 5.935e+02 0.000e+00
4.702e-03 3.585e+00 4.861e-02 5.472e+02 0.000e+00
4.852e-03 3.510e+00 4.987e-02 5.045e+02 0.000e+00
4.852e-03 3.510e+00 4.987e-02 5.052e+02 0.000e+00
4.961e-03 3.457e+00 5.077e-02 4.770e+02 0.000e+00
5.000e-03 3.439e+00 5.109e-02 4.674e+02 0.000e+00
5.188e-03 3.350e+00 5.259e-02 4.241e+02 0.000e+00
5.188e-03 3.350e+00 5.259e-02 4.245e+02 0.000e+00
5.477e-03 3.221e+00 5.482e-02 3.681e+02 0.000e+00
6.000e-03 3.006e+00 5.862e-02 2.895e+02 0.000e+00
6.046e-03 2.988e+00 5.894e-02 2.837e+02 0.000e+00
6.675e-03 2.759e+00 6.314e-02 2.176e+02 0.000e+00
7.368e-03 2.536e+00 6.739e-02 1.671e+02 0.000e+00
8.000e-03 2.357e+00 7.097e-02 1.340e+02 0.000e+00
8.134e-03 2.321e+00 7.169e-02 1.281e+02 0.000e+00
8.979e-03 2.116e+00 7.601e-02 9.784e+01 0.000e+00
9.912e-03 1.920e+00 8.033e-02 7.473e+01 0.000e+00
1.000e-02 1.903e+00 8.072e-02 7.295e+01 0.000e+00
1.094e-02 1.734e+00 8.463e-02 5.688e+01 0.000e+00
1.208e-02 1.558e+00 8.890e-02 4.323e+01 0.000e+00
1.334e-02 1.393e+00 9.309e-02 3.285e+01 0.000e+00
1.347e-02 1.377e+00 9.350e-02 3.195e+01 0.000e+00
1.347e-02 1.377e+00 9.350e-02 7.569e+01 0.000e+00
1.472e-02 1.241e+00 9.712e-02 6.001e+01 0.000e+00
1.500e-02 1.213e+00 9.787e-02 5.710e+01 0.000e+00
1.625e-02 1.099e+00 1.010e-01 4.614e+01 0.000e+00
1.794e-02 9.676e-01 1.048e-01 3.537e+01 0.000e+00
1.980e-02 8.482e-01 1.084e-01 2.707e+01 0.000e+00
2.000e-02 8.367e-01 1.088e-01 2.634e+01 0.000e+00
2.186e-02 7.403e-01 1.118e-01 2.064e+01 0.000e+00
2.413e-02 6.442e-01 1.150e-01 1.571e+01 0.000e+00
2.551e-02 5.950e-01 1.166e-01 1.346e+01 0.000e+00
2.551e-02 5.950e-01 1.166e-01 3.521e+01 0.000e+00
2.664e-02 5.592e-01 1.178e-01 3.145e+01 0.000e+00
2.941e-02 4.845e-01 1.204e-01 2.425e+01 0.000e+00
3.000e-02 4.706e-01 1.209e-01 2.300e+01 0.000e+00
3.247e-02 4.187e-01 1.227e-01 1.861e+01 0.000e+00
3.317e-02 4.056e-01 1.231e-01 1.757e+01 0.000e+00
3.317e-02 4.056e-01 1.231e-01 1.767e+01 0.000e+00
3.584e-02 3.610e-01 1.247e-01 1.431e+01 0.000e+00
3.957e-02 3.102e-01 1.263e-01 1.091e+01 0.000e+00
4.000e-02 3.051e-01 1.265e-01 1.059e+01 0.000e+00
4.368e-02 2.657e-01 1.276e-01 8.305e+00 0.000e+00
4.822e-02 2.268e-01 1.285e-01 6.308e+00 0.000e+00
5.000e-02 2.138e-01 1.287e-01 5.700e+00 0.000e+00
5.323e-02 1.929e-01 1.291e-01 4.780e+00 0.000e+00
5.876e-02 1.635e-01 1.293e-01 3.614e+00 0.000e+00
6.000e-02 1.579e-01 1.293e-01 3.406e+00 0.000e+00
6.486e-02 1.383e-01 1.291e-01 2.728e+00 0.000e+00
7.161e-02 1.167e-01 1.286e-01 2.054e+00 0.000e+00
7.905e-02 9.834e-02 1.278e-01 1.545e+00 0.000e+00
8.000e-02 9.632e-02 1.276e-01 1.493e+00 0.000e+00
8.726e-02 8.278e-02 1.266e-01 1.161e+00 0.000e+00
9.633e-02 6.959e-02 1.252e-01 8.711e-01 0.000e+00
1.000e-01 6.515e-02 1.245e-01 7.813e-01 0.000e+00
1.063e-01 5.847e-02 1.235e-01 6.538e-01 0.000e+00
1.174e-01 4.900e-02 1.215e-01 4.892e-01 0.000e+00
1.296e-01 4.103e-02 1.193e-01 3.663e-01 0.000e+00
1.431e-01 3.429e-02 1.169e-01 2.741e-01 0.000e+00
1.500e-01 3.147e-02 1.157e-01 2.388e-01 0.000e+00
1.579e-01 2.865e-02 1.144e-01 2.055e-01 0.000e+00
1.743e-01 2.387e-02 1.117e-01 1.540e-01 0.000e+00
1.925e-01 1.984e-02 1.088e-01 1.153e-01 0.000e+00
2.000e-01 1.847e-02 1.077e-01 1.032e-01 0.000e+00
2.125e-01 1.648e-02 1.059e-01 8.655e-02 0.000e+00
2.345e-01 1.368e-02 1.029e-01 6.516e-02 0.000e+00
2.589e-01 1.133e-02 9.974e-02 4.910e-02 0.000e+00
2.858e-01 9.378e-03 9.658e-02 3.711e-02 0.000e+00
3.000e-01 8.545e-03 9.501e-02 3.239e-02 0.000e+00
3.155e-01 7.756e-03 9.338e-02 2.815e-02 0.000e+00
3.483e-01 6.409e-03 9.016e-02 2.143e-02 0.000e+00
3.845e-01 5.293e-03 8.695e-02 1.638e-02 0.000e+00
4.000e-01 4.902e-03 8.567e-02 1.474e-02 0.000e+00
4.245e-01 4.367e-03 8.374e-02 1.259e-02 0.000e+00
4.686e-01 3.602e-03 8.057e-02 9.726e-03 0.000e+00
5.000e-01 3.173e-03 7.851e-02 8.242e-03 0.000e+00
5.173e-01 2.969e-03 7.743e-02 7.565e-03 0.000e+00
5.710e-01 2.446e-03 7.434e-02 5.923e-03 0.000e+00
6.000e-01 2.219e-03 7.280e-02 5.249e-03 0.000e+00
6.304e-01 2.013e-03 7.128e-02 4.658e-03 0.000e+00
6.959e-01 1.657e-03 6.827e-02 3.688e-03 0.000e+00
7.682e-01 1.363e-03 6.530e-02 2.951e-03 0.000e+00
8.000e-01 1.258e-03 6.410e-02 2.704e-03 0.000e+00
8.480e-01 1.121e-03 6.240e-02 2.394e-03 0.000e+00
9.361e-01 9.216e-04 5.956e-02 1.950e-03 0.000e+00
1.000e+00 8.084e-04 5.770e-02 1.686e-03 0.000e+00
1.022e+00 7.743e-04 5.709e-02 1.604e-03 0.000e+00
1.033e+00 7.580e-04 5.679e-02 1.566e-03 2.787e-08
1.141e+00 6.222e-04 5.407e-02 1.280e-03 2.344e-05
1.250e+00 5.189e-04 5.163e-02 1.083e-03 1.146e-04
1.259e+00 5.116e-04 5.144e-02 1.069e-03 1.252e-04
1.390e+00 4.200e-04 4.887e-02 8.917e-04 3.246e-04
1.500e+00 3.609e-04 4.695e-02 7.766e-04 5.464e-04
1.535e+00 3.446e-04 4.638e-02 7.452e-04 6.256e-04
1.694e+00 2.831e-04 4.397e-02 6.271e-04 1.028e-03
1.870e+00 2.325e-04 4.164e-02 5.302e-04 1.535e-03
2.000e+00 2.033e-04 4.009e-02 4.741e-04 1.935e-03
2.044e+00 1.946e-04 3.959e-02 4.574e-04 2.073e-03
2.065e+00 1.907e-04 3.936e-02 4.498e-04 2.139e-03
2.279e+00 1.566e-04 3.718e-02 3.838e-04 2.822e-03
2.516e+00 1.285e-04 3.508e-02 3.290e-04 3.584e-03
2.778e+00 1.055e-04 3.306e-02 2.833e-04 4.418e-03
3.000e+00 9.045e-05 3.155e-02 2.529e-04 5.110e-03
3.066e+00 8.660e-05 3.113e-02 2.450e-04 5.312e-03
3.385e+00 7.106e-05 2.927e-02 2.125e-04 6.268e-03
3.737e+00 5.831e-05 2.750e-02 1.849e-04 7.279e-03
4.000e+00 5.090e-05 2.632e-02 1.683e-04 8.005e-03
4.125e+00 4.786e-05 2.580e-02 1.614e-04 8.341e-03
4.554e+00 3.927e-05 2.419e-02 1.412e-04 9.455e-03
5.000e+00 3.258e-05 2.273e-02 1.248e-04 1.055e-02
5.027e+00 3.223e-05 2.265e-02 1.240e-04 1.061e-02
5.549e+00 2.646e-05 2.119e-02 1.091e-04 1.180e-02
6.000e+00 2.263e-05 2.009e-02 9.877e-05 1.277e-02
6.126e+00 2.171e-05 1.981e-02 9.622e-05 1.302e-02
6.762e+00 1.782e-05 1.850e-02 8.505e-05 1.429e-02
7.000e+00 1.663e-05 1.806e-02 8.150e-05 1.476e-02
7.465e+00 1.462e-05 1.726e-02 7.532e-05 1.561e-02
8.000e+00 1.273e-05 1.644e-02 6.926e-05 1.654e-02
8.241e+00 1.200e-05 1.609e-02 6.683e-05 1.695e-02
9.000e+00 1.006e-05 1.511e-02 6.016e-05 1.817e-02
9.097e+00 9.846e-06 1.500e-02 5.940e-05 1.832e-02
1.000e+01 8.148e-06 1.400e-02 5.314e-05 1.966e-02
1.004e+01 8.084e-06 1.396e-02 5.289e-05 1.972e-02
1.100e+01 6.735e-06 1.306e-02 4.757e-05 2.103e-02
1.109e+01 6.626e-06 1.298e-02 4.712e-05 2.114e-02
1.200e+01 5.658e-06 1.225e-02 4.304e-05 2.229e-02
1.224e+01 5.439e-06 1.207e-02 4.208e-05 2.257e-02
1.300e+01 4.822e-06 1.154e-02 3.929e-05 2.344e-02
1.351e+01 4.464e-06 1.121e-02 3.760e-05 2.401e-02
1.400e+01 4.156e-06 1.092e-02 3.612e-05 2.453e-02
1.491e+01 3.665e-06 1.041e-02 3.367e-05 2.543e-02
1.500e+01 3.621e-06 1.036e-02 3.344e-05 2.552e-02
1.600e+01 3.183e-06 9.871e-03 3.112e-05 2.645e-02
1.646e+01 3.007e-06 9.660e-03 3.015e-05 2.686e-02
1.800e+01 2.515e-06 9.020e-03 2.732e-05 2.816e-02
1.818e+01 2.465e-06 8.951e-03 2.702e-05 2.831e-02
2.000e+01 2.037e-06 8.318e-03 2.435e-05 2.969e-02
