# PLASTIC SCINTILLATOR (VINYLTOLUENE BASED) from NIST Database
1.032e+00 0.000e+00 0.000e+00 0.000e+00 0.000e+00
1.000e+00 8.433e-02 3.500e+00 0.000e+00 0.000e+00
6.000e+00 7.619e-02 3.500e+00 0.000e+00 0.000e+00
0.000e+00 0.000e+00 0.000e+00 0.000e+00 0.000e+00
1.000e-03 1.017e+00 1.583e-02 2.022e+03 0.000e+00
1.020e-03 1.012e+00 1.639e-02 1.913e+03 0.000e+00
1.126e-03 9.871e-01 1.944e-02 1.448e+03 0.000e+00
1.243e-03 9.610e-01 2.301e-02 1.095e+03 0.000e+00
1.372e-03 9.321e-01 2.712e-02 8.268e+02 0.000e+00
1.500e-03 9.025e-01 3.132e-02 6.401e+02 0.000e+00
1.515e-03 8.989e-01 3.182e-02 6.220e+02 0.000e+00
1.672e-03 8.612e-01 3.704e-02 4.673e+02 0.000e+00
1.846e-03 8.190e-01 4.284e-02 3.497e+02 0.000e+00
2.000e-03 7.821e-01 4.792e-02 2.761e+02 0.000e+00
2.038e-03 7.731e-01 4.916e-02 2.611e+02 0.000e+00
2.250e-03 7.244e-01 5.600e-02 1.947e+02 0.000e+00
2.483e-03 6.738e-01 6.324e-02 1.450e+02 0.000e+00
2.741e-03 6.221e-01 7.086e-02 1.078e+02 0.000e+00
3.000e-03 5.747e-01 7.804e-02 8.204e+01 0.000e+00
3.026e-03 5.701e-01 7.873e-02 7.992e+01 0.000e+00
3.341e-03 5.188e-01 8.672e-02 5.915e+01 0.000e+00
3.688e-03 4.694e-01 9.466e-02 4.373e+01 0.000e+00
4.000e-03 4.307e-01 1.010e-01 3.408e+01 0.000e+00
4.071e-03 4.225e-01 1.024e-01 3.228e+01 0.000e+00
4.494e-03 3.789e-01 1.098e-01 2.378e+01 0.000e+00
4.961e-03 3.388e-01 1.168e-01 1.749e+01 0.000e+00
5.000e-03 3.357e-01 1.174e-01 1.707e+01 0.000e+00
5.477e-03 3.023e-01 1.234e-01 1.285e+01 0.000e+00
6.000e-03 2.720e-01 1.290e-01 9.649e+00 0.000e+00
6.046e-03 2.696e-01 1.294e-01 9.420e+00 0.000e+00
6.675e-03 2.404e-01 1.350e-01 6.895e+00 0.000e+00
7.368e-03 2.144e-01 1.402e-01 5.043e+00 0.000e+00
8.000e-03 1.949e-01 1.442e-01 3.881e+00 0.000e+00
8.134e-03 1.912e-01 1.450e-01 3.681e+00 0.000e+00
8.979e-03 1.705e-01 1.495e-01 2.684e+00 0.000e+00
9.912e-03 1.519e-01 1.538e-01 1.954e+00 0.000e+00
1.000e-02 1.504e-01 1.542e-01 1.900e+00 0.000e+00
1.094e-02 1.351e-01 1.578e-01 1.422e+00 0.000e+00
1.208e-02 1.197e-01 1.617e-01 1.033e+00 0.000e+00
1.334e-02 1.057e-01 1.652e-01 7.486e-01 0.000e+00
1.472e-02 9.286e-02 1.685e-01 5.435e-01 0.000e+00
1.500e-02 9.054e-02 1.691e-01 5.111e-01 0.000e+00
1.625e-02 8.109e-02 1.716e-01 3.936e-01 0.000e+00
1.794e-02 7.038e-02 1.743e-01 2.846e-01 0.000e+00
1.980e-02 6.076e-02 1.766e-01 2.059e-01 0.000e+00
2.000e-02 5.984e-02 1.768e-01 1.992e-01 0.000e+00
2.186e-02 5.215e-02 1.785e-01 1.486e-01 0.000e+00
2.413e-02 4.455e-02 1.799e-01 1.073e-01 0.000e+00
2.664e-02 3.788e-02 1.809e-01 7.738e-02 0.000e+00
2.941e-02 3.211e-02 1.814e-01 5.577e-02 0.000e+00
3.000e-02 3.104e-02 1.815e-01 5.221e-02 0.000e+00
3.247e-02 2.713e-02 1.815e-01 4.016e-02 0.000e+00
3.584e-02 2.287e-02 1.812e-01 2.892e-02 0.000e+00
3.957e-02 1.922e-02 1.806e-01 2.080e-02 0.000e+00
4.000e-02 1.886e-02 1.805e-01 2.007e-02 0.000e+00
4.368e-02 1.613e-02 1.795e-01 1.497e-02 0.000e+00
4.822e-02 1.350e-02 1.781e-01 1.076e-02 0.000e+00
5.000e-02 1.264e-02 1.775e-01 9.539e-03 0.000e+00
5.323e-02 1.127e-02 1.764e-01 7.740e-03 0.000e+00
5.876e-02 9.395e-03 1.744e-01 5.564e-03 0.000e+00
6.000e-02 9.038e-03 1.739e-01 5.189e-03 0.000e+00
6.486e-02 7.818e-03 1.721e-01 4.000e-03 0.000e+00
7.161e-02 6.492e-03 1.695e-01 2.874e-03 0.000e+00
7.905e-02 5.383e-03 1.667e-01 2.066e-03 0.000e+00
8.000e-02 5.262e-03 1.663e-01 1.985e-03 0.000e+00
8.726e-02 4.456e-03 1.637e-01 1.486e-03 0.000e+00
9.633e-02 3.684e-03 1.604e-01 1.069e-03 0.000e+00
1.000e-01 3.427e-03 1.591e-01 9.438e-04 0.000e+00
1.063e-01 3.044e-03 1.570e-01 7.705e-04 0.000e+00
1.174e-01 2.509e-03 1.534e-01 5.545e-04 0.000e+00
1.296e-01 2.068e-03 1.497e-01 4.002e-04 0.000e+00
1.431e-01 1.703e-03 1.458e-01 2.889e-04 0.000e+00
1.500e-01 1.552e-03 1.440e-01 2.476e-04 0.000e+00
1.579e-01 1.403e-03 1.419e-01 2.094e-04 0.000e+00
1.743e-01 1.154e-03 1.379e-01 1.518e-04 0.000e+00
1.925e-01 9.480e-04 1.338e-01 1.100e-04 0.000e+00
2.000e-01 8.789e-04 1.322e-01 9.731e-05 0.000e+00
2.125e-01 7.794e-04 1.296e-01 8.013e-05 0.000e+00
2.345e-01 6.410e-04 1.255e-01 5.860e-05 0.000e+00
2.589e-01 5.265e-04 1.213e-01 4.295e-05 0.000e+00
2.858e-01 4.326e-04 1.172e-01 3.163e-05 0.000e+00
3.000e-01 3.927e-04 1.151e-01 2.727e-05 0.000e+00
3.155e-01 3.552e-04 1.130e-01 2.341e-05 0.000e+00
3.483e-01 2.917e-04 1.089e-01 1.742e-05 0.000e+00
3.845e-01 2.395e-04 1.048e-01 1.304e-05 0.000e+00
4.000e-01 2.213e-04 1.032e-01 1.164e-05 0.000e+00
4.245e-01 1.966e-04 1.008e-01 9.819e-06 0.000e+00
4.686e-01 1.614e-04 9.685e-02 7.455e-06 0.000e+00
5.000e-01 1.418e-04 9.429e-02 6.258e-06 0.000e+00
5.173e-01 1.325e-04 9.295e-02 5.721e-06 0.000e+00
5.710e-01 1.088e-04 8.912e-02 4.428e-06 0.000e+00
6.000e-01 9.851e-05 8.722e-02 3.892e-06 0.000e+00
6.304e-01 8.924e-05 8.536e-02 3.416e-06 0.000e+00
6.959e-01 7.324e-05 8.169e-02 2.650e-06 0.000e+00
7.682e-01 6.010e-05 7.809e-02 2.119e-06 0.000e+00
8.000e-01 5.542e-05 7.663e-02 1.962e-06 0.000e+00
8.480e-01 4.932e-05 7.455e-02 1.784e-06 0.000e+00
9.361e-01 4.048e-05 7.111e-02 1.484e-06 0.000e+00
1.000e+00 3.548e-05 6.891e-02 1.220e-06 0.000e+00
1.022e+00 3.397e-05 6.820e-02 1.125e-06 0.000e+00
1.033e+00 3.325e-05 6.785e-02 1.084e-06 2.628e-09
1.141e+00 2.725e-05 6.458e-02 8.645e-07 2.502e-06
1.250e+00 2.271e-05 6.162e-02 7.639e-07 1.356e-05
1.259e+00 2.238e-05 6.139e-02 7.560e-07 1.493e-05
1.390e+00 1.836e-05 5.832e-02 6.390e-07 4.237e-05
1.500e+00 1.577e-05 5.602e-02 5.547e-07 7.535e-05
1.535e+00 1.506e-05 5.534e-02 5.323e-07 8.750e-05
1.694e+00 1.237e-05 5.245e-02 4.515e-07 1.510e-04
1.870e+00 1.015e-05 4.964e-02 3.875e-07 2.336e-04
2.000e+00 8.872e-06 4.779e-02 3.501e-07 3.005e-04
2.044e+00 8.493e-06 4.721e-02 3.388e-07 3.240e-04
2.065e+00 8.321e-06 4.693e-02 3.336e-07 3.353e-04
2.279e+00 6.831e-06 4.434e-02 2.884e-07 4.537e-04
2.516e+00 5.605e-06 4.183e-02 2.503e-07 5.896e-04
2.778e+00 4.598e-06 3.941e-02 2.181e-07 7.430e-04
3.000e+00 3.944e-06 3.760e-02 1.965e-07 8.738e-04
3.066e+00 3.776e-06 3.710e-02 1.908e-07 9.127e-04
3.385e+00 3.098e-06 3.488e-02 1.674e-07 1.100e-03
3.737e+00 2.541e-06 3.277e-02 1.474e-07 1.303e-03
4.000e+00 2.218e-06 3.137e-02 1.352e-07 1.451e-03
4.125e+00 2.086e-06 3.075e-02 1.301e-07 1.520e-03
4.554e+00 1.711e-06 2.882e-02 1.151e-07 1.751e-03
5.000e+00 1.420e-06 2.709e-02 1.027e-07 1.982e-03
5.027e+00 1.404e-06 2.699e-02 1.021e-07 1.997e-03
5.549e+00 1.153e-06 2.525e-02 9.067e-08 2.255e-03
6.000e+00 9.860e-07 2.394e-02 8.268e-08 2.470e-03
6.126e+00 9.458e-07 2.360e-02 8.069e-08 2.529e-03
6.762e+00 7.760e-07 2.204e-02 7.195e-08 2.810e-03
7.000e+00 7.241e-07 2.152e-02 6.914e-08 2.911e-03
7.465e+00 6.369e-07 2.057e-02 6.423e-08 3.102e-03
8.000e+00 5.546e-07 1.958e-02 5.937e-08 3.312e-03
8.241e+00 5.227e-07 1.918e-02 5.742e-08 3.403e-03
9.000e+00 4.382e-07 1.800e-02 5.203e-08 3.680e-03
9.097e+00 4.289e-07 1.786e-02 5.141e-08 3.714e-03
1.000e+01 3.549e-07 1.668e-02 4.629e-08 4.016e-03
1.004e+01 3.521e-07 1.663e-02 4.609e-08 4.029e-03
1.100e+01 2.934e-07 1.556e-02 4.166e-08 4.324e-03
1.109e+01 2.886e-07 1.547e-02 4.129e-08 4.351e-03
1.200e+01 2.465e-07 1.459e-02 3.789e-08 4.608e-03
1.224e+01 2.369e-07 1.438e-02 3.708e-08 4.673e-03
1.300e+01 2.100e-07 1.374e-02 3.474e-08 4.873e-03
1.351e+01 1.945e-07 1.335e-02 3.332e-08 5.002e-03
1.400e+01 1.811e-07 1.300e-02 3.207e-08 5.121e-03
1.491e+01 1.597e-07 1.240e-02 2.997e-08 5.331e-03
1.500e+01 1.578e-07 1.235e-02 2.978e-08 5.352e-03
1.600e+01 1.386e-07 1.175e-02 2.779e-08 5.573e-03
1.646e+01 1.310e-07 1.150e-02 2.697e-08 5.670e-03
1.800e+01 1.095e-07 1.074e-02 2.452e-08 5.974e-03
1.818e+01 1.074e-07 1.066e-02 2.427e-08 6.008e-03
2.000e+01 8.872e-08 9.907e-03 2.194e-08 6.336e-03
