# PLUTONIUM DIOXIDE from NIST Database
1.146e+01 0.000e+00 0.000e+00 0.000e+00 0.000e+00
8.000e+00 7.378e-03 3.500e+00 0.000e+00 0.000e+00
9.400e+01 3.614e-03 3.500e+00 0.000e+00 0.000e+00
0.000e+00 0.000e+00 0.000e+00 0.000e+00 0.000e+00
1.000e-03 1.266e+01 4.920e-03 6.874e+03 0.000e+00
1.020e-03 1.264e+01 5.061e-03 6.628e+03 0.000e+00
1.115e-03 1.254e+01 5.737e-03 5.632e+03 0.000e+00
1.115e-03 1.254e+01 5.737e-03 5.965e+03 0.000e+00
1.126e-03 1.253e+01 5.817e-03 5.850e+03 0.000e+00
1.243e-03 1.241e+01 6.654e-03 4.827e+03 0.000e+00
1.372e-03 1.226e+01 7.592e-03 3.984e+03 0.000e+00
1.372e-03 1.226e+01 7.593e-03 3.983e+03 0.000e+00
1.372e-03 1.226e+01 7.593e-03 4.034e+03 0.000e+00
1.500e-03 1.211e+01 8.550e-03 3.364e+03 0.000e+00
1.515e-03 1.210e+01 8.663e-03 3.296e+03 0.000e+00
1.559e-03 1.204e+01 8.993e-03 3.111e+03 0.000e+00
1.559e-03 1.204e+01 8.993e-03 3.166e+03 0.000e+00
1.672e-03 1.191e+01 9.853e-03 2.728e+03 0.000e+00
1.846e-03 1.171e+01 1.118e-02 2.212e+03 0.000e+00
2.000e-03 1.152e+01 1.237e-02 1.867e+03 0.000e+00
2.038e-03 1.148e+01 1.266e-02 1.790e+03 0.000e+00
2.250e-03 1.123e+01 1.429e-02 1.435e+03 0.000e+00
2.483e-03 1.095e+01 1.606e-02 1.152e+03 0.000e+00
2.741e-03 1.064e+01 1.800e-02 9.240e+02 0.000e+00
3.000e-03 1.033e+01 1.991e-02 7.556e+02 0.000e+00
3.026e-03 1.030e+01 2.010e-02 7.406e+02 0.000e+00
3.341e-03 9.940e+00 2.236e-02 5.890e+02 0.000e+00
3.688e-03 9.555e+00 2.474e-02 4.687e+02 0.000e+00
3.778e-03 9.458e+00 2.534e-02 4.433e+02 0.000e+00
3.778e-03 9.458e+00 2.534e-02 1.045e+03 0.000e+00
3.874e-03 9.356e+00 2.597e-02 9.764e+02 0.000e+00
3.973e-03 9.251e+00 2.662e-02 9.125e+02 0.000e+00
3.973e-03 9.251e+00 2.662e-02 1.233e+03 0.000e+00
4.000e-03 9.222e+00 2.680e-02 1.260e+03 0.000e+00
4.071e-03 9.146e+00 2.726e-02 1.207e+03 0.000e+00
4.494e-03 8.724e+00 2.990e-02 9.503e+02 0.000e+00
4.557e-03 8.664e+00 3.027e-02 9.190e+02 0.000e+00
4.557e-03 8.664e+00 3.027e-02 1.070e+03 0.000e+00
4.961e-03 8.284e+00 3.263e-02 8.651e+02 0.000e+00
5.000e-03 8.249e+00 3.285e-02 8.483e+02 0.000e+00
5.477e-03 7.834e+00 3.545e-02 6.715e+02 0.000e+00
5.541e-03 7.781e+00 3.579e-02 6.517e+02 0.000e+00
5.541e-03 7.781e+00 3.579e-02 6.913e+02 0.000e+00
5.734e-03 7.624e+00 3.677e-02 6.353e+02 0.000e+00
5.933e-03 7.467e+00 3.777e-02 5.839e+02 0.000e+00
5.933e-03 7.467e+00 3.777e-02 6.087e+02 0.000e+00
6.000e-03 7.415e+00 3.810e-02 5.920e+02 0.000e+00
6.046e-03 7.380e+00 3.833e-02 5.809e+02 0.000e+00
6.675e-03 6.923e+00 4.130e-02 4.549e+02 0.000e+00
7.368e-03 6.468e+00 4.429e-02 3.564e+02 0.000e+00
8.000e-03 6.091e+00 4.683e-02 2.908e+02 0.000e+00
8.134e-03 6.015e+00 4.735e-02 2.790e+02 0.000e+00
8.979e-03 5.568e+00 5.048e-02 2.177e+02 0.000e+00
9.912e-03 5.132e+00 5.369e-02 1.699e+02 0.000e+00
1.000e-02 5.094e+00 5.398e-02 1.662e+02 0.000e+00
1.094e-02 4.710e+00 5.698e-02 1.321e+02 0.000e+00
1.208e-02 4.302e+00 6.034e-02 1.026e+02 0.000e+00
1.334e-02 3.908e+00 6.374e-02 7.960e+01 0.000e+00
1.472e-02 3.535e+00 6.710e-02 6.190e+01 0.000e+00
1.500e-02 3.466e+00 6.774e-02 5.899e+01 0.000e+00
1.625e-02 3.178e+00 7.042e-02 4.796e+01 0.000e+00
1.794e-02 2.843e+00 7.368e-02 3.713e+01 0.000e+00
1.806e-02 2.822e+00 7.389e-02 3.652e+01 0.000e+00
1.806e-02 2.822e+00 7.389e-02 8.642e+01 0.000e+00
1.980e-02 2.533e+00 7.685e-02 6.731e+01 0.000e+00
2.000e-02 2.502e+00 7.717e-02 6.550e+01 0.000e+00
2.186e-02 2.244e+00 7.996e-02 5.150e+01 0.000e+00
2.227e-02 2.193e+00 8.051e-02 4.900e+01 0.000e+00
2.227e-02 2.193e+00 8.051e-02 6.986e+01 0.000e+00
2.268e-02 2.143e+00 8.106e-02 6.659e+01 0.000e+00
2.310e-02 2.093e+00 8.161e-02 6.348e+01 0.000e+00
2.310e-02 2.093e+00 8.161e-02 7.321e+01 0.000e+00
2.413e-02 1.978e+00 8.288e-02 6.553e+01 0.000e+00
2.664e-02 1.734e+00 8.569e-02 5.100e+01 0.000e+00
2.941e-02 1.516e+00 8.838e-02 3.969e+01 0.000e+00
3.000e-02 1.475e+00 8.890e-02 3.775e+01 0.000e+00
3.247e-02 1.324e+00 9.092e-02 3.073e+01 0.000e+00
3.584e-02 1.155e+00 9.329e-02 2.378e+01 0.000e+00
3.957e-02 1.006e+00 9.547e-02 1.839e+01 0.000e+00
4.000e-02 9.909e-01 9.569e-02 1.788e+01 0.000e+00
4.368e-02 8.739e-01 9.741e-02 1.419e+01 0.000e+00
4.822e-02 7.560e-01 9.910e-02 1.094e+01 0.000e+00
5.000e-02 7.160e-01 9.965e-02 9.946e+00 0.000e+00
5.323e-02 6.508e-01 1.005e-01 8.423e+00 0.000e+00
5.876e-02 5.577e-01 1.016e-01 6.479e+00 0.000e+00
6.000e-02 5.395e-01 1.018e-01 6.130e+00 0.000e+00
6.486e-02 4.763e-01 1.024e-01 4.977e+00 0.000e+00
7.161e-02 4.058e-01 1.029e-01 3.820e+00 0.000e+00
7.905e-02 3.454e-01 1.031e-01 2.932e+00 0.000e+00
8.000e-02 3.388e-01 1.031e-01 2.840e+00 0.000e+00
8.726e-02 2.941e-01 1.029e-01 2.248e+00 0.000e+00
9.633e-02 2.501e-01 1.025e-01 1.723e+00 0.000e+00
1.000e-01 2.351e-01 1.023e-01 1.558e+00 0.000e+00
1.063e-01 2.124e-01 1.019e-01 1.322e+00 0.000e+00
1.174e-01 1.796e-01 1.010e-01 1.012e+00 0.000e+00
1.218e-01 1.687e-01 1.006e-01 9.158e-01 0.000e+00
1.218e-01 1.687e-01 1.006e-01 3.795e+00 0.000e+00
1.296e-01 1.518e-01 9.979e-02 3.245e+00 0.000e+00
1.431e-01 1.279e-01 9.838e-02 2.526e+00 0.000e+00
1.500e-01 1.179e-01 9.763e-02 2.242e+00 0.000e+00
1.579e-01 1.077e-01 9.676e-02 1.968e+00 0.000e+00
1.743e-01 9.038e-02 9.496e-02 1.531e+00 0.000e+00
1.925e-01 7.566e-02 9.297e-02 1.189e+00 0.000e+00
2.000e-01 7.064e-02 9.216e-02 1.078e+00 0.000e+00
2.125e-01 6.334e-02 9.083e-02 9.242e-01 0.000e+00
2.345e-01 5.303e-02 8.857e-02 7.193e-01 0.000e+00
2.589e-01 4.434e-02 8.618e-02 5.599e-01 0.000e+00
2.858e-01 3.705e-02 8.371e-02 4.368e-01 0.000e+00
3.000e-01 3.392e-02 8.248e-02 3.870e-01 0.000e+00
3.155e-01 3.094e-02 8.118e-02 3.416e-01 0.000e+00
3.483e-01 2.581e-02 7.861e-02 2.680e-01 0.000e+00
3.845e-01 2.151e-02 7.601e-02 2.109e-01 0.000e+00
4.000e-01 1.999e-02 7.496e-02 1.919e-01 0.000e+00
4.245e-01 1.790e-02 7.339e-02 1.666e-01 0.000e+00
4.686e-01 1.488e-02 7.076e-02 1.321e-01 0.000e+00
5.000e-01 1.317e-02 6.904e-02 1.137e-01 0.000e+00
5.173e-01 1.235e-02 6.813e-02 1.052e-01 0.000e+00
5.710e-01 1.024e-02 6.551e-02 8.415e-02 0.000e+00
6.000e-01 9.323e-03 6.420e-02 7.536e-02 0.000e+00
6.304e-01 8.486e-03 6.291e-02 6.760e-02 0.000e+00
6.959e-01 7.025e-03 6.034e-02 5.456e-02 0.000e+00
7.682e-01 5.811e-03 5.780e-02 4.420e-02 0.000e+00
8.000e-01 5.375e-03 5.677e-02 4.057e-02 0.000e+00
8.480e-01 4.804e-03 5.528e-02 3.591e-02 0.000e+00
9.361e-01 3.969e-03 5.281e-02 2.931e-02 0.000e+00
1.000e+00 3.491e-03 5.119e-02 2.571e-02 0.000e+00
1.022e+00 3.346e-03 5.067e-02 2.464e-02 0.000e+00
1.033e+00 3.277e-03 5.041e-02 2.413e-02 8.378e-08
1.141e+00 2.700e-03 4.803e-02 1.987e-02 7.848e-05
1.250e+00 2.260e-03 4.589e-02 1.665e-02 4.149e-04
1.259e+00 2.228e-03 4.572e-02 1.642e-02 4.554e-04
1.390e+00 1.836e-03 4.347e-02 1.362e-02 1.230e-03
1.500e+00 1.582e-03 4.179e-02 1.184e-02 2.065e-03
1.535e+00 1.512e-03 4.128e-02 1.135e-02 2.347e-03
1.694e+00 1.246e-03 3.917e-02 9.522e-03 3.649e-03
1.870e+00 1.025e-03 3.710e-02 8.017e-03 5.040e-03
2.000e+00 8.979e-04 3.572e-02 7.150e-03 6.031e-03
2.044e+00 8.601e-04 3.527e-02 6.892e-03 6.364e-03
2.065e+00 8.428e-04 3.507e-02 6.775e-03 6.521e-03
2.279e+00 6.934e-04 3.312e-02 5.753e-03 8.058e-03
2.516e+00 5.700e-04 3.126e-02 4.902e-03 9.626e-03
2.778e+00 4.684e-04 2.948e-02 4.192e-03 1.122e-02
3.000e+00 4.021e-04 2.814e-02 3.722e-03 1.248e-02
3.066e+00 3.851e-04 2.777e-02 3.600e-03 1.284e-02
3.385e+00 3.163e-04 2.611e-02 3.101e-03 1.451e-02
3.737e+00 2.598e-04 2.453e-02 2.680e-03 1.623e-02
4.000e+00 2.269e-04 2.348e-02 2.428e-03 1.745e-02
4.125e+00 2.134e-04 2.302e-02 2.324e-03 1.801e-02
4.554e+00 1.752e-04 2.158e-02 2.020e-03 1.985e-02
5.000e+00 1.455e-04 2.029e-02 1.774e-03 2.163e-02
5.027e+00 1.439e-04 2.021e-02 1.761e-03 2.173e-02
5.549e+00 1.182e-04 1.891e-02 1.540e-03 2.364e-02
6.000e+00 1.011e-04 1.793e-02 1.387e-03 2.519e-02
6.126e+00 9.699e-05 1.768e-02 1.349e-03 2.561e-02
6.762e+00 7.963e-05 1.651e-02 1.186e-03 2.765e-02
7.000e+00 7.431e-05 1.612e-02 1.134e-03 2.838e-02
7.465e+00 6.536e-05 1.541e-02 1.044e-03 2.975e-02
8.000e+00 5.693e-05 1.467e-02 9.561e-04 3.127e-02
8.241e+00 5.365e-05 1.437e-02 9.210e-04 3.191e-02
9.000e+00 4.499e-05 1.349e-02 8.252e-04 3.390e-02
9.097e+00 4.404e-05 1.339e-02 8.143e-04 3.415e-02
1.000e+01 3.644e-05 1.250e-02 7.252e-04 3.635e-02
1.004e+01 3.616e-05 1.246e-02 7.217e-04 3.644e-02
1.100e+01 3.012e-05 1.166e-02 6.461e-04 3.863e-02
1.109e+01 2.964e-05 1.159e-02 6.398e-04 3.882e-02
1.200e+01 2.531e-05 1.093e-02 5.823e-04 4.074e-02
1.224e+01 2.433e-05 1.077e-02 5.689e-04 4.123e-02
1.300e+01 2.157e-05 1.030e-02 5.299e-04 4.270e-02
1.351e+01 1.998e-05 1.001e-02 5.065e-04 4.366e-02
1.400e+01 1.860e-05 9.745e-03 4.859e-04 4.456e-02
1.491e+01 1.640e-05 9.293e-03 4.517e-04 4.613e-02
1.500e+01 1.621e-05 9.251e-03 4.486e-04 4.629e-02
1.600e+01 1.424e-05 8.812e-03 4.164e-04 4.789e-02
1.646e+01 1.346e-05 8.624e-03 4.031e-04 4.860e-02
1.800e+01 1.126e-05 8.052e-03 3.642e-04 5.084e-02
1.818e+01 1.103e-05 7.991e-03 3.601e-04 5.110e-02
2.000e+01 9.117e-06 7.426e-03 3.235e-04 5.348e-02
