# PROMETHIUM from NIST Database
7.220e+00 0.000e+00 0.000e+00 0.000e+00 0.000e+00
6.100e+01 1.000e+00 3.500e+00 0.000e+00 0.000e+00
0.000e+00 0.000e+00 0.000e+00 0.000e+00 0.000e+00
1.000e-03 9.691e+00 6.225e-03 2.047e+03 0.000e+00
1.020e-03 9.673e+00 6.386e-03 1.973e+03 0.000e+00
1.027e-03 9.666e+00 6.441e-03 1.949e+03 0.000e+00
1.027e-03 9.666e+00 6.441e-03 2.544e+03 0.000e+00
1.039e-03 9.654e+00 6.540e-03 3.848e+03 0.000e+00
1.051e-03 9.641e+00 6.641e-03 5.793e+03 0.000e+00
1.051e-03 9.641e+00 6.641e-03 7.194e+03 0.000e+00
1.126e-03 9.565e+00 7.232e-03 6.751e+03 0.000e+00
1.243e-03 9.448e+00 8.133e-03 6.161e+03 0.000e+00
1.357e-03 9.334e+00 9.005e-03 5.681e+03 0.000e+00
1.357e-03 9.334e+00 9.005e-03 6.545e+03 0.000e+00
1.372e-03 9.319e+00 9.122e-03 6.385e+03 0.000e+00
1.471e-03 9.213e+00 9.895e-03 5.456e+03 0.000e+00
1.471e-03 9.213e+00 9.895e-03 5.789e+03 0.000e+00
1.500e-03 9.180e+00 1.011e-02 5.544e+03 0.000e+00
1.515e-03 9.163e+00 1.023e-02 5.425e+03 0.000e+00
1.653e-03 9.018e+00 1.129e-02 4.488e+03 0.000e+00
1.653e-03 9.018e+00 1.129e-02 4.692e+03 0.000e+00
1.672e-03 8.998e+00 1.144e-02 4.571e+03 0.000e+00
1.846e-03 8.820e+00 1.276e-02 3.648e+03 0.000e+00
2.000e-03 8.660e+00 1.392e-02 3.039e+03 0.000e+00
2.038e-03 8.621e+00 1.420e-02 2.906e+03 0.000e+00
2.250e-03 8.402e+00 1.580e-02 2.294e+03 0.000e+00
2.483e-03 8.163e+00 1.753e-02 1.813e+03 0.000e+00
2.741e-03 7.901e+00 1.943e-02 1.432e+03 0.000e+00
3.000e-03 7.642e+00 2.130e-02 1.154e+03 0.000e+00
3.026e-03 7.617e+00 2.148e-02 1.130e+03 0.000e+00
3.341e-03 7.311e+00 2.369e-02 8.830e+02 0.000e+00
3.688e-03 6.986e+00 2.606e-02 6.906e+02 0.000e+00
4.000e-03 6.707e+00 2.812e-02 5.643e+02 0.000e+00
4.071e-03 6.645e+00 2.858e-02 5.397e+02 0.000e+00
4.494e-03 6.291e+00 3.126e-02 4.198e+02 0.000e+00
4.961e-03 5.930e+00 3.408e-02 3.265e+02 0.000e+00
5.000e-03 5.901e+00 3.431e-02 3.201e+02 0.000e+00
5.477e-03 5.565e+00 3.703e-02 2.531e+02 0.000e+00
6.000e-03 5.224e+00 3.982e-02 2.001e+02 0.000e+00
6.046e-03 5.195e+00 4.006e-02 1.961e+02 0.000e+00
6.459e-03 4.945e+00 4.214e-02 1.651e+02 0.000e+00
6.459e-03 4.945e+00 4.214e-02 4.629e+02 0.000e+00
6.675e-03 4.823e+00 4.320e-02 4.259e+02 0.000e+00
7.013e-03 4.642e+00 4.480e-02 3.758e+02 0.000e+00
7.013e-03 4.642e+00 4.480e-02 5.128e+02 0.000e+00
7.368e-03 4.463e+00 4.640e-02 4.540e+02 0.000e+00
7.428e-03 4.434e+00 4.667e-02 4.451e+02 0.000e+00
7.428e-03 4.434e+00 4.667e-02 5.141e+02 0.000e+00
8.000e-03 4.164e+00 4.916e-02 4.272e+02 0.000e+00
8.134e-03 4.104e+00 4.973e-02 4.093e+02 0.000e+00
8.979e-03 3.755e+00 5.316e-02 3.174e+02 0.000e+00
9.912e-03 3.420e+00 5.669e-02 2.461e+02 0.000e+00
1.000e-02 3.391e+00 5.702e-02 2.406e+02 0.000e+00
1.094e-02 3.100e+00 6.034e-02 1.894e+02 0.000e+00
1.208e-02 2.796e+00 6.411e-02 1.455e+02 0.000e+00
1.334e-02 2.513e+00 6.795e-02 1.118e+02 0.000e+00
1.472e-02 2.255e+00 7.182e-02 8.603e+01 0.000e+00
1.500e-02 2.208e+00 7.256e-02 8.183e+01 0.000e+00
1.625e-02 2.019e+00 7.570e-02 6.585e+01 0.000e+00
1.794e-02 1.802e+00 7.955e-02 5.035e+01 0.000e+00
1.980e-02 1.604e+00 8.328e-02 3.853e+01 0.000e+00
2.000e-02 1.584e+00 8.365e-02 3.749e+01 0.000e+00
2.186e-02 1.419e+00 8.687e-02 2.933e+01 0.000e+00
2.413e-02 1.249e+00 9.026e-02 2.233e+01 0.000e+00
2.664e-02 1.094e+00 9.345e-02 1.699e+01 0.000e+00
2.941e-02 9.522e-01 9.639e-02 1.293e+01 0.000e+00
3.000e-02 9.255e-01 9.695e-02 1.224e+01 0.000e+00
3.247e-02 8.246e-01 9.908e-02 9.811e+00 0.000e+00
3.584e-02 7.114e-01 1.015e-01 7.442e+00 0.000e+00
3.957e-02 6.122e-01 1.037e-01 5.641e+00 0.000e+00
4.000e-02 6.022e-01 1.039e-01 5.473e+00 0.000e+00
4.368e-02 5.265e-01 1.056e-01 4.273e+00 0.000e+00
4.518e-02 4.999e-01 1.061e-01 3.885e+00 0.000e+00
4.518e-02 4.999e-01 1.061e-01 2.205e+01 0.000e+00
4.822e-02 4.523e-01 1.071e-01 1.852e+01 0.000e+00
5.000e-02 4.276e-01 1.076e-01 1.681e+01 0.000e+00
5.323e-02 3.879e-01 1.084e-01 1.427e+01 0.000e+00
5.876e-02 3.320e-01 1.094e-01 1.103e+01 0.000e+00
6.000e-02 3.212e-01 1.096e-01 1.044e+01 0.000e+00
6.486e-02 2.833e-01 1.101e-01 8.490e+00 0.000e+00
7.161e-02 2.408e-01 1.105e-01 6.495e+00 0.000e+00
7.905e-02 2.040e-01 1.105e-01 4.955e+00 0.000e+00
8.000e-02 1.999e-01 1.105e-01 4.796e+00 0.000e+00
8.726e-02 1.723e-01 1.102e-01 3.778e+00 0.000e+00
9.633e-02 1.451e-01 1.096e-01 2.877e+00 0.000e+00
1.000e-01 1.359e-01 1.093e-01 2.594e+00 0.000e+00
1.063e-01 1.221e-01 1.087e-01 2.190e+00 0.000e+00
1.174e-01 1.024e-01 1.075e-01 1.661e+00 0.000e+00
1.296e-01 8.596e-02 1.060e-01 1.259e+00 0.000e+00
1.431e-01 7.203e-02 1.043e-01 9.538e-01 0.000e+00
1.500e-01 6.620e-02 1.034e-01 8.357e-01 0.000e+00
1.579e-01 6.037e-02 1.024e-01 7.236e-01 0.000e+00
1.743e-01 5.051e-02 1.003e-01 5.485e-01 0.000e+00
1.925e-01 4.217e-02 9.807e-02 4.154e-01 0.000e+00
2.000e-01 3.933e-02 9.716e-02 3.733e-01 0.000e+00
2.125e-01 3.519e-02 9.568e-02 3.153e-01 0.000e+00
2.345e-01 2.933e-02 9.318e-02 2.399e-01 0.000e+00
2.589e-01 2.439e-02 9.058e-02 1.826e-01 0.000e+00
2.858e-01 2.026e-02 8.790e-02 1.394e-01 0.000e+00
3.000e-01 1.849e-02 8.656e-02 1.222e-01 0.000e+00
3.155e-01 1.681e-02 8.516e-02 1.067e-01 0.000e+00
3.483e-01 1.392e-02 8.238e-02 8.197e-02 0.000e+00
3.845e-01 1.152e-02 7.958e-02 6.322e-02 0.000e+00
4.000e-01 1.068e-02 7.846e-02 5.706e-02 0.000e+00
4.245e-01 9.526e-03 7.678e-02 4.897e-02 0.000e+00
4.686e-01 7.872e-03 7.398e-02 3.813e-02 0.000e+00
5.000e-01 6.944e-03 7.214e-02 3.246e-02 0.000e+00
5.173e-01 6.501e-03 7.118e-02 2.985e-02 0.000e+00
5.710e-01 5.368e-03 6.838e-02 2.351e-02 0.000e+00
6.000e-01 4.875e-03 6.699e-02 2.090e-02 0.000e+00
6.304e-01 4.427e-03 6.562e-02 1.862e-02 0.000e+00
6.959e-01 3.650e-03 6.291e-02 1.484e-02 0.000e+00
7.682e-01 3.007e-03 6.023e-02 1.190e-02 0.000e+00
8.000e-01 2.776e-03 5.914e-02 1.089e-02 0.000e+00
8.480e-01 2.475e-03 5.757e-02 9.603e-03 0.000e+00
9.361e-01 2.037e-03 5.495e-02 7.798e-03 0.000e+00
1.000e+00 1.789e-03 5.328e-02 6.815e-03 0.000e+00
1.022e+00 1.714e-03 5.274e-02 6.524e-03 0.000e+00
1.033e+00 1.678e-03 5.247e-02 6.386e-03 5.938e-08
1.141e+00 1.379e-03 4.997e-02 5.244e-03 4.971e-05
1.250e+00 1.151e-03 4.771e-02 4.397e-03 2.414e-04
1.259e+00 1.134e-03 4.753e-02 4.337e-03 2.635e-04
1.390e+00 9.321e-04 4.518e-02 3.608e-03 6.736e-04
1.500e+00 8.012e-04 4.343e-02 3.143e-03 1.116e-03
1.535e+00 7.653e-04 4.290e-02 3.015e-03 1.270e-03
1.694e+00 6.290e-04 4.068e-02 2.532e-03 2.028e-03
1.870e+00 5.167e-04 3.852e-02 2.136e-03 2.936e-03
2.000e+00 4.521e-04 3.709e-02 1.908e-03 3.632e-03
2.044e+00 4.330e-04 3.663e-02 1.841e-03 3.870e-03
2.065e+00 4.243e-04 3.642e-02 1.810e-03 3.984e-03
2.279e+00 3.487e-04 3.440e-02 1.542e-03 5.138e-03
2.516e+00 2.862e-04 3.246e-02 1.319e-03 6.394e-03
2.778e+00 2.348e-04 3.060e-02 1.132e-03 7.738e-03
3.000e+00 2.013e-04 2.920e-02 1.007e-03 8.837e-03
3.066e+00 1.928e-04 2.881e-02 9.751e-04 9.157e-03
3.385e+00 1.582e-04 2.710e-02 8.430e-04 1.065e-02
3.737e+00 1.299e-04 2.546e-02 7.313e-04 1.222e-02
4.000e+00 1.134e-04 2.437e-02 6.645e-04 1.334e-02
4.125e+00 1.066e-04 2.389e-02 6.366e-04 1.386e-02
4.554e+00 8.747e-05 2.239e-02 5.557e-04 1.555e-02
5.000e+00 7.256e-05 2.105e-02 4.900e-04 1.721e-02
5.027e+00 7.178e-05 2.097e-02 4.865e-04 1.731e-02
5.549e+00 5.892e-05 1.962e-02 4.270e-04 1.910e-02
6.000e+00 5.041e-05 1.861e-02 3.859e-04 2.056e-02
6.126e+00 4.836e-05 1.834e-02 3.757e-04 2.094e-02
6.762e+00 3.969e-05 1.713e-02 3.313e-04 2.284e-02
7.000e+00 3.704e-05 1.672e-02 3.172e-04 2.351e-02
7.465e+00 3.257e-05 1.599e-02 2.927e-04 2.478e-02
8.000e+00 2.836e-05 1.522e-02 2.687e-04 2.617e-02
8.241e+00 2.673e-05 1.490e-02 2.592e-04 2.677e-02
9.000e+00 2.241e-05 1.399e-02 2.329e-04 2.859e-02
9.097e+00 2.194e-05 1.388e-02 2.299e-04 2.882e-02
1.000e+01 1.815e-05 1.297e-02 2.053e-04 3.082e-02
1.004e+01 1.801e-05 1.293e-02 2.043e-04 3.090e-02
1.100e+01 1.500e-05 1.209e-02 1.834e-04 3.287e-02
1.109e+01 1.476e-05 1.202e-02 1.817e-04 3.305e-02
1.200e+01 1.261e-05 1.134e-02 1.657e-04 3.477e-02
1.224e+01 1.212e-05 1.118e-02 1.620e-04 3.521e-02
1.300e+01 1.074e-05 1.068e-02 1.511e-04 3.656e-02
1.351e+01 9.947e-06 1.038e-02 1.446e-04 3.741e-02
1.400e+01 9.263e-06 1.011e-02 1.388e-04 3.821e-02
1.491e+01 8.168e-06 9.639e-03 1.292e-04 3.960e-02
1.500e+01 8.070e-06 9.596e-03 1.283e-04 3.974e-02
1.600e+01 7.094e-06 9.138e-03 1.193e-04 4.115e-02
1.646e+01 6.702e-06 8.944e-03 1.156e-04 4.178e-02
1.800e+01 5.602e-06 8.353e-03 1.046e-04 4.371e-02
1.818e+01 5.491e-06 8.290e-03 1.034e-04 4.393e-02
2.000e+01 4.538e-06 7.705e-03 9.309e-05 4.600e-02
