# POLONIUM from NIST Database
9.320e+00 0.000e+00 0.000e+00 0.000e+00 0.000e+00
8.400e+01 1.000e+00 3.500e+00 0.000e+00 0.000e+00
0.000e+00 0.000e+00 0.000e+00 0.000e+00 0.000e+00
1.000e-03 1.300e+01 3.487e-03 5.711e+03 0.000e+00
1.020e-03 1.297e+01 3.599e-03 5.495e+03 0.000e+00
1.126e-03 1.286e+01 4.216e-03 4.532e+03 0.000e+00
1.243e-03 1.274e+01 4.929e-03 3.738e+03 0.000e+00
1.372e-03 1.260e+01 5.740e-03 3.083e+03 0.000e+00
1.500e-03 1.245e+01 6.556e-03 2.591e+03 0.000e+00
1.515e-03 1.243e+01 6.652e-03 2.538e+03 0.000e+00
1.672e-03 1.225e+01 7.652e-03 2.060e+03 0.000e+00
1.846e-03 1.203e+01 8.754e-03 1.672e+03 0.000e+00
2.000e-03 1.184e+01 9.723e-03 1.411e+03 0.000e+00
2.038e-03 1.179e+01 9.961e-03 1.354e+03 0.000e+00
2.250e-03 1.153e+01 1.128e-02 1.088e+03 0.000e+00
2.483e-03 1.124e+01 1.271e-02 8.748e+02 0.000e+00
2.683e-03 1.099e+01 1.391e-02 7.371e+02 0.000e+00
2.683e-03 1.099e+01 1.391e-02 2.195e+03 0.000e+00
2.741e-03 1.092e+01 1.425e-02 1.963e+03 0.000e+00
2.798e-03 1.085e+01 1.459e-02 1.764e+03 0.000e+00
2.798e-03 1.085e+01 1.459e-02 2.701e+03 0.000e+00
3.000e-03 1.061e+01 1.576e-02 2.144e+03 0.000e+00
3.026e-03 1.058e+01 1.591e-02 2.098e+03 0.000e+00
3.302e-03 1.026e+01 1.744e-02 1.683e+03 0.000e+00
3.302e-03 1.026e+01 1.744e-02 1.946e+03 0.000e+00
3.341e-03 1.022e+01 1.765e-02 1.890e+03 0.000e+00
3.688e-03 9.831e+00 1.952e-02 1.482e+03 0.000e+00
3.854e-03 9.648e+00 2.039e-02 1.330e+03 0.000e+00
3.854e-03 9.648e+00 2.039e-02 1.409e+03 0.000e+00
4.000e-03 9.489e+00 2.114e-02 1.290e+03 0.000e+00
4.071e-03 9.415e+00 2.150e-02 1.236e+03 0.000e+00
4.149e-03 9.334e+00 2.189e-02 1.181e+03 0.000e+00
4.149e-03 9.334e+00 2.189e-02 1.232e+03 0.000e+00
4.494e-03 8.988e+00 2.359e-02 1.016e+03 0.000e+00
4.961e-03 8.543e+00 2.579e-02 7.997e+02 0.000e+00
5.000e-03 8.507e+00 2.598e-02 7.847e+02 0.000e+00
5.477e-03 8.081e+00 2.815e-02 6.270e+02 0.000e+00
6.000e-03 7.645e+00 3.046e-02 5.008e+02 0.000e+00
6.046e-03 7.608e+00 3.066e-02 4.913e+02 0.000e+00
6.675e-03 7.128e+00 3.335e-02 3.831e+02 0.000e+00
7.368e-03 6.647e+00 3.621e-02 2.989e+02 0.000e+00
8.000e-03 6.247e+00 3.873e-02 2.431e+02 0.000e+00
8.134e-03 6.167e+00 3.925e-02 2.330e+02 0.000e+00
8.979e-03 5.695e+00 4.245e-02 1.810e+02 0.000e+00
9.912e-03 5.233e+00 4.575e-02 1.406e+02 0.000e+00
1.000e-02 5.193e+00 4.605e-02 1.375e+02 0.000e+00
1.094e-02 4.786e+00 4.909e-02 1.089e+02 0.000e+00
1.208e-02 4.351e+00 5.247e-02 8.424e+01 0.000e+00
1.334e-02 3.934e+00 5.590e-02 6.514e+01 0.000e+00
1.381e-02 3.792e+00 5.711e-02 5.951e+01 0.000e+00
1.381e-02 3.792e+00 5.711e-02 1.475e+02 0.000e+00
1.472e-02 3.540e+00 5.934e-02 1.245e+02 0.000e+00
1.500e-02 3.467e+00 6.000e-02 1.184e+02 0.000e+00
1.624e-02 3.167e+00 6.273e-02 9.527e+01 0.000e+00
1.624e-02 3.167e+00 6.273e-02 1.328e+02 0.000e+00
1.625e-02 3.166e+00 6.275e-02 1.327e+02 0.000e+00
1.694e-02 3.017e+00 6.417e-02 1.201e+02 0.000e+00
1.694e-02 3.017e+00 6.417e-02 1.389e+02 0.000e+00
1.794e-02 2.817e+00 6.612e-02 1.200e+02 0.000e+00
1.980e-02 2.491e+00 6.943e-02 9.336e+01 0.000e+00
2.000e-02 2.459e+00 6.976e-02 9.100e+01 0.000e+00
2.186e-02 2.196e+00 7.274e-02 7.211e+01 0.000e+00
2.413e-02 1.932e+00 7.604e-02 5.568e+01 0.000e+00
2.664e-02 1.696e+00 7.929e-02 4.298e+01 0.000e+00
2.941e-02 1.487e+00 8.243e-02 3.318e+01 0.000e+00
3.000e-02 1.447e+00 8.305e-02 3.150e+01 0.000e+00
3.247e-02 1.300e+00 8.543e-02 2.551e+01 0.000e+00
3.584e-02 1.134e+00 8.822e-02 1.961e+01 0.000e+00
3.957e-02 9.848e-01 9.080e-02 1.506e+01 0.000e+00
4.000e-02 9.694e-01 9.106e-02 1.463e+01 0.000e+00
4.368e-02 8.507e-01 9.309e-02 1.154e+01 0.000e+00
4.822e-02 7.314e-01 9.510e-02 8.837e+00 0.000e+00
5.000e-02 6.913e-01 9.576e-02 8.014e+00 0.000e+00
5.323e-02 6.265e-01 9.679e-02 6.760e+00 0.000e+00
5.876e-02 5.354e-01 9.816e-02 5.167e+00 0.000e+00
6.000e-02 5.178e-01 9.841e-02 4.882e+00 0.000e+00
6.486e-02 4.571e-01 9.921e-02 3.945e+00 0.000e+00
7.161e-02 3.896e-01 9.994e-02 3.010e+00 0.000e+00
7.905e-02 3.318e-01 1.004e-01 2.297e+00 0.000e+00
8.000e-02 3.253e-01 1.004e-01 2.223e+00 0.000e+00
8.726e-02 2.820e-01 1.005e-01 1.752e+00 0.000e+00
9.310e-02 2.534e-01 1.004e-01 1.466e+00 0.000e+00
9.310e-02 2.534e-01 1.004e-01 6.786e+00 0.000e+00
9.633e-02 2.395e-01 1.003e-01 6.228e+00 0.000e+00
1.000e-01 2.250e-01 1.001e-01 5.665e+00 0.000e+00
1.063e-01 2.030e-01 9.980e-02 4.846e+00 0.000e+00
1.174e-01 1.712e-01 9.905e-02 3.744e+00 0.000e+00
1.296e-01 1.441e-01 9.804e-02 2.888e+00 0.000e+00
1.431e-01 1.210e-01 9.678e-02 2.223e+00 0.000e+00
1.500e-01 1.113e-01 9.610e-02 1.962e+00 0.000e+00
1.579e-01 1.015e-01 9.530e-02 1.714e+00 0.000e+00
1.743e-01 8.505e-02 9.360e-02 1.321e+00 0.000e+00
1.925e-01 7.113e-02 9.170e-02 1.017e+00 0.000e+00
2.000e-01 6.639e-02 9.092e-02 9.201e-01 0.000e+00
2.125e-01 5.950e-02 8.963e-02 7.847e-01 0.000e+00
2.345e-01 4.978e-02 8.744e-02 6.061e-01 0.000e+00
2.589e-01 4.157e-02 8.512e-02 4.682e-01 0.000e+00
2.858e-01 3.469e-02 8.272e-02 3.626e-01 0.000e+00
3.000e-01 3.173e-02 8.152e-02 3.202e-01 0.000e+00
3.155e-01 2.891e-02 8.026e-02 2.815e-01 0.000e+00
3.483e-01 2.406e-02 7.775e-02 2.193e-01 0.000e+00
3.845e-01 2.000e-02 7.520e-02 1.714e-01 0.000e+00
4.000e-01 1.857e-02 7.417e-02 1.555e-01 0.000e+00
4.245e-01 1.660e-02 7.262e-02 1.345e-01 0.000e+00
4.686e-01 1.377e-02 7.002e-02 1.060e-01 0.000e+00
5.000e-01 1.217e-02 6.832e-02 9.086e-02 0.000e+00
5.173e-01 1.141e-02 6.744e-02 8.389e-02 0.000e+00
5.710e-01 9.444e-03 6.488e-02 6.675e-02 0.000e+00
6.000e-01 8.587e-03 6.360e-02 5.962e-02 0.000e+00
6.304e-01 7.808e-03 6.232e-02 5.333e-02 0.000e+00
6.959e-01 6.452e-03 5.977e-02 4.282e-02 0.000e+00
7.682e-01 5.328e-03 5.725e-02 3.456e-02 0.000e+00
8.000e-01 4.925e-03 5.622e-02 3.170e-02 0.000e+00
8.480e-01 4.398e-03 5.476e-02 2.804e-02 0.000e+00
9.361e-01 3.628e-03 5.231e-02 2.287e-02 0.000e+00
1.000e+00 3.190e-03 5.072e-02 2.001e-02 0.000e+00
1.022e+00 3.057e-03 5.020e-02 1.915e-02 0.000e+00
1.033e+00 2.994e-03 4.994e-02 1.875e-02 8.758e-08
1.141e+00 2.465e-03 4.759e-02 1.541e-02 7.838e-05
1.250e+00 2.060e-03 4.547e-02 1.292e-02 4.000e-04
1.259e+00 2.031e-03 4.531e-02 1.275e-02 4.380e-04
1.390e+00 1.672e-03 4.307e-02 1.058e-02 1.154e-03
1.500e+00 1.439e-03 4.138e-02 9.201e-03 1.921e-03
1.535e+00 1.374e-03 4.088e-02 8.825e-03 2.183e-03
1.694e+00 1.131e-03 3.877e-02 7.408e-03 3.409e-03
1.870e+00 9.301e-04 3.671e-02 6.241e-03 4.767e-03
2.000e+00 8.144e-04 3.536e-02 5.564e-03 5.758e-03
2.044e+00 7.801e-04 3.493e-02 5.363e-03 6.092e-03
2.065e+00 7.645e-04 3.472e-02 5.271e-03 6.250e-03
2.279e+00 6.288e-04 3.282e-02 4.477e-03 7.818e-03
2.516e+00 5.166e-04 3.097e-02 3.819e-03 9.450e-03
2.778e+00 4.242e-04 2.920e-02 3.271e-03 1.114e-02
3.000e+00 3.640e-04 2.787e-02 2.908e-03 1.248e-02
3.066e+00 3.485e-04 2.750e-02 2.813e-03 1.287e-02
3.385e+00 2.861e-04 2.586e-02 2.425e-03 1.468e-02
3.737e+00 2.349e-04 2.429e-02 2.097e-03 1.654e-02
4.000e+00 2.051e-04 2.326e-02 1.902e-03 1.786e-02
4.125e+00 1.929e-04 2.280e-02 1.820e-03 1.846e-02
4.554e+00 1.583e-04 2.137e-02 1.584e-03 2.045e-02
5.000e+00 1.314e-04 2.009e-02 1.393e-03 2.238e-02
5.027e+00 1.300e-04 2.002e-02 1.383e-03 2.249e-02
5.549e+00 1.067e-04 1.873e-02 1.210e-03 2.458e-02
6.000e+00 9.129e-05 1.776e-02 1.091e-03 2.628e-02
6.126e+00 8.758e-05 1.751e-02 1.062e-03 2.674e-02
6.762e+00 7.189e-05 1.636e-02 9.338e-04 2.894e-02
7.000e+00 6.708e-05 1.597e-02 8.933e-04 2.973e-02
7.465e+00 5.900e-05 1.526e-02 8.231e-04 3.120e-02
8.000e+00 5.138e-05 1.453e-02 7.544e-04 3.282e-02
8.241e+00 4.842e-05 1.423e-02 7.270e-04 3.353e-02
9.000e+00 4.060e-05 1.336e-02 6.518e-04 3.566e-02
9.097e+00 3.974e-05 1.326e-02 6.433e-04 3.592e-02
1.000e+01 3.288e-05 1.238e-02 5.732e-04 3.826e-02
1.004e+01 3.262e-05 1.234e-02 5.704e-04 3.836e-02
1.100e+01 2.718e-05 1.155e-02 5.112e-04 4.065e-02
1.109e+01 2.674e-05 1.148e-02 5.063e-04 4.087e-02
1.200e+01 2.284e-05 1.083e-02 4.611e-04 4.290e-02
1.224e+01 2.196e-05 1.067e-02 4.504e-04 4.342e-02
1.300e+01 1.947e-05 1.020e-02 4.196e-04 4.502e-02
1.351e+01 1.802e-05 9.911e-03 4.012e-04 4.603e-02
1.400e+01 1.679e-05 9.651e-03 3.850e-04 4.697e-02
1.491e+01 1.480e-05 9.205e-03 3.581e-04 4.866e-02
1.500e+01 1.462e-05 9.164e-03 3.556e-04 4.881e-02
1.600e+01 1.285e-05 8.726e-03 3.302e-04 5.051e-02
1.646e+01 1.214e-05 8.540e-03 3.198e-04 5.126e-02
1.800e+01 1.015e-05 7.976e-03 2.890e-04 5.362e-02
1.818e+01 9.955e-06 7.916e-03 2.858e-04 5.388e-02
2.000e+01 8.224e-06 7.354e-03 2.568e-04 5.637e-02
