# POLYVINYL BUTYRAL from NIST Database
1.120e+00 0.000e+00 0.000e+00 0.000e+00 0.000e+00
1.000e+00 9.207e-02 3.500e+00 0.000e+00 0.000e+00
6.000e+00 5.667e-02 3.500e+00 0.000e+00 0.000e+00
8.000e+00 1.416e-02 3.500e+00 0.000e+00 0.000e+00
0.000e+00 0.000e+00 0.000e+00 0.000e+00 0.000e+00
1.000e-03 1.107e+00 1.520e-02 2.544e+03 0.000e+00
1.020e-03 1.102e+00 1.573e-02 2.410e+03 0.000e+00
1.126e-03 1.078e+00 1.868e-02 1.836e+03 0.000e+00
1.243e-03 1.053e+00 2.214e-02 1.397e+03 0.000e+00
1.372e-03 1.025e+00 2.613e-02 1.062e+03 0.000e+00
1.500e-03 9.955e-01 3.022e-02 8.269e+02 0.000e+00
1.515e-03 9.920e-01 3.070e-02 8.040e+02 0.000e+00
1.672e-03 9.547e-01 3.580e-02 6.075e+02 0.000e+00
1.846e-03 9.125e-01 4.148e-02 4.572e+02 0.000e+00
2.000e-03 8.753e-01 4.647e-02 3.626e+02 0.000e+00
2.038e-03 8.662e-01 4.769e-02 3.433e+02 0.000e+00
2.250e-03 8.165e-01 5.443e-02 2.573e+02 0.000e+00
2.483e-03 7.643e-01 6.160e-02 1.927e+02 0.000e+00
2.741e-03 7.100e-01 6.917e-02 1.439e+02 0.000e+00
3.000e-03 6.595e-01 7.633e-02 1.100e+02 0.000e+00
3.026e-03 6.546e-01 7.703e-02 1.072e+02 0.000e+00
3.341e-03 5.990e-01 8.503e-02 7.969e+01 0.000e+00
3.688e-03 5.445e-01 9.303e-02 5.917e+01 0.000e+00
4.000e-03 5.012e-01 9.951e-02 4.627e+01 0.000e+00
4.071e-03 4.920e-01 1.009e-01 4.386e+01 0.000e+00
4.494e-03 4.422e-01 1.085e-01 3.245e+01 0.000e+00
4.961e-03 3.957e-01 1.157e-01 2.397e+01 0.000e+00
5.000e-03 3.922e-01 1.163e-01 2.340e+01 0.000e+00
5.477e-03 3.529e-01 1.225e-01 1.767e+01 0.000e+00
6.000e-03 3.170e-01 1.284e-01 1.332e+01 0.000e+00
6.046e-03 3.141e-01 1.289e-01 1.301e+01 0.000e+00
6.675e-03 2.790e-01 1.347e-01 9.557e+00 0.000e+00
7.368e-03 2.477e-01 1.402e-01 7.017e+00 0.000e+00
8.000e-03 2.242e-01 1.444e-01 5.418e+00 0.000e+00
8.134e-03 2.197e-01 1.452e-01 5.142e+00 0.000e+00
8.979e-03 1.948e-01 1.499e-01 3.764e+00 0.000e+00
9.912e-03 1.726e-01 1.542e-01 2.751e+00 0.000e+00
1.000e-02 1.707e-01 1.546e-01 2.675e+00 0.000e+00
1.094e-02 1.527e-01 1.583e-01 2.009e+00 0.000e+00
1.208e-02 1.347e-01 1.621e-01 1.464e+00 0.000e+00
1.334e-02 1.185e-01 1.657e-01 1.065e+00 0.000e+00
1.472e-02 1.040e-01 1.689e-01 7.753e-01 0.000e+00
1.500e-02 1.014e-01 1.695e-01 7.296e-01 0.000e+00
1.625e-02 9.076e-02 1.719e-01 5.632e-01 0.000e+00
1.794e-02 7.882e-02 1.746e-01 4.087e-01 0.000e+00
1.980e-02 6.814e-02 1.769e-01 2.965e-01 0.000e+00
2.000e-02 6.712e-02 1.771e-01 2.869e-01 0.000e+00
2.186e-02 5.858e-02 1.788e-01 2.147e-01 0.000e+00
2.413e-02 5.014e-02 1.803e-01 1.554e-01 0.000e+00
2.664e-02 4.272e-02 1.813e-01 1.123e-01 0.000e+00
2.941e-02 3.626e-02 1.819e-01 8.117e-02 0.000e+00
3.000e-02 3.507e-02 1.820e-01 7.603e-02 0.000e+00
3.247e-02 3.067e-02 1.821e-01 5.859e-02 0.000e+00
3.584e-02 2.588e-02 1.819e-01 4.229e-02 0.000e+00
3.957e-02 2.177e-02 1.813e-01 3.049e-02 0.000e+00
4.000e-02 2.136e-02 1.812e-01 2.942e-02 0.000e+00
4.368e-02 1.828e-02 1.803e-01 2.199e-02 0.000e+00
4.822e-02 1.531e-02 1.790e-01 1.584e-02 0.000e+00
5.000e-02 1.434e-02 1.784e-01 1.405e-02 0.000e+00
5.323e-02 1.280e-02 1.773e-01 1.141e-02 0.000e+00
5.876e-02 1.068e-02 1.753e-01 8.220e-03 0.000e+00
6.000e-02 1.028e-02 1.749e-01 7.669e-03 0.000e+00
6.486e-02 8.894e-03 1.730e-01 5.920e-03 0.000e+00
7.161e-02 7.392e-03 1.705e-01 4.261e-03 0.000e+00
7.905e-02 6.135e-03 1.677e-01 3.068e-03 0.000e+00
8.000e-02 5.998e-03 1.674e-01 2.949e-03 0.000e+00
8.726e-02 5.084e-03 1.647e-01 2.210e-03 0.000e+00
9.633e-02 4.206e-03 1.614e-01 1.592e-03 0.000e+00
1.000e-01 3.914e-03 1.602e-01 1.407e-03 0.000e+00
1.063e-01 3.479e-03 1.580e-01 1.150e-03 0.000e+00
1.174e-01 2.869e-03 1.544e-01 8.282e-04 0.000e+00
1.296e-01 2.367e-03 1.507e-01 5.983e-04 0.000e+00
1.431e-01 1.950e-03 1.468e-01 4.323e-04 0.000e+00
1.500e-01 1.778e-03 1.449e-01 3.707e-04 0.000e+00
1.579e-01 1.607e-03 1.429e-01 3.135e-04 0.000e+00
1.743e-01 1.323e-03 1.388e-01 2.275e-04 0.000e+00
1.925e-01 1.087e-03 1.347e-01 1.651e-04 0.000e+00
2.000e-01 1.008e-03 1.331e-01 1.461e-04 0.000e+00
2.125e-01 8.939e-04 1.305e-01 1.204e-04 0.000e+00
2.345e-01 7.353e-04 1.264e-01 8.811e-05 0.000e+00
2.589e-01 6.042e-04 1.222e-01 6.465e-05 0.000e+00
2.858e-01 4.964e-04 1.180e-01 4.766e-05 0.000e+00
3.000e-01 4.508e-04 1.159e-01 4.111e-05 0.000e+00
3.155e-01 4.077e-04 1.138e-01 3.530e-05 0.000e+00
3.483e-01 3.348e-04 1.097e-01 2.629e-05 0.000e+00
3.845e-01 2.749e-04 1.056e-01 1.969e-05 0.000e+00
4.000e-01 2.541e-04 1.039e-01 1.757e-05 0.000e+00
4.245e-01 2.257e-04 1.015e-01 1.483e-05 0.000e+00
4.686e-01 1.853e-04 9.755e-02 1.127e-05 0.000e+00
5.000e-01 1.628e-04 9.497e-02 9.461e-06 0.000e+00
5.173e-01 1.521e-04 9.362e-02 8.649e-06 0.000e+00
5.710e-01 1.249e-04 8.976e-02 6.695e-06 0.000e+00
6.000e-01 1.131e-04 8.785e-02 5.888e-06 0.000e+00
6.304e-01 1.025e-04 8.597e-02 5.175e-06 0.000e+00
6.959e-01 8.411e-05 8.227e-02 4.023e-06 0.000e+00
7.682e-01 6.903e-05 7.865e-02 3.214e-06 0.000e+00
8.000e-01 6.365e-05 7.719e-02 2.970e-06 0.000e+00
8.480e-01 5.665e-05 7.510e-02 2.688e-06 0.000e+00
9.361e-01 4.649e-05 7.164e-02 2.226e-06 0.000e+00
1.000e+00 4.075e-05 6.941e-02 1.847e-06 0.000e+00
1.022e+00 3.902e-05 6.869e-02 1.712e-06 0.000e+00
1.033e+00 3.819e-05 6.834e-02 1.654e-06 2.842e-09
1.141e+00 3.131e-05 6.505e-02 1.325e-06 2.701e-06
1.250e+00 2.609e-05 6.207e-02 1.162e-06 1.463e-05
1.259e+00 2.572e-05 6.184e-02 1.150e-06 1.610e-05
1.390e+00 2.110e-05 5.874e-02 9.706e-07 4.565e-05
1.500e+00 1.812e-05 5.643e-02 8.437e-07 8.113e-05
1.535e+00 1.730e-05 5.574e-02 8.099e-07 9.420e-05
1.694e+00 1.421e-05 5.284e-02 6.869e-07 1.625e-04
1.870e+00 1.166e-05 5.001e-02 5.888e-07 2.515e-04
2.000e+00 1.019e-05 4.815e-02 5.316e-07 3.234e-04
2.044e+00 9.756e-06 4.755e-02 5.143e-07 3.486e-04
2.065e+00 9.558e-06 4.727e-02 5.064e-07 3.607e-04
2.279e+00 7.845e-06 4.465e-02 4.374e-07 4.879e-04
2.516e+00 6.438e-06 4.212e-02 3.794e-07 6.339e-04
2.778e+00 5.282e-06 3.969e-02 3.305e-07 7.984e-04
3.000e+00 4.530e-06 3.788e-02 2.976e-07 9.388e-04
3.066e+00 4.337e-06 3.737e-02 2.891e-07 9.804e-04
3.385e+00 3.558e-06 3.514e-02 2.535e-07 1.181e-03
3.737e+00 2.919e-06 3.301e-02 2.230e-07 1.398e-03
4.000e+00 2.548e-06 3.159e-02 2.046e-07 1.556e-03
4.125e+00 2.396e-06 3.097e-02 1.968e-07 1.630e-03
4.554e+00 1.966e-06 2.903e-02 1.740e-07 1.877e-03
5.000e+00 1.631e-06 2.729e-02 1.552e-07 2.124e-03
5.027e+00 1.613e-06 2.719e-02 1.542e-07 2.138e-03
5.549e+00 1.324e-06 2.544e-02 1.370e-07 2.415e-03
6.000e+00 1.132e-06 2.412e-02 1.249e-07 2.644e-03
6.126e+00 1.086e-06 2.378e-02 1.219e-07 2.706e-03
6.762e+00 8.914e-07 2.221e-02 1.086e-07 3.006e-03
7.000e+00 8.318e-07 2.168e-02 1.044e-07 3.113e-03
7.465e+00 7.315e-07 2.072e-02 9.695e-08 3.317e-03
8.000e+00 6.371e-07 1.973e-02 8.959e-08 3.540e-03
8.241e+00 6.004e-07 1.932e-02 8.664e-08 3.637e-03
9.000e+00 5.033e-07 1.813e-02 7.848e-08 3.931e-03
9.097e+00 4.926e-07 1.799e-02 7.754e-08 3.967e-03
1.000e+01 4.077e-07 1.680e-02 6.980e-08 4.288e-03
1.004e+01 4.044e-07 1.675e-02 6.949e-08 4.302e-03
1.100e+01 3.369e-07 1.567e-02 6.283e-08 4.616e-03
1.109e+01 3.315e-07 1.558e-02 6.227e-08 4.643e-03
1.200e+01 2.831e-07 1.470e-02 5.712e-08 4.917e-03
1.224e+01 2.721e-07 1.448e-02 5.590e-08 4.986e-03
1.300e+01 2.413e-07 1.384e-02 5.236e-08 5.199e-03
1.351e+01 2.234e-07 1.345e-02 5.022e-08 5.336e-03
1.400e+01 2.080e-07 1.310e-02 4.833e-08 5.462e-03
1.491e+01 1.834e-07 1.249e-02 4.516e-08 5.686e-03
1.500e+01 1.812e-07 1.244e-02 4.487e-08 5.707e-03
1.600e+01 1.592e-07 1.184e-02 4.188e-08 5.942e-03
1.646e+01 1.505e-07 1.159e-02 4.063e-08 6.044e-03
1.800e+01 1.258e-07 1.082e-02 3.695e-08 6.367e-03
1.818e+01 1.233e-07 1.074e-02 3.656e-08 6.404e-03
2.000e+01 1.019e-07 9.979e-03 3.305e-08 6.750e-03
