# POLYVINYLIDENE FLUORIDE from NIST Database
1.760e+00 0.000e+00 0.000e+00 0.000e+00 0.000e+00
1.000e+00 3.123e-02 3.500e+00 0.000e+00 0.000e+00
6.000e+00 3.124e-02 3.500e+00 0.000e+00 0.000e+00
9.000e+00 3.123e-02 3.500e+00 0.000e+00 0.000e+00
0.000e+00 0.000e+00 0.000e+00 0.000e+00 0.000e+00
1.000e-03 1.377e+00 1.014e-02 4.181e+03 0.000e+00
1.020e-03 1.373e+00 1.050e-02 3.971e+03 0.000e+00
1.126e-03 1.350e+00 1.252e-02 3.068e+03 0.000e+00
1.243e-03 1.327e+00 1.490e-02 2.368e+03 0.000e+00
1.372e-03 1.300e+00 1.767e-02 1.823e+03 0.000e+00
1.500e-03 1.272e+00 2.054e-02 1.436e+03 0.000e+00
1.515e-03 1.269e+00 2.088e-02 1.397e+03 0.000e+00
1.672e-03 1.232e+00 2.451e-02 1.068e+03 0.000e+00
1.846e-03 1.190e+00 2.862e-02 8.121e+02 0.000e+00
2.000e-03 1.153e+00 3.229e-02 6.493e+02 0.000e+00
2.038e-03 1.143e+00 3.320e-02 6.158e+02 0.000e+00
2.250e-03 1.091e+00 3.826e-02 4.659e+02 0.000e+00
2.483e-03 1.035e+00 4.378e-02 3.520e+02 0.000e+00
2.741e-03 9.749e-01 4.975e-02 2.652e+02 0.000e+00
3.000e-03 9.169e-01 5.555e-02 2.043e+02 0.000e+00
3.026e-03 9.112e-01 5.612e-02 1.992e+02 0.000e+00
3.341e-03 8.449e-01 6.280e-02 1.493e+02 0.000e+00
3.688e-03 7.775e-01 6.971e-02 1.117e+02 0.000e+00
4.000e-03 7.220e-01 7.549e-02 8.791e+01 0.000e+00
4.071e-03 7.101e-01 7.675e-02 8.344e+01 0.000e+00
4.494e-03 6.437e-01 8.381e-02 6.217e+01 0.000e+00
4.961e-03 5.796e-01 9.080e-02 4.624e+01 0.000e+00
5.000e-03 5.747e-01 9.135e-02 4.516e+01 0.000e+00
5.477e-03 5.187e-01 9.764e-02 3.432e+01 0.000e+00
6.000e-03 4.661e-01 1.037e-01 2.604e+01 0.000e+00
6.046e-03 4.618e-01 1.042e-01 2.544e+01 0.000e+00
6.675e-03 4.094e-01 1.105e-01 1.881e+01 0.000e+00
7.368e-03 3.618e-01 1.164e-01 1.390e+01 0.000e+00
8.000e-03 3.256e-01 1.210e-01 1.079e+01 0.000e+00
8.134e-03 3.187e-01 1.219e-01 1.025e+01 0.000e+00
8.979e-03 2.802e-01 1.271e-01 7.545e+00 0.000e+00
9.912e-03 2.459e-01 1.318e-01 5.547e+00 0.000e+00
1.000e-02 2.430e-01 1.323e-01 5.396e+00 0.000e+00
1.094e-02 2.156e-01 1.363e-01 4.075e+00 0.000e+00
1.208e-02 1.886e-01 1.404e-01 2.985e+00 0.000e+00
1.334e-02 1.647e-01 1.441e-01 2.183e+00 0.000e+00
1.472e-02 1.437e-01 1.476e-01 1.598e+00 0.000e+00
1.500e-02 1.400e-01 1.482e-01 1.505e+00 0.000e+00
1.625e-02 1.250e-01 1.507e-01 1.167e+00 0.000e+00
1.794e-02 1.085e-01 1.536e-01 8.511e-01 0.000e+00
1.980e-02 9.383e-02 1.561e-01 6.205e-01 0.000e+00
2.000e-02 9.243e-02 1.564e-01 6.008e-01 0.000e+00
2.186e-02 8.082e-02 1.583e-01 4.514e-01 0.000e+00
2.413e-02 6.936e-02 1.601e-01 3.282e-01 0.000e+00
2.664e-02 5.928e-02 1.615e-01 2.383e-01 0.000e+00
2.941e-02 5.048e-02 1.626e-01 1.728e-01 0.000e+00
3.000e-02 4.885e-02 1.627e-01 1.620e-01 0.000e+00
3.247e-02 4.281e-02 1.632e-01 1.252e-01 0.000e+00
3.584e-02 3.620e-02 1.635e-01 9.076e-02 0.000e+00
3.957e-02 3.051e-02 1.633e-01 6.568e-02 0.000e+00
4.000e-02 2.994e-02 1.633e-01 6.339e-02 0.000e+00
4.368e-02 2.565e-02 1.628e-01 4.753e-02 0.000e+00
4.822e-02 2.151e-02 1.619e-01 3.436e-02 0.000e+00
5.000e-02 2.016e-02 1.615e-01 3.051e-02 0.000e+00
5.323e-02 1.801e-02 1.606e-01 2.483e-02 0.000e+00
5.876e-02 1.505e-02 1.591e-01 1.793e-02 0.000e+00
6.000e-02 1.448e-02 1.587e-01 1.674e-02 0.000e+00
6.486e-02 1.255e-02 1.572e-01 1.295e-02 0.000e+00
7.161e-02 1.045e-02 1.551e-01 9.347e-03 0.000e+00
7.905e-02 8.687e-03 1.527e-01 6.749e-03 0.000e+00
8.000e-02 8.495e-03 1.524e-01 6.489e-03 0.000e+00
8.726e-02 7.211e-03 1.501e-01 4.874e-03 0.000e+00
9.633e-02 5.976e-03 1.473e-01 3.520e-03 0.000e+00
1.000e-01 5.564e-03 1.462e-01 3.112e-03 0.000e+00
1.063e-01 4.950e-03 1.443e-01 2.546e-03 0.000e+00
1.174e-01 4.089e-03 1.410e-01 1.838e-03 0.000e+00
1.296e-01 3.378e-03 1.377e-01 1.330e-03 0.000e+00
1.431e-01 2.786e-03 1.342e-01 9.632e-04 0.000e+00
1.500e-01 2.541e-03 1.325e-01 8.264e-04 0.000e+00
1.579e-01 2.299e-03 1.306e-01 6.996e-04 0.000e+00
1.743e-01 1.893e-03 1.270e-01 5.084e-04 0.000e+00
1.925e-01 1.557e-03 1.232e-01 3.696e-04 0.000e+00
2.000e-01 1.444e-03 1.218e-01 3.271e-04 0.000e+00
2.125e-01 1.281e-03 1.195e-01 2.698e-04 0.000e+00
2.345e-01 1.055e-03 1.157e-01 1.978e-04 0.000e+00
2.589e-01 8.669e-04 1.118e-01 1.454e-04 0.000e+00
2.858e-01 7.125e-04 1.080e-01 1.073e-04 0.000e+00
3.000e-01 6.471e-04 1.061e-01 9.262e-05 0.000e+00
3.155e-01 5.855e-04 1.042e-01 7.959e-05 0.000e+00
3.483e-01 4.810e-04 1.004e-01 5.934e-05 0.000e+00
3.845e-01 3.950e-04 9.669e-02 4.449e-05 0.000e+00
4.000e-01 3.651e-04 9.521e-02 3.972e-05 0.000e+00
4.245e-01 3.243e-04 9.299e-02 3.355e-05 0.000e+00
4.686e-01 2.663e-04 8.934e-02 2.550e-05 0.000e+00
5.000e-01 2.339e-04 8.698e-02 2.141e-05 0.000e+00
5.173e-01 2.186e-04 8.575e-02 1.957e-05 0.000e+00
5.710e-01 1.795e-04 8.222e-02 1.516e-05 0.000e+00
6.000e-01 1.626e-04 8.048e-02 1.334e-05 0.000e+00
6.304e-01 1.473e-04 7.876e-02 1.174e-05 0.000e+00
6.959e-01 1.209e-04 7.538e-02 9.159e-06 0.000e+00
7.682e-01 9.923e-05 7.207e-02 7.309e-06 0.000e+00
8.000e-01 9.151e-05 7.072e-02 6.735e-06 0.000e+00
8.480e-01 8.146e-05 6.881e-02 6.053e-06 0.000e+00
9.361e-01 6.686e-05 6.565e-02 4.987e-06 0.000e+00
1.000e+00 5.859e-05 6.360e-02 4.187e-06 0.000e+00
1.022e+00 5.609e-05 6.294e-02 3.911e-06 0.000e+00
1.033e+00 5.490e-05 6.261e-02 3.789e-06 3.461e-09
1.141e+00 4.500e-05 5.960e-02 3.053e-06 3.287e-06
1.250e+00 3.750e-05 5.688e-02 2.653e-06 1.778e-05
1.259e+00 3.696e-05 5.667e-02 2.623e-06 1.957e-05
1.390e+00 3.033e-05 5.383e-02 2.210e-06 5.546e-05
1.500e+00 2.604e-05 5.170e-02 1.925e-06 9.854e-05
1.535e+00 2.487e-05 5.107e-02 1.849e-06 1.144e-04
1.694e+00 2.042e-05 4.839e-02 1.568e-06 1.973e-04
1.870e+00 1.676e-05 4.581e-02 1.342e-06 3.052e-04
2.000e+00 1.465e-05 4.411e-02 1.210e-06 3.926e-04
2.044e+00 1.403e-05 4.357e-02 1.170e-06 4.232e-04
2.065e+00 1.375e-05 4.332e-02 1.152e-06 4.380e-04
2.279e+00 1.129e-05 4.093e-02 9.943e-07 5.925e-04
2.516e+00 9.261e-06 3.862e-02 8.617e-07 7.691e-04
2.778e+00 7.596e-06 3.638e-02 7.499e-07 9.671e-04
3.000e+00 6.514e-06 3.471e-02 6.749e-07 1.135e-03
3.066e+00 6.236e-06 3.425e-02 6.553e-07 1.185e-03
3.385e+00 5.117e-06 3.220e-02 5.744e-07 1.425e-03
3.737e+00 4.198e-06 3.024e-02 5.049e-07 1.683e-03
4.000e+00 3.664e-06 2.895e-02 4.628e-07 1.872e-03
4.125e+00 3.446e-06 2.838e-02 4.451e-07 1.959e-03
4.554e+00 2.827e-06 2.660e-02 3.934e-07 2.252e-03
5.000e+00 2.345e-06 2.500e-02 3.508e-07 2.544e-03
5.027e+00 2.320e-06 2.491e-02 3.485e-07 2.561e-03
5.549e+00 1.904e-06 2.331e-02 3.094e-07 2.888e-03
6.000e+00 1.628e-06 2.210e-02 2.820e-07 3.156e-03
6.126e+00 1.562e-06 2.179e-02 2.752e-07 3.228e-03
6.762e+00 1.282e-06 2.035e-02 2.451e-07 3.581e-03
7.000e+00 1.196e-06 1.986e-02 2.354e-07 3.708e-03
7.465e+00 1.052e-06 1.898e-02 2.186e-07 3.946e-03
8.000e+00 9.160e-07 1.808e-02 2.020e-07 4.207e-03
8.241e+00 8.632e-07 1.770e-02 1.953e-07 4.321e-03
9.000e+00 7.237e-07 1.662e-02 1.768e-07 4.663e-03
9.097e+00 7.083e-07 1.649e-02 1.747e-07 4.705e-03
1.000e+01 5.863e-07 1.539e-02 1.572e-07 5.081e-03
1.004e+01 5.816e-07 1.535e-02 1.565e-07 5.097e-03
1.100e+01 4.845e-07 1.436e-02 1.414e-07 5.463e-03
1.109e+01 4.767e-07 1.427e-02 1.402e-07 5.495e-03
1.200e+01 4.070e-07 1.347e-02 1.286e-07 5.812e-03
1.224e+01 3.912e-07 1.327e-02 1.258e-07 5.893e-03
1.300e+01 3.469e-07 1.269e-02 1.178e-07 6.139e-03
1.351e+01 3.212e-07 1.233e-02 1.130e-07 6.297e-03
1.400e+01 2.991e-07 1.200e-02 1.087e-07 6.443e-03
1.491e+01 2.638e-07 1.145e-02 1.016e-07 6.704e-03
1.500e+01 2.606e-07 1.140e-02 1.009e-07 6.730e-03
1.600e+01 2.290e-07 1.085e-02 9.419e-08 6.999e-03
1.646e+01 2.164e-07 1.062e-02 9.138e-08 7.118e-03
1.800e+01 1.809e-07 9.917e-03 8.307e-08 7.494e-03
1.818e+01 1.774e-07 9.842e-03 8.220e-08 7.535e-03
2.000e+01 1.466e-07 9.145e-03 7.428e-08 7.937e-03
