# POLYOXYMETHYLENE from NIST Database
1.425e+00 0.000e+00 0.000e+00 0.000e+00 0.000e+00
1.000e+00 6.660e-02 3.500e+00 0.000e+00 0.000e+00
6.000e+00 3.331e-02 3.500e+00 0.000e+00 0.000e+00
8.000e+00 3.330e-02 3.500e+00 0.000e+00 0.000e+00
0.000e+00 0.000e+00 0.000e+00 0.000e+00 0.000e+00
1.000e-03 1.255e+00 1.297e-02 3.329e+03 0.000e+00
1.020e-03 1.250e+00 1.343e-02 3.156e+03 0.000e+00
1.126e-03 1.227e+00 1.599e-02 2.417e+03 0.000e+00
1.243e-03 1.202e+00 1.899e-02 1.849e+03 0.000e+00
1.372e-03 1.174e+00 2.248e-02 1.412e+03 0.000e+00
1.500e-03 1.145e+00 2.607e-02 1.104e+03 0.000e+00
1.515e-03 1.142e+00 2.650e-02 1.074e+03 0.000e+00
1.672e-03 1.104e+00 3.100e-02 8.154e+02 0.000e+00
1.846e-03 1.061e+00 3.606e-02 6.163e+02 0.000e+00
2.000e-03 1.022e+00 4.055e-02 4.904e+02 0.000e+00
2.038e-03 1.013e+00 4.165e-02 4.646e+02 0.000e+00
2.250e-03 9.607e-01 4.777e-02 3.495e+02 0.000e+00
2.483e-03 9.050e-01 5.434e-02 2.627e+02 0.000e+00
2.741e-03 8.461e-01 6.137e-02 1.969e+02 0.000e+00
3.000e-03 7.903e-01 6.808e-02 1.510e+02 0.000e+00
3.026e-03 7.849e-01 6.873e-02 1.472e+02 0.000e+00
3.341e-03 7.222e-01 7.634e-02 1.098e+02 0.000e+00
3.688e-03 6.596e-01 8.404e-02 8.175e+01 0.000e+00
4.000e-03 6.090e-01 9.037e-02 6.408e+01 0.000e+00
4.071e-03 5.982e-01 9.174e-02 6.078e+01 0.000e+00
4.494e-03 5.389e-01 9.930e-02 4.510e+01 0.000e+00
4.961e-03 4.828e-01 1.066e-01 3.340e+01 0.000e+00
5.000e-03 4.785e-01 1.072e-01 3.262e+01 0.000e+00
5.477e-03 4.305e-01 1.136e-01 2.469e+01 0.000e+00
6.000e-03 3.861e-01 1.197e-01 1.866e+01 0.000e+00
6.046e-03 3.825e-01 1.202e-01 1.822e+01 0.000e+00
6.675e-03 3.388e-01 1.263e-01 1.343e+01 0.000e+00
7.368e-03 2.995e-01 1.320e-01 9.883e+00 0.000e+00
8.000e-03 2.700e-01 1.365e-01 7.648e+00 0.000e+00
8.134e-03 2.643e-01 1.373e-01 7.261e+00 0.000e+00
8.979e-03 2.331e-01 1.422e-01 5.328e+00 0.000e+00
9.912e-03 2.055e-01 1.467e-01 3.904e+00 0.000e+00
1.000e-02 2.031e-01 1.471e-01 3.797e+00 0.000e+00
1.094e-02 1.810e-01 1.509e-01 2.858e+00 0.000e+00
1.208e-02 1.591e-01 1.548e-01 2.087e+00 0.000e+00
1.334e-02 1.395e-01 1.584e-01 1.521e+00 0.000e+00
1.472e-02 1.222e-01 1.618e-01 1.110e+00 0.000e+00
1.500e-02 1.191e-01 1.624e-01 1.045e+00 0.000e+00
1.625e-02 1.066e-01 1.648e-01 8.081e-01 0.000e+00
1.794e-02 9.268e-02 1.676e-01 5.875e-01 0.000e+00
1.980e-02 8.024e-02 1.700e-01 4.271e-01 0.000e+00
2.000e-02 7.905e-02 1.702e-01 4.134e-01 0.000e+00
2.186e-02 6.911e-02 1.721e-01 3.098e-01 0.000e+00
2.413e-02 5.927e-02 1.737e-01 2.246e-01 0.000e+00
2.664e-02 5.059e-02 1.750e-01 1.626e-01 0.000e+00
2.941e-02 4.302e-02 1.758e-01 1.177e-01 0.000e+00
3.000e-02 4.162e-02 1.759e-01 1.103e-01 0.000e+00
3.247e-02 3.644e-02 1.762e-01 8.507e-02 0.000e+00
3.584e-02 3.078e-02 1.762e-01 6.151e-02 0.000e+00
3.957e-02 2.591e-02 1.758e-01 4.440e-02 0.000e+00
4.000e-02 2.543e-02 1.757e-01 4.285e-02 0.000e+00
4.368e-02 2.177e-02 1.750e-01 3.206e-02 0.000e+00
4.822e-02 1.825e-02 1.739e-01 2.313e-02 0.000e+00
5.000e-02 1.710e-02 1.734e-01 2.052e-02 0.000e+00
5.323e-02 1.527e-02 1.724e-01 1.668e-02 0.000e+00
5.876e-02 1.275e-02 1.706e-01 1.203e-02 0.000e+00
6.000e-02 1.227e-02 1.702e-01 1.122e-02 0.000e+00
6.486e-02 1.063e-02 1.685e-01 8.672e-03 0.000e+00
7.161e-02 8.844e-03 1.661e-01 6.248e-03 0.000e+00
7.905e-02 7.347e-03 1.634e-01 4.504e-03 0.000e+00
8.000e-02 7.183e-03 1.631e-01 4.330e-03 0.000e+00
8.726e-02 6.093e-03 1.605e-01 3.248e-03 0.000e+00
9.633e-02 5.046e-03 1.574e-01 2.342e-03 0.000e+00
1.000e-01 4.697e-03 1.562e-01 2.070e-03 0.000e+00
1.063e-01 4.177e-03 1.542e-01 1.692e-03 0.000e+00
1.174e-01 3.448e-03 1.507e-01 1.220e-03 0.000e+00
1.296e-01 2.846e-03 1.471e-01 8.817e-04 0.000e+00
1.431e-01 2.346e-03 1.433e-01 6.375e-04 0.000e+00
1.500e-01 2.139e-03 1.415e-01 5.467e-04 0.000e+00
1.579e-01 1.934e-03 1.395e-01 4.626e-04 0.000e+00
1.743e-01 1.593e-03 1.355e-01 3.358e-04 0.000e+00
1.925e-01 1.309e-03 1.315e-01 2.439e-04 0.000e+00
2.000e-01 1.214e-03 1.300e-01 2.158e-04 0.000e+00
2.125e-01 1.077e-03 1.275e-01 1.779e-04 0.000e+00
2.345e-01 8.862e-04 1.234e-01 1.303e-04 0.000e+00
2.589e-01 7.283e-04 1.193e-01 9.566e-05 0.000e+00
2.858e-01 5.985e-04 1.152e-01 7.056e-05 0.000e+00
3.000e-01 5.435e-04 1.132e-01 6.088e-05 0.000e+00
3.155e-01 4.916e-04 1.112e-01 5.229e-05 0.000e+00
3.483e-01 4.038e-04 1.071e-01 3.895e-05 0.000e+00
3.845e-01 3.316e-04 1.031e-01 2.918e-05 0.000e+00
4.000e-01 3.065e-04 1.015e-01 2.605e-05 0.000e+00
4.245e-01 2.722e-04 9.917e-02 2.200e-05 0.000e+00
4.686e-01 2.235e-04 9.529e-02 1.672e-05 0.000e+00
5.000e-01 1.964e-04 9.277e-02 1.404e-05 0.000e+00
5.173e-01 1.835e-04 9.146e-02 1.283e-05 0.000e+00
5.710e-01 1.506e-04 8.769e-02 9.933e-06 0.000e+00
6.000e-01 1.365e-04 8.582e-02 8.739e-06 0.000e+00
6.304e-01 1.236e-04 8.399e-02 7.686e-06 0.000e+00
6.959e-01 1.015e-04 8.038e-02 5.982e-06 0.000e+00
7.682e-01 8.329e-05 7.684e-02 4.778e-06 0.000e+00
8.000e-01 7.680e-05 7.542e-02 4.410e-06 0.000e+00
8.480e-01 6.835e-05 7.338e-02 3.979e-06 0.000e+00
9.361e-01 5.609e-05 7.001e-02 3.289e-06 0.000e+00
1.000e+00 4.917e-05 6.783e-02 2.742e-06 0.000e+00
1.022e+00 4.708e-05 6.712e-02 2.550e-06 0.000e+00
1.033e+00 4.609e-05 6.677e-02 2.466e-06 3.200e-09
1.141e+00 3.779e-05 6.355e-02 1.980e-06 3.036e-06
1.250e+00 3.148e-05 6.065e-02 1.731e-06 1.642e-05
1.259e+00 3.103e-05 6.043e-02 1.712e-06 1.806e-05
1.390e+00 2.545e-05 5.739e-02 1.444e-06 5.117e-05
1.500e+00 2.186e-05 5.513e-02 1.256e-06 9.089e-05
1.535e+00 2.087e-05 5.445e-02 1.206e-06 1.055e-04
1.694e+00 1.714e-05 5.163e-02 1.023e-06 1.820e-04
1.870e+00 1.407e-05 4.888e-02 8.762e-07 2.816e-04
2.000e+00 1.230e-05 4.705e-02 7.907e-07 3.620e-04
2.044e+00 1.177e-05 4.646e-02 7.648e-07 3.901e-04
2.065e+00 1.153e-05 4.618e-02 7.531e-07 4.037e-04
2.279e+00 9.466e-06 4.360e-02 6.502e-07 5.457e-04
2.516e+00 7.767e-06 4.114e-02 5.639e-07 7.087e-04
2.778e+00 6.373e-06 3.878e-02 4.910e-07 8.921e-04
3.000e+00 5.466e-06 3.701e-02 4.421e-07 1.048e-03
3.066e+00 5.233e-06 3.652e-02 4.293e-07 1.095e-03
3.385e+00 4.294e-06 3.434e-02 3.765e-07 1.317e-03
3.737e+00 3.523e-06 3.225e-02 3.311e-07 1.558e-03
4.000e+00 3.075e-06 3.087e-02 3.036e-07 1.733e-03
4.125e+00 2.891e-06 3.026e-02 2.920e-07 1.814e-03
4.554e+00 2.372e-06 2.837e-02 2.582e-07 2.087e-03
5.000e+00 1.968e-06 2.666e-02 2.303e-07 2.359e-03
5.027e+00 1.946e-06 2.656e-02 2.288e-07 2.375e-03
5.549e+00 1.597e-06 2.485e-02 2.031e-07 2.680e-03
6.000e+00 1.366e-06 2.356e-02 1.852e-07 2.932e-03
6.126e+00 1.311e-06 2.323e-02 1.807e-07 3.000e-03
6.762e+00 1.076e-06 2.170e-02 1.610e-07 3.330e-03
7.000e+00 1.004e-06 2.118e-02 1.547e-07 3.448e-03
7.465e+00 8.827e-07 2.024e-02 1.437e-07 3.671e-03
8.000e+00 7.686e-07 1.927e-02 1.328e-07 3.916e-03
8.241e+00 7.244e-07 1.887e-02 1.284e-07 4.023e-03
9.000e+00 6.073e-07 1.772e-02 1.163e-07 4.345e-03
9.097e+00 5.945e-07 1.758e-02 1.149e-07 4.385e-03
1.000e+01 4.919e-07 1.642e-02 1.034e-07 4.736e-03
1.004e+01 4.880e-07 1.637e-02 1.029e-07 4.751e-03
1.100e+01 4.065e-07 1.531e-02 9.307e-08 5.095e-03
1.109e+01 3.999e-07 1.522e-02 9.224e-08 5.125e-03
1.200e+01 3.416e-07 1.436e-02 8.460e-08 5.425e-03
1.224e+01 3.283e-07 1.415e-02 8.279e-08 5.501e-03
1.300e+01 2.911e-07 1.353e-02 7.754e-08 5.733e-03
1.351e+01 2.695e-07 1.314e-02 7.437e-08 5.882e-03
1.400e+01 2.510e-07 1.280e-02 7.156e-08 6.021e-03
1.491e+01 2.213e-07 1.221e-02 6.688e-08 6.266e-03
1.500e+01 2.186e-07 1.215e-02 6.645e-08 6.289e-03
1.600e+01 1.921e-07 1.157e-02 6.201e-08 6.545e-03
1.646e+01 1.815e-07 1.132e-02 6.016e-08 6.657e-03
1.800e+01 1.518e-07 1.057e-02 5.471e-08 7.010e-03
1.818e+01 1.488e-07 1.049e-02 5.413e-08 7.050e-03
2.000e+01 1.230e-07 9.751e-03 4.892e-08 7.429e-03
