# POLYVINYL ALCOHOL from NIST Database
1.300e+00 0.000e+00 0.000e+00 0.000e+00 0.000e+00
1.000e+00 9.079e-02 3.500e+00 0.000e+00 0.000e+00
6.000e+00 4.540e-02 3.500e+00 0.000e+00 0.000e+00
8.000e+00 2.270e-02 3.500e+00 0.000e+00 0.000e+00
0.000e+00 0.000e+00 0.000e+00 0.000e+00 0.000e+00
1.000e-03 1.165e+00 1.459e-02 2.872e+03 0.000e+00
1.020e-03 1.161e+00 1.510e-02 2.721e+03 0.000e+00
1.126e-03 1.137e+00 1.795e-02 2.079e+03 0.000e+00
1.243e-03 1.112e+00 2.129e-02 1.587e+03 0.000e+00
1.372e-03 1.084e+00 2.515e-02 1.209e+03 0.000e+00
1.500e-03 1.056e+00 2.912e-02 9.435e+02 0.000e+00
1.515e-03 1.052e+00 2.959e-02 9.176e+02 0.000e+00
1.672e-03 1.015e+00 3.454e-02 6.951e+02 0.000e+00
1.846e-03 9.725e-01 4.007e-02 5.243e+02 0.000e+00
2.000e-03 9.350e-01 4.494e-02 4.165e+02 0.000e+00
2.038e-03 9.258e-01 4.614e-02 3.945e+02 0.000e+00
2.250e-03 8.753e-01 5.274e-02 2.963e+02 0.000e+00
2.483e-03 8.218e-01 5.978e-02 2.223e+02 0.000e+00
2.741e-03 7.658e-01 6.724e-02 1.663e+02 0.000e+00
3.000e-03 7.133e-01 7.432e-02 1.274e+02 0.000e+00
3.026e-03 7.082e-01 7.501e-02 1.241e+02 0.000e+00
3.341e-03 6.498e-01 8.295e-02 9.244e+01 0.000e+00
3.688e-03 5.920e-01 9.092e-02 6.875e+01 0.000e+00
4.000e-03 5.457e-01 9.741e-02 5.383e+01 0.000e+00
4.071e-03 5.359e-01 9.880e-02 5.104e+01 0.000e+00
4.494e-03 4.821e-01 1.065e-01 3.783e+01 0.000e+00
4.961e-03 4.317e-01 1.138e-01 2.798e+01 0.000e+00
5.000e-03 4.278e-01 1.144e-01 2.732e+01 0.000e+00
5.477e-03 3.849e-01 1.207e-01 2.066e+01 0.000e+00
6.000e-03 3.454e-01 1.267e-01 1.559e+01 0.000e+00
6.046e-03 3.423e-01 1.272e-01 1.523e+01 0.000e+00
6.675e-03 3.036e-01 1.332e-01 1.121e+01 0.000e+00
7.368e-03 2.689e-01 1.388e-01 8.239e+00 0.000e+00
8.000e-03 2.428e-01 1.431e-01 6.369e+00 0.000e+00
8.134e-03 2.379e-01 1.439e-01 6.046e+00 0.000e+00
8.979e-03 2.103e-01 1.487e-01 4.432e+00 0.000e+00
9.912e-03 1.858e-01 1.531e-01 3.243e+00 0.000e+00
1.000e-02 1.838e-01 1.535e-01 3.154e+00 0.000e+00
1.094e-02 1.640e-01 1.573e-01 2.372e+00 0.000e+00
1.208e-02 1.445e-01 1.611e-01 1.730e+00 0.000e+00
1.334e-02 1.269e-01 1.647e-01 1.260e+00 0.000e+00
1.472e-02 1.112e-01 1.679e-01 9.186e-01 0.000e+00
1.500e-02 1.084e-01 1.685e-01 8.646e-01 0.000e+00
1.625e-02 9.705e-02 1.709e-01 6.681e-01 0.000e+00
1.794e-02 8.431e-02 1.736e-01 4.853e-01 0.000e+00
1.980e-02 7.294e-02 1.759e-01 3.524e-01 0.000e+00
2.000e-02 7.185e-02 1.761e-01 3.411e-01 0.000e+00
2.186e-02 6.276e-02 1.778e-01 2.554e-01 0.000e+00
2.413e-02 5.376e-02 1.793e-01 1.851e-01 0.000e+00
2.664e-02 4.585e-02 1.804e-01 1.339e-01 0.000e+00
2.941e-02 3.895e-02 1.811e-01 9.683e-02 0.000e+00
3.000e-02 3.768e-02 1.812e-01 9.072e-02 0.000e+00
3.247e-02 3.297e-02 1.814e-01 6.995e-02 0.000e+00
3.584e-02 2.784e-02 1.812e-01 5.054e-02 0.000e+00
3.957e-02 2.343e-02 1.807e-01 3.646e-02 0.000e+00
4.000e-02 2.298e-02 1.806e-01 3.519e-02 0.000e+00
4.368e-02 1.967e-02 1.797e-01 2.631e-02 0.000e+00
4.822e-02 1.649e-02 1.785e-01 1.897e-02 0.000e+00
5.000e-02 1.544e-02 1.779e-01 1.683e-02 0.000e+00
5.323e-02 1.379e-02 1.768e-01 1.368e-02 0.000e+00
5.876e-02 1.151e-02 1.749e-01 9.856e-03 0.000e+00
6.000e-02 1.107e-02 1.744e-01 9.196e-03 0.000e+00
6.486e-02 9.590e-03 1.727e-01 7.103e-03 0.000e+00
7.161e-02 7.974e-03 1.701e-01 5.115e-03 0.000e+00
7.905e-02 6.620e-03 1.674e-01 3.686e-03 0.000e+00
8.000e-02 6.473e-03 1.670e-01 3.543e-03 0.000e+00
8.726e-02 5.489e-03 1.644e-01 2.657e-03 0.000e+00
9.633e-02 4.543e-03 1.612e-01 1.915e-03 0.000e+00
1.000e-01 4.228e-03 1.599e-01 1.692e-03 0.000e+00
1.063e-01 3.759e-03 1.578e-01 1.383e-03 0.000e+00
1.174e-01 3.102e-03 1.542e-01 9.968e-04 0.000e+00
1.296e-01 2.559e-03 1.505e-01 7.202e-04 0.000e+00
1.431e-01 2.109e-03 1.466e-01 5.206e-04 0.000e+00
1.500e-01 1.923e-03 1.448e-01 4.464e-04 0.000e+00
1.579e-01 1.739e-03 1.427e-01 3.777e-04 0.000e+00
1.743e-01 1.431e-03 1.386e-01 2.741e-04 0.000e+00
1.925e-01 1.177e-03 1.345e-01 1.990e-04 0.000e+00
2.000e-01 1.091e-03 1.329e-01 1.761e-04 0.000e+00
2.125e-01 9.676e-04 1.304e-01 1.451e-04 0.000e+00
2.345e-01 7.961e-04 1.262e-01 1.063e-04 0.000e+00
2.589e-01 6.541e-04 1.220e-01 7.800e-05 0.000e+00
2.858e-01 5.375e-04 1.178e-01 5.752e-05 0.000e+00
3.000e-01 4.881e-04 1.158e-01 4.962e-05 0.000e+00
3.155e-01 4.415e-04 1.137e-01 4.262e-05 0.000e+00
3.483e-01 3.626e-04 1.095e-01 3.174e-05 0.000e+00
3.845e-01 2.977e-04 1.054e-01 2.378e-05 0.000e+00
4.000e-01 2.752e-04 1.038e-01 2.122e-05 0.000e+00
4.245e-01 2.444e-04 1.014e-01 1.792e-05 0.000e+00
4.686e-01 2.007e-04 9.744e-02 1.361e-05 0.000e+00
5.000e-01 1.763e-04 9.486e-02 1.143e-05 0.000e+00
5.173e-01 1.647e-04 9.352e-02 1.045e-05 0.000e+00
5.710e-01 1.353e-04 8.966e-02 8.090e-06 0.000e+00
6.000e-01 1.225e-04 8.775e-02 7.116e-06 0.000e+00
6.304e-01 1.110e-04 8.588e-02 6.257e-06 0.000e+00
6.959e-01 9.111e-05 8.218e-02 4.867e-06 0.000e+00
7.682e-01 7.478e-05 7.857e-02 3.888e-06 0.000e+00
8.000e-01 6.895e-05 7.710e-02 3.591e-06 0.000e+00
8.480e-01 6.137e-05 7.502e-02 3.244e-06 0.000e+00
9.361e-01 5.036e-05 7.157e-02 2.684e-06 0.000e+00
1.000e+00 4.414e-05 6.934e-02 2.232e-06 0.000e+00
1.022e+00 4.226e-05 6.862e-02 2.073e-06 0.000e+00
1.033e+00 4.137e-05 6.827e-02 2.004e-06 2.982e-09
1.141e+00 3.392e-05 6.497e-02 1.607e-06 2.832e-06
1.250e+00 2.826e-05 6.201e-02 1.408e-06 1.533e-05
1.259e+00 2.786e-05 6.178e-02 1.392e-06 1.687e-05
1.390e+00 2.285e-05 5.868e-02 1.175e-06 4.780e-05
1.500e+00 1.962e-05 5.636e-02 1.021e-06 8.494e-05
1.535e+00 1.874e-05 5.568e-02 9.806e-07 9.861e-05
1.694e+00 1.539e-05 5.279e-02 8.316e-07 1.701e-04
1.870e+00 1.263e-05 4.997e-02 7.127e-07 2.632e-04
2.000e+00 1.104e-05 4.810e-02 6.432e-07 3.384e-04
2.044e+00 1.057e-05 4.750e-02 6.223e-07 3.647e-04
2.065e+00 1.035e-05 4.722e-02 6.127e-07 3.774e-04
2.279e+00 8.498e-06 4.459e-02 5.291e-07 5.104e-04
2.516e+00 6.973e-06 4.207e-02 4.589e-07 6.630e-04
2.778e+00 5.721e-06 3.965e-02 3.996e-07 8.350e-04
3.000e+00 4.907e-06 3.784e-02 3.599e-07 9.814e-04
3.066e+00 4.698e-06 3.733e-02 3.495e-07 1.025e-03
3.385e+00 3.855e-06 3.510e-02 3.065e-07 1.234e-03
3.737e+00 3.163e-06 3.297e-02 2.696e-07 1.461e-03
4.000e+00 2.760e-06 3.156e-02 2.472e-07 1.625e-03
4.125e+00 2.595e-06 3.094e-02 2.378e-07 1.702e-03
4.554e+00 2.129e-06 2.900e-02 2.103e-07 1.959e-03
5.000e+00 1.766e-06 2.726e-02 1.876e-07 2.216e-03
5.027e+00 1.747e-06 2.716e-02 1.863e-07 2.231e-03
5.549e+00 1.434e-06 2.541e-02 1.655e-07 2.519e-03
6.000e+00 1.227e-06 2.409e-02 1.508e-07 2.757e-03
6.126e+00 1.177e-06 2.375e-02 1.472e-07 2.822e-03
6.762e+00 9.657e-07 2.218e-02 1.312e-07 3.133e-03
7.000e+00 9.011e-07 2.165e-02 1.261e-07 3.245e-03
7.465e+00 7.924e-07 2.070e-02 1.171e-07 3.456e-03
8.000e+00 6.901e-07 1.971e-02 1.082e-07 3.688e-03
8.241e+00 6.503e-07 1.929e-02 1.046e-07 3.789e-03
9.000e+00 5.452e-07 1.812e-02 9.475e-08 4.095e-03
9.097e+00 5.337e-07 1.798e-02 9.362e-08 4.133e-03
1.000e+01 4.416e-07 1.678e-02 8.427e-08 4.466e-03
1.004e+01 4.381e-07 1.673e-02 8.390e-08 4.480e-03
1.100e+01 3.650e-07 1.565e-02 7.585e-08 4.805e-03
1.109e+01 3.591e-07 1.556e-02 7.517e-08 4.835e-03
1.200e+01 3.067e-07 1.468e-02 6.895e-08 5.118e-03
1.224e+01 2.948e-07 1.447e-02 6.748e-08 5.190e-03
1.300e+01 2.613e-07 1.383e-02 6.320e-08 5.411e-03
1.351e+01 2.420e-07 1.344e-02 6.062e-08 5.552e-03
1.400e+01 2.253e-07 1.308e-02 5.833e-08 5.683e-03
1.491e+01 1.987e-07 1.248e-02 5.451e-08 5.916e-03
1.500e+01 1.963e-07 1.242e-02 5.416e-08 5.938e-03
1.600e+01 1.725e-07 1.183e-02 5.055e-08 6.181e-03
1.646e+01 1.630e-07 1.158e-02 4.904e-08 6.287e-03
1.800e+01 1.363e-07 1.081e-02 4.459e-08 6.623e-03
1.818e+01 1.336e-07 1.073e-02 4.413e-08 6.660e-03
2.000e+01 1.104e-07 9.969e-03 3.988e-08 7.020e-03
