# POLYTRIFLUOROCHLOROETHYLENE from NIST Database
2.100e+00 0.000e+00 0.000e+00 0.000e+00 0.000e+00
6.000e+00 1.717e-02 3.500e+00 0.000e+00 0.000e+00
9.000e+00 2.576e-02 3.500e+00 0.000e+00 0.000e+00
1.700e+01 8.587e-03 3.500e+00 0.000e+00 0.000e+00
0.000e+00 0.000e+00 0.000e+00 0.000e+00 0.000e+00
1.000e-03 1.939e+00 8.357e-03 4.081e+03 0.000e+00
1.020e-03 1.933e+00 8.657e-03 3.876e+03 0.000e+00
1.126e-03 1.902e+00 1.032e-02 2.997e+03 0.000e+00
1.243e-03 1.869e+00 1.229e-02 2.315e+03 0.000e+00
1.372e-03 1.832e+00 1.457e-02 1.785e+03 0.000e+00
1.500e-03 1.794e+00 1.694e-02 1.408e+03 0.000e+00
1.515e-03 1.789e+00 1.723e-02 1.371e+03 0.000e+00
1.672e-03 1.739e+00 2.023e-02 1.050e+03 0.000e+00
1.846e-03 1.681e+00 2.362e-02 8.001e+02 0.000e+00
2.000e-03 1.629e+00 2.667e-02 6.411e+02 0.000e+00
2.038e-03 1.616e+00 2.743e-02 6.084e+02 0.000e+00
2.250e-03 1.544e+00 3.165e-02 4.614e+02 0.000e+00
2.483e-03 1.468e+00 3.627e-02 3.497e+02 0.000e+00
2.741e-03 1.386e+00 4.129e-02 2.643e+02 0.000e+00
2.822e-03 1.362e+00 4.285e-02 2.432e+02 0.000e+00
2.822e-03 1.362e+00 4.285e-02 6.874e+02 0.000e+00
3.000e-03 1.309e+00 4.620e-02 6.069e+02 0.000e+00
3.026e-03 1.302e+00 4.669e-02 5.956e+02 0.000e+00
3.341e-03 1.213e+00 5.241e-02 4.675e+02 0.000e+00
3.688e-03 1.124e+00 5.837e-02 3.556e+02 0.000e+00
4.000e-03 1.051e+00 6.340e-02 2.824e+02 0.000e+00
4.071e-03 1.035e+00 6.450e-02 2.688e+02 0.000e+00
4.494e-03 9.484e-01 7.073e-02 2.051e+02 0.000e+00
4.961e-03 8.650e-01 7.696e-02 1.569e+02 0.000e+00
5.000e-03 8.586e-01 7.745e-02 1.536e+02 0.000e+00
5.477e-03 7.857e-01 8.313e-02 1.195e+02 0.000e+00
6.000e-03 7.169e-01 8.869e-02 9.257e+01 0.000e+00
6.046e-03 7.113e-01 8.915e-02 9.060e+01 0.000e+00
6.675e-03 6.421e-01 9.498e-02 6.851e+01 0.000e+00
7.368e-03 5.780e-01 1.006e-01 5.173e+01 0.000e+00
8.000e-03 5.283e-01 1.050e-01 4.087e+01 0.000e+00
8.134e-03 5.186e-01 1.059e-01 3.897e+01 0.000e+00
8.979e-03 4.638e-01 1.110e-01 2.929e+01 0.000e+00
9.912e-03 4.131e-01 1.158e-01 2.197e+01 0.000e+00
1.000e-02 4.088e-01 1.163e-01 2.141e+01 0.000e+00
1.094e-02 3.663e-01 1.204e-01 1.645e+01 0.000e+00
1.208e-02 3.230e-01 1.248e-01 1.228e+01 0.000e+00
1.334e-02 2.835e-01 1.289e-01 9.147e+00 0.000e+00
1.472e-02 2.480e-01 1.327e-01 6.817e+00 0.000e+00
1.500e-02 2.416e-01 1.334e-01 6.442e+00 0.000e+00
1.625e-02 2.158e-01 1.363e-01 5.065e+00 0.000e+00
1.794e-02 1.871e-01 1.396e-01 3.756e+00 0.000e+00
1.980e-02 1.618e-01 1.425e-01 2.783e+00 0.000e+00
2.000e-02 1.593e-01 1.428e-01 2.699e+00 0.000e+00
2.186e-02 1.393e-01 1.451e-01 2.057e+00 0.000e+00
2.413e-02 1.197e-01 1.474e-01 1.519e+00 0.000e+00
2.664e-02 1.026e-01 1.492e-01 1.120e+00 0.000e+00
2.941e-02 8.767e-02 1.507e-01 8.244e-01 0.000e+00
3.000e-02 8.493e-02 1.509e-01 7.751e-01 0.000e+00
3.247e-02 7.475e-02 1.517e-01 6.059e-01 0.000e+00
3.584e-02 6.360e-02 1.524e-01 4.451e-01 0.000e+00
3.957e-02 5.396e-02 1.527e-01 3.263e-01 0.000e+00
4.000e-02 5.299e-02 1.527e-01 3.154e-01 0.000e+00
4.368e-02 4.568e-02 1.526e-01 2.392e-01 0.000e+00
4.822e-02 3.857e-02 1.522e-01 1.751e-01 0.000e+00
5.000e-02 3.622e-02 1.519e-01 1.561e-01 0.000e+00
5.323e-02 3.248e-02 1.514e-01 1.281e-01 0.000e+00
5.876e-02 2.728e-02 1.503e-01 9.358e-02 0.000e+00
6.000e-02 2.629e-02 1.500e-01 8.757e-02 0.000e+00
6.486e-02 2.287e-02 1.488e-01 6.836e-02 0.000e+00
7.161e-02 1.912e-02 1.471e-01 4.988e-02 0.000e+00
7.905e-02 1.595e-02 1.451e-01 3.640e-02 0.000e+00
8.000e-02 1.560e-02 1.449e-01 3.503e-02 0.000e+00
8.726e-02 1.329e-02 1.429e-01 2.655e-02 0.000e+00
9.633e-02 1.105e-02 1.404e-01 1.936e-02 0.000e+00
1.000e-01 1.030e-02 1.394e-01 1.718e-02 0.000e+00
1.063e-01 9.181e-03 1.377e-01 1.413e-02 0.000e+00
1.174e-01 7.608e-03 1.347e-01 1.029e-02 0.000e+00
1.296e-01 6.303e-03 1.317e-01 7.510e-03 0.000e+00
1.431e-01 5.214e-03 1.285e-01 5.481e-03 0.000e+00
1.500e-01 4.763e-03 1.269e-01 4.720e-03 0.000e+00
1.579e-01 4.315e-03 1.251e-01 4.012e-03 0.000e+00
1.743e-01 3.564e-03 1.217e-01 2.937e-03 0.000e+00
1.925e-01 2.939e-03 1.182e-01 2.150e-03 0.000e+00
2.000e-01 2.728e-03 1.168e-01 1.908e-03 0.000e+00
2.125e-01 2.423e-03 1.146e-01 1.580e-03 0.000e+00
2.345e-01 1.998e-03 1.110e-01 1.165e-03 0.000e+00
2.589e-01 1.645e-03 1.074e-01 8.610e-04 0.000e+00
2.858e-01 1.354e-03 1.037e-01 6.389e-04 0.000e+00
3.000e-01 1.231e-03 1.020e-01 5.527e-04 0.000e+00
3.155e-01 1.114e-03 1.001e-01 4.761e-04 0.000e+00
3.483e-01 9.163e-04 9.650e-02 3.565e-04 0.000e+00
3.845e-01 7.533e-04 9.292e-02 2.684e-04 0.000e+00
4.000e-01 6.964e-04 9.150e-02 2.400e-04 0.000e+00
4.245e-01 6.189e-04 8.938e-02 2.032e-04 0.000e+00
4.686e-01 5.085e-04 8.588e-02 1.550e-04 0.000e+00
5.000e-01 4.469e-04 8.362e-02 1.304e-04 0.000e+00
5.173e-01 4.177e-04 8.244e-02 1.193e-04 0.000e+00
5.710e-01 3.431e-04 7.906e-02 9.253e-05 0.000e+00
6.000e-01 3.109e-04 7.739e-02 8.161e-05 0.000e+00
6.304e-01 2.817e-04 7.574e-02 7.204e-05 0.000e+00
6.959e-01 2.313e-04 7.249e-02 5.649e-05 0.000e+00
7.682e-01 1.899e-04 6.931e-02 4.504e-05 0.000e+00
8.000e-01 1.751e-04 6.802e-02 4.134e-05 0.000e+00
8.480e-01 1.559e-04 6.619e-02 3.680e-05 0.000e+00
9.361e-01 1.280e-04 6.315e-02 3.010e-05 0.000e+00
1.000e+00 1.122e-04 6.118e-02 2.571e-05 0.000e+00
1.022e+00 1.074e-04 6.054e-02 2.427e-05 0.000e+00
1.033e+00 1.051e-04 6.022e-02 2.362e-05 5.198e-09
1.141e+00 8.616e-05 5.732e-02 1.920e-05 4.860e-06
1.250e+00 7.182e-05 5.471e-02 1.644e-05 2.597e-05
1.259e+00 7.080e-05 5.451e-02 1.625e-05 2.855e-05
1.390e+00 5.809e-05 5.178e-02 1.364e-05 8.009e-05
1.500e+00 4.989e-05 4.974e-02 1.190e-05 1.415e-04
1.535e+00 4.764e-05 4.912e-02 1.143e-05 1.640e-04
1.694e+00 3.912e-05 4.655e-02 9.669e-06 2.816e-04
1.870e+00 3.210e-05 4.406e-02 8.237e-06 4.346e-04
2.000e+00 2.807e-05 4.243e-02 7.406e-06 5.584e-04
2.044e+00 2.687e-05 4.192e-02 7.157e-06 6.019e-04
2.065e+00 2.633e-05 4.168e-02 7.044e-06 6.228e-04
2.279e+00 2.162e-05 3.939e-02 6.058e-06 8.411e-04
2.516e+00 1.774e-05 3.716e-02 5.234e-06 1.089e-03
2.778e+00 1.455e-05 3.500e-02 4.542e-06 1.366e-03
3.000e+00 1.248e-05 3.339e-02 4.078e-06 1.600e-03
3.066e+00 1.195e-05 3.295e-02 3.958e-06 1.668e-03
3.385e+00 9.801e-06 3.097e-02 3.458e-06 2.001e-03
3.737e+00 8.042e-06 2.909e-02 3.031e-06 2.357e-03
4.000e+00 7.020e-06 2.785e-02 2.773e-06 2.616e-03
4.125e+00 6.601e-06 2.730e-02 2.665e-06 2.736e-03
4.554e+00 5.416e-06 2.559e-02 2.349e-06 3.137e-03
5.000e+00 4.493e-06 2.405e-02 2.090e-06 3.535e-03
5.027e+00 4.445e-06 2.397e-02 2.076e-06 3.558e-03
5.549e+00 3.648e-06 2.242e-02 1.839e-06 4.002e-03
6.000e+00 3.120e-06 2.126e-02 1.673e-06 4.367e-03
6.126e+00 2.993e-06 2.096e-02 1.631e-06 4.465e-03
6.762e+00 2.457e-06 1.958e-02 1.451e-06 4.944e-03
7.000e+00 2.292e-06 1.911e-02 1.393e-06 5.114e-03
7.465e+00 2.015e-06 1.827e-02 1.292e-06 5.436e-03
8.000e+00 1.755e-06 1.739e-02 1.192e-06 5.789e-03
8.241e+00 1.654e-06 1.703e-02 1.152e-06 5.942e-03
9.000e+00 1.387e-06 1.599e-02 1.041e-06 6.404e-03
9.097e+00 1.357e-06 1.586e-02 1.029e-06 6.460e-03
1.000e+01 1.123e-06 1.481e-02 9.243e-07 6.965e-03
1.004e+01 1.114e-06 1.477e-02 9.202e-07 6.986e-03
1.100e+01 9.282e-07 1.382e-02 8.307e-07 7.476e-03
1.109e+01 9.132e-07 1.373e-02 8.231e-07 7.520e-03
1.200e+01 7.799e-07 1.296e-02 7.538e-07 7.946e-03
1.224e+01 7.496e-07 1.277e-02 7.375e-07 8.053e-03
1.300e+01 6.647e-07 1.221e-02 6.905e-07 8.382e-03
1.351e+01 6.154e-07 1.186e-02 6.620e-07 8.594e-03
1.400e+01 5.731e-07 1.155e-02 6.367e-07 8.790e-03
1.491e+01 5.053e-07 1.101e-02 5.944e-07 9.137e-03
1.500e+01 4.993e-07 1.096e-02 5.905e-07 9.170e-03
1.600e+01 4.388e-07 1.044e-02 5.506e-07 9.529e-03
1.646e+01 4.146e-07 1.022e-02 5.340e-07 9.688e-03
1.800e+01 3.466e-07 9.542e-03 4.850e-07 1.019e-02
1.818e+01 3.398e-07 9.469e-03 4.799e-07 1.024e-02
2.000e+01 2.808e-07 8.799e-03 4.334e-07 1.078e-02
