# POLYMETHYL METHACRALATE (LUCITE, PERSPEX, PLEXIGLASS) from NIST Database
1.190e+00 0.000e+00 0.000e+00 0.000e+00 0.000e+00
1.000e+00 7.990e-02 3.500e+00 0.000e+00 0.000e+00
6.000e+00 4.995e-02 3.500e+00 0.000e+00 0.000e+00
8.000e+00 1.998e-02 3.500e+00 0.000e+00 0.000e+00
0.000e+00 0.000e+00 0.000e+00 0.000e+00 0.000e+00
1.000e-03 1.155e+00 1.435e-02 2.792e+03 0.000e+00
1.020e-03 1.150e+00 1.486e-02 2.646e+03 0.000e+00
1.126e-03 1.127e+00 1.765e-02 2.019e+03 0.000e+00
1.243e-03 1.101e+00 2.094e-02 1.540e+03 0.000e+00
1.372e-03 1.073e+00 2.474e-02 1.172e+03 0.000e+00
1.500e-03 1.044e+00 2.863e-02 9.143e+02 0.000e+00
1.515e-03 1.040e+00 2.909e-02 8.891e+02 0.000e+00
1.672e-03 1.003e+00 3.396e-02 6.729e+02 0.000e+00
1.846e-03 9.603e-01 3.939e-02 5.072e+02 0.000e+00
2.000e-03 9.226e-01 4.418e-02 4.027e+02 0.000e+00
2.038e-03 9.134e-01 4.536e-02 3.814e+02 0.000e+00
2.250e-03 8.627e-01 5.185e-02 2.862e+02 0.000e+00
2.483e-03 8.093e-01 5.877e-02 2.146e+02 0.000e+00
2.741e-03 7.535e-01 6.612e-02 1.605e+02 0.000e+00
3.000e-03 7.012e-01 7.309e-02 1.228e+02 0.000e+00
3.026e-03 6.962e-01 7.377e-02 1.197e+02 0.000e+00
3.341e-03 6.383e-01 8.160e-02 8.911e+01 0.000e+00
3.688e-03 5.812e-01 8.946e-02 6.624e+01 0.000e+00
4.000e-03 5.355e-01 9.586e-02 5.184e+01 0.000e+00
4.071e-03 5.258e-01 9.723e-02 4.915e+01 0.000e+00
4.494e-03 4.729e-01 1.048e-01 3.641e+01 0.000e+00
4.961e-03 4.234e-01 1.120e-01 2.692e+01 0.000e+00
5.000e-03 4.196e-01 1.126e-01 2.628e+01 0.000e+00
5.477e-03 3.776e-01 1.189e-01 1.986e+01 0.000e+00
6.000e-03 3.390e-01 1.248e-01 1.499e+01 0.000e+00
6.046e-03 3.359e-01 1.252e-01 1.464e+01 0.000e+00
6.675e-03 2.981e-01 1.312e-01 1.077e+01 0.000e+00
7.368e-03 2.643e-01 1.367e-01 7.911e+00 0.000e+00
8.000e-03 2.389e-01 1.410e-01 6.114e+00 0.000e+00
8.134e-03 2.340e-01 1.418e-01 5.803e+00 0.000e+00
8.979e-03 2.071e-01 1.465e-01 4.252e+00 0.000e+00
9.912e-03 1.832e-01 1.509e-01 3.111e+00 0.000e+00
1.000e-02 1.812e-01 1.513e-01 3.025e+00 0.000e+00
1.094e-02 1.618e-01 1.551e-01 2.274e+00 0.000e+00
1.208e-02 1.426e-01 1.589e-01 1.658e+00 0.000e+00
1.334e-02 1.254e-01 1.625e-01 1.207e+00 0.000e+00
1.472e-02 1.099e-01 1.658e-01 8.796e-01 0.000e+00
1.500e-02 1.071e-01 1.664e-01 8.279e-01 0.000e+00
1.625e-02 9.593e-02 1.688e-01 6.395e-01 0.000e+00
1.794e-02 8.333e-02 1.716e-01 4.644e-01 0.000e+00
1.980e-02 7.208e-02 1.739e-01 3.371e-01 0.000e+00
2.000e-02 7.100e-02 1.741e-01 3.263e-01 0.000e+00
2.186e-02 6.200e-02 1.759e-01 2.443e-01 0.000e+00
2.413e-02 5.310e-02 1.774e-01 1.769e-01 0.000e+00
2.664e-02 4.527e-02 1.785e-01 1.280e-01 0.000e+00
2.941e-02 3.845e-02 1.792e-01 9.253e-02 0.000e+00
3.000e-02 3.720e-02 1.793e-01 8.668e-02 0.000e+00
3.247e-02 3.254e-02 1.795e-01 6.683e-02 0.000e+00
3.584e-02 2.747e-02 1.794e-01 4.827e-02 0.000e+00
3.957e-02 2.312e-02 1.788e-01 3.482e-02 0.000e+00
4.000e-02 2.268e-02 1.788e-01 3.360e-02 0.000e+00
4.368e-02 1.941e-02 1.779e-01 2.512e-02 0.000e+00
4.822e-02 1.626e-02 1.767e-01 1.811e-02 0.000e+00
5.000e-02 1.523e-02 1.761e-01 1.606e-02 0.000e+00
5.323e-02 1.360e-02 1.751e-01 1.305e-02 0.000e+00
5.876e-02 1.135e-02 1.731e-01 9.403e-03 0.000e+00
6.000e-02 1.092e-02 1.727e-01 8.773e-03 0.000e+00
6.486e-02 9.457e-03 1.709e-01 6.775e-03 0.000e+00
7.161e-02 7.862e-03 1.684e-01 4.878e-03 0.000e+00
7.905e-02 6.527e-03 1.657e-01 3.514e-03 0.000e+00
8.000e-02 6.381e-03 1.654e-01 3.378e-03 0.000e+00
8.726e-02 5.410e-03 1.627e-01 2.533e-03 0.000e+00
9.633e-02 4.478e-03 1.596e-01 1.825e-03 0.000e+00
1.000e-01 4.167e-03 1.583e-01 1.613e-03 0.000e+00
1.063e-01 3.704e-03 1.562e-01 1.318e-03 0.000e+00
1.174e-01 3.056e-03 1.527e-01 9.499e-04 0.000e+00
1.296e-01 2.521e-03 1.490e-01 6.863e-04 0.000e+00
1.431e-01 2.077e-03 1.452e-01 4.960e-04 0.000e+00
1.500e-01 1.894e-03 1.433e-01 4.253e-04 0.000e+00
1.579e-01 1.713e-03 1.413e-01 3.598e-04 0.000e+00
1.743e-01 1.410e-03 1.373e-01 2.611e-04 0.000e+00
1.925e-01 1.159e-03 1.332e-01 1.896e-04 0.000e+00
2.000e-01 1.075e-03 1.316e-01 1.677e-04 0.000e+00
2.125e-01 9.530e-04 1.291e-01 1.382e-04 0.000e+00
2.345e-01 7.840e-04 1.250e-01 1.012e-04 0.000e+00
2.589e-01 6.442e-04 1.208e-01 7.427e-05 0.000e+00
2.858e-01 5.293e-04 1.167e-01 5.477e-05 0.000e+00
3.000e-01 4.807e-04 1.146e-01 4.724e-05 0.000e+00
3.155e-01 4.348e-04 1.125e-01 4.058e-05 0.000e+00
3.483e-01 3.571e-04 1.084e-01 3.022e-05 0.000e+00
3.845e-01 2.932e-04 1.044e-01 2.263e-05 0.000e+00
4.000e-01 2.710e-04 1.028e-01 2.020e-05 0.000e+00
4.245e-01 2.407e-04 1.004e-01 1.706e-05 0.000e+00
4.686e-01 1.976e-04 9.647e-02 1.296e-05 0.000e+00
5.000e-01 1.736e-04 9.392e-02 1.088e-05 0.000e+00
5.173e-01 1.622e-04 9.259e-02 9.947e-06 0.000e+00
5.710e-01 1.332e-04 8.877e-02 7.700e-06 0.000e+00
6.000e-01 1.206e-04 8.688e-02 6.773e-06 0.000e+00
6.304e-01 1.093e-04 8.502e-02 5.954e-06 0.000e+00
6.959e-01 8.972e-05 8.137e-02 4.631e-06 0.000e+00
7.682e-01 7.363e-05 7.779e-02 3.699e-06 0.000e+00
8.000e-01 6.790e-05 7.634e-02 3.417e-06 0.000e+00
8.480e-01 6.043e-05 7.427e-02 3.089e-06 0.000e+00
9.361e-01 4.959e-05 7.086e-02 2.556e-06 0.000e+00
1.000e+00 4.347e-05 6.865e-02 2.124e-06 0.000e+00
1.022e+00 4.162e-05 6.794e-02 1.972e-06 0.000e+00
1.033e+00 4.074e-05 6.759e-02 1.906e-06 2.959e-09
1.141e+00 3.340e-05 6.433e-02 1.528e-06 2.811e-06
1.250e+00 2.783e-05 6.139e-02 1.339e-06 1.521e-05
1.259e+00 2.743e-05 6.116e-02 1.324e-06 1.674e-05
1.390e+00 2.250e-05 5.809e-02 1.117e-06 4.746e-05
1.500e+00 1.932e-05 5.580e-02 9.717e-07 8.434e-05
1.535e+00 1.845e-05 5.512e-02 9.327e-07 9.791e-05
1.694e+00 1.515e-05 5.226e-02 7.910e-07 1.689e-04
1.870e+00 1.244e-05 4.947e-02 6.780e-07 2.613e-04
2.000e+00 1.087e-05 4.762e-02 6.120e-07 3.360e-04
2.044e+00 1.041e-05 4.703e-02 5.920e-07 3.622e-04
2.065e+00 1.019e-05 4.675e-02 5.829e-07 3.748e-04
2.279e+00 8.368e-06 4.415e-02 5.034e-07 5.069e-04
2.516e+00 6.867e-06 4.165e-02 4.367e-07 6.585e-04
2.778e+00 5.634e-06 3.925e-02 3.803e-07 8.292e-04
3.000e+00 4.832e-06 3.746e-02 3.425e-07 9.747e-04
3.066e+00 4.626e-06 3.696e-02 3.326e-07 1.018e-03
3.385e+00 3.796e-06 3.475e-02 2.917e-07 1.225e-03
3.737e+00 3.114e-06 3.264e-02 2.566e-07 1.450e-03
4.000e+00 2.718e-06 3.125e-02 2.353e-07 1.615e-03
4.125e+00 2.556e-06 3.063e-02 2.263e-07 1.691e-03
4.554e+00 2.097e-06 2.871e-02 2.001e-07 1.946e-03
5.000e+00 1.739e-06 2.699e-02 1.785e-07 2.201e-03
5.027e+00 1.721e-06 2.689e-02 1.774e-07 2.216e-03
5.549e+00 1.412e-06 2.516e-02 1.575e-07 2.502e-03
6.000e+00 1.208e-06 2.385e-02 1.436e-07 2.738e-03
6.126e+00 1.159e-06 2.351e-02 1.401e-07 2.802e-03
6.762e+00 9.509e-07 2.196e-02 1.249e-07 3.111e-03
7.000e+00 8.873e-07 2.144e-02 1.200e-07 3.222e-03
7.465e+00 7.803e-07 2.049e-02 1.115e-07 3.432e-03
8.000e+00 6.795e-07 1.951e-02 1.030e-07 3.662e-03
8.241e+00 6.404e-07 1.910e-02 9.959e-08 3.763e-03
9.000e+00 5.369e-07 1.793e-02 9.021e-08 4.066e-03
9.097e+00 5.255e-07 1.780e-02 8.913e-08 4.103e-03
1.000e+01 4.349e-07 1.662e-02 8.023e-08 4.434e-03
1.004e+01 4.314e-07 1.657e-02 7.987e-08 4.448e-03
1.100e+01 3.594e-07 1.550e-02 7.221e-08 4.771e-03
1.109e+01 3.536e-07 1.541e-02 7.157e-08 4.800e-03
1.200e+01 3.020e-07 1.454e-02 6.565e-08 5.082e-03
1.224e+01 2.903e-07 1.432e-02 6.424e-08 5.154e-03
1.300e+01 2.573e-07 1.369e-02 6.018e-08 5.372e-03
1.351e+01 2.383e-07 1.330e-02 5.772e-08 5.514e-03
1.400e+01 2.219e-07 1.295e-02 5.554e-08 5.644e-03
1.491e+01 1.956e-07 1.235e-02 5.190e-08 5.874e-03
1.500e+01 1.933e-07 1.230e-02 5.157e-08 5.896e-03
1.600e+01 1.699e-07 1.171e-02 4.813e-08 6.137e-03
1.646e+01 1.605e-07 1.146e-02 4.670e-08 6.244e-03
1.800e+01 1.342e-07 1.070e-02 4.246e-08 6.577e-03
1.818e+01 1.316e-07 1.062e-02 4.201e-08 6.613e-03
2.000e+01 1.087e-07 9.870e-03 3.798e-08 6.971e-03
