# POLYCARBONATE (MAKROLON, LEXAN) from NIST Database
1.200e+00 0.000e+00 0.000e+00 0.000e+00 0.000e+00
1.000e+00 5.505e-02 3.500e+00 0.000e+00 0.000e+00
6.000e+00 6.293e-02 3.500e+00 0.000e+00 0.000e+00
8.000e+00 1.180e-02 3.500e+00 0.000e+00 0.000e+00
0.000e+00 0.000e+00 0.000e+00 0.000e+00 0.000e+00
1.000e-03 1.118e+00 1.395e-02 2.536e+03 0.000e+00
1.020e-03 1.113e+00 1.444e-02 2.402e+03 0.000e+00
1.126e-03 1.089e+00 1.714e-02 1.828e+03 0.000e+00
1.243e-03 1.063e+00 2.032e-02 1.390e+03 0.000e+00
1.372e-03 1.034e+00 2.400e-02 1.055e+03 0.000e+00
1.500e-03 1.004e+00 2.776e-02 8.208e+02 0.000e+00
1.515e-03 1.000e+00 2.820e-02 7.980e+02 0.000e+00
1.672e-03 9.619e-01 3.290e-02 6.024e+02 0.000e+00
1.846e-03 9.188e-01 3.815e-02 4.530e+02 0.000e+00
2.000e-03 8.808e-01 4.277e-02 3.590e+02 0.000e+00
2.038e-03 8.715e-01 4.391e-02 3.398e+02 0.000e+00
2.250e-03 8.208e-01 5.017e-02 2.544e+02 0.000e+00
2.483e-03 7.676e-01 5.686e-02 1.904e+02 0.000e+00
2.741e-03 7.126e-01 6.396e-02 1.421e+02 0.000e+00
3.000e-03 6.614e-01 7.070e-02 1.085e+02 0.000e+00
3.026e-03 6.565e-01 7.136e-02 1.058e+02 0.000e+00
3.341e-03 6.004e-01 7.894e-02 7.858e+01 0.000e+00
3.688e-03 5.455e-01 8.655e-02 5.831e+01 0.000e+00
4.000e-03 5.019e-01 9.275e-02 4.557e+01 0.000e+00
4.071e-03 4.927e-01 9.407e-02 4.319e+01 0.000e+00
4.494e-03 4.428e-01 1.014e-01 3.194e+01 0.000e+00
4.961e-03 3.963e-01 1.083e-01 2.357e+01 0.000e+00
5.000e-03 3.928e-01 1.089e-01 2.301e+01 0.000e+00
5.477e-03 3.536e-01 1.149e-01 1.737e+01 0.000e+00
6.000e-03 3.178e-01 1.206e-01 1.308e+01 0.000e+00
6.046e-03 3.150e-01 1.211e-01 1.278e+01 0.000e+00
6.675e-03 2.801e-01 1.268e-01 9.383e+00 0.000e+00
7.368e-03 2.489e-01 1.321e-01 6.885e+00 0.000e+00
8.000e-03 2.255e-01 1.363e-01 5.314e+00 0.000e+00
8.134e-03 2.211e-01 1.371e-01 5.042e+00 0.000e+00
8.979e-03 1.963e-01 1.417e-01 3.689e+00 0.000e+00
9.912e-03 1.741e-01 1.461e-01 2.694e+00 0.000e+00
1.000e-02 1.722e-01 1.465e-01 2.620e+00 0.000e+00
1.094e-02 1.542e-01 1.502e-01 1.967e+00 0.000e+00
1.208e-02 1.363e-01 1.542e-01 1.432e+00 0.000e+00
1.334e-02 1.200e-01 1.578e-01 1.041e+00 0.000e+00
1.472e-02 1.053e-01 1.612e-01 7.580e-01 0.000e+00
1.500e-02 1.027e-01 1.618e-01 7.132e-01 0.000e+00
1.625e-02 9.194e-02 1.643e-01 5.504e-01 0.000e+00
1.794e-02 7.985e-02 1.671e-01 3.991e-01 0.000e+00
1.980e-02 6.903e-02 1.695e-01 2.894e-01 0.000e+00
2.000e-02 6.799e-02 1.698e-01 2.801e-01 0.000e+00
2.186e-02 5.933e-02 1.716e-01 2.095e-01 0.000e+00
2.413e-02 5.077e-02 1.732e-01 1.516e-01 0.000e+00
2.664e-02 4.325e-02 1.743e-01 1.095e-01 0.000e+00
2.941e-02 3.671e-02 1.750e-01 7.911e-02 0.000e+00
3.000e-02 3.550e-02 1.751e-01 7.410e-02 0.000e+00
3.247e-02 3.105e-02 1.753e-01 5.708e-02 0.000e+00
3.584e-02 2.620e-02 1.752e-01 4.120e-02 0.000e+00
3.957e-02 2.203e-02 1.747e-01 2.969e-02 0.000e+00
4.000e-02 2.162e-02 1.746e-01 2.865e-02 0.000e+00
4.368e-02 1.850e-02 1.738e-01 2.140e-02 0.000e+00
4.822e-02 1.549e-02 1.726e-01 1.542e-02 0.000e+00
5.000e-02 1.451e-02 1.721e-01 1.367e-02 0.000e+00
5.323e-02 1.295e-02 1.710e-01 1.110e-02 0.000e+00
5.876e-02 1.080e-02 1.692e-01 7.994e-03 0.000e+00
6.000e-02 1.039e-02 1.687e-01 7.458e-03 0.000e+00
6.486e-02 8.996e-03 1.670e-01 5.757e-03 0.000e+00
7.161e-02 7.476e-03 1.646e-01 4.142e-03 0.000e+00
7.905e-02 6.204e-03 1.619e-01 2.982e-03 0.000e+00
8.000e-02 6.065e-03 1.616e-01 2.866e-03 0.000e+00
8.726e-02 5.140e-03 1.590e-01 2.148e-03 0.000e+00
9.633e-02 4.252e-03 1.559e-01 1.547e-03 0.000e+00
1.000e-01 3.957e-03 1.547e-01 1.367e-03 0.000e+00
1.063e-01 3.516e-03 1.526e-01 1.116e-03 0.000e+00
1.174e-01 2.900e-03 1.492e-01 8.043e-04 0.000e+00
1.296e-01 2.392e-03 1.456e-01 5.809e-04 0.000e+00
1.431e-01 1.970e-03 1.418e-01 4.197e-04 0.000e+00
1.500e-01 1.796e-03 1.400e-01 3.598e-04 0.000e+00
1.579e-01 1.624e-03 1.380e-01 3.044e-04 0.000e+00
1.743e-01 1.336e-03 1.341e-01 2.208e-04 0.000e+00
1.925e-01 1.098e-03 1.301e-01 1.602e-04 0.000e+00
2.000e-01 1.018e-03 1.286e-01 1.417e-04 0.000e+00
2.125e-01 9.030e-04 1.261e-01 1.168e-04 0.000e+00
2.345e-01 7.428e-04 1.221e-01 8.548e-05 0.000e+00
2.589e-01 6.103e-04 1.180e-01 6.271e-05 0.000e+00
2.858e-01 5.014e-04 1.140e-01 4.622e-05 0.000e+00
3.000e-01 4.553e-04 1.120e-01 3.987e-05 0.000e+00
3.155e-01 4.119e-04 1.100e-01 3.423e-05 0.000e+00
3.483e-01 3.382e-04 1.060e-01 2.549e-05 0.000e+00
3.845e-01 2.777e-04 1.020e-01 1.909e-05 0.000e+00
4.000e-01 2.566e-04 1.004e-01 1.703e-05 0.000e+00
4.245e-01 2.279e-04 9.810e-02 1.438e-05 0.000e+00
4.686e-01 1.872e-04 9.425e-02 1.092e-05 0.000e+00
5.000e-01 1.644e-04 9.176e-02 9.172e-06 0.000e+00
5.173e-01 1.536e-04 9.046e-02 8.385e-06 0.000e+00
5.710e-01 1.261e-04 8.673e-02 6.490e-06 0.000e+00
6.000e-01 1.143e-04 8.489e-02 5.707e-06 0.000e+00
6.304e-01 1.035e-04 8.307e-02 5.015e-06 0.000e+00
6.959e-01 8.495e-05 7.950e-02 3.897e-06 0.000e+00
7.682e-01 6.972e-05 7.600e-02 3.114e-06 0.000e+00
8.000e-01 6.429e-05 7.458e-02 2.879e-06 0.000e+00
8.480e-01 5.722e-05 7.256e-02 2.607e-06 0.000e+00
9.361e-01 4.696e-05 6.922e-02 2.161e-06 0.000e+00
1.000e+00 4.116e-05 6.707e-02 1.790e-06 0.000e+00
1.022e+00 3.941e-05 6.638e-02 1.658e-06 0.000e+00
1.033e+00 3.857e-05 6.604e-02 1.601e-06 2.875e-09
1.141e+00 3.162e-05 6.285e-02 1.282e-06 2.733e-06
1.250e+00 2.635e-05 5.998e-02 1.126e-06 1.480e-05
1.259e+00 2.597e-05 5.976e-02 1.114e-06 1.629e-05
1.390e+00 2.131e-05 5.676e-02 9.403e-07 4.619e-05
1.500e+00 1.830e-05 5.452e-02 8.172e-07 8.210e-05
1.535e+00 1.747e-05 5.386e-02 7.844e-07 9.532e-05
1.694e+00 1.435e-05 5.105e-02 6.653e-07 1.645e-04
1.870e+00 1.178e-05 4.833e-02 5.704e-07 2.545e-04
2.000e+00 1.029e-05 4.652e-02 5.150e-07 3.272e-04
2.044e+00 9.853e-06 4.595e-02 4.983e-07 3.527e-04
2.065e+00 9.653e-06 4.568e-02 4.906e-07 3.650e-04
2.279e+00 7.924e-06 4.314e-02 4.238e-07 4.937e-04
2.516e+00 6.502e-06 4.070e-02 3.677e-07 6.414e-04
2.778e+00 5.334e-06 3.835e-02 3.203e-07 8.078e-04
3.000e+00 4.575e-06 3.660e-02 2.884e-07 9.494e-04
3.066e+00 4.380e-06 3.611e-02 2.801e-07 9.916e-04
3.385e+00 3.594e-06 3.395e-02 2.457e-07 1.194e-03
3.737e+00 2.949e-06 3.189e-02 2.162e-07 1.413e-03
4.000e+00 2.573e-06 3.053e-02 1.983e-07 1.572e-03
4.125e+00 2.420e-06 2.993e-02 1.908e-07 1.647e-03
4.554e+00 1.985e-06 2.805e-02 1.687e-07 1.896e-03
5.000e+00 1.647e-06 2.637e-02 1.505e-07 2.144e-03
5.027e+00 1.629e-06 2.627e-02 1.495e-07 2.160e-03
5.549e+00 1.337e-06 2.458e-02 1.328e-07 2.438e-03
6.000e+00 1.144e-06 2.330e-02 1.211e-07 2.668e-03
6.126e+00 1.097e-06 2.297e-02 1.182e-07 2.730e-03
6.762e+00 9.003e-07 2.146e-02 1.053e-07 3.033e-03
7.000e+00 8.401e-07 2.094e-02 1.012e-07 3.141e-03
7.465e+00 7.388e-07 2.002e-02 9.400e-08 3.345e-03
8.000e+00 6.434e-07 1.906e-02 8.688e-08 3.570e-03
8.241e+00 6.063e-07 1.866e-02 8.401e-08 3.669e-03
9.000e+00 5.083e-07 1.752e-02 7.610e-08 3.964e-03
9.097e+00 4.976e-07 1.739e-02 7.520e-08 4.000e-03
1.000e+01 4.117e-07 1.623e-02 6.769e-08 4.323e-03
1.004e+01 4.085e-07 1.619e-02 6.739e-08 4.336e-03
1.100e+01 3.403e-07 1.514e-02 6.093e-08 4.652e-03
1.109e+01 3.348e-07 1.505e-02 6.038e-08 4.680e-03
1.200e+01 2.859e-07 1.420e-02 5.539e-08 4.955e-03
1.224e+01 2.748e-07 1.399e-02 5.421e-08 5.025e-03
1.300e+01 2.437e-07 1.338e-02 5.078e-08 5.239e-03
1.351e+01 2.256e-07 1.300e-02 4.871e-08 5.376e-03
1.400e+01 2.101e-07 1.266e-02 4.687e-08 5.503e-03
1.491e+01 1.852e-07 1.207e-02 4.380e-08 5.727e-03
1.500e+01 1.830e-07 1.202e-02 4.352e-08 5.749e-03
1.600e+01 1.608e-07 1.144e-02 4.062e-08 5.985e-03
1.646e+01 1.520e-07 1.120e-02 3.941e-08 6.088e-03
1.800e+01 1.271e-07 1.046e-02 3.584e-08 6.412e-03
1.818e+01 1.246e-07 1.038e-02 3.546e-08 6.448e-03
2.000e+01 1.029e-07 9.642e-03 3.205e-08 6.798e-03
