# POLYETHYLENE TEREPHTHALATE (MYLAR) from NIST Database
1.400e+00 0.000e+00 0.000e+00 0.000e+00 0.000e+00
1.000e+00 4.163e-02 3.500e+00 0.000e+00 0.000e+00
6.000e+00 5.204e-02 3.500e+00 0.000e+00 0.000e+00
8.000e+00 2.081e-02 3.500e+00 0.000e+00 0.000e+00
0.000e+00 0.000e+00 0.000e+00 0.000e+00 0.000e+00
1.000e-03 1.189e+00 1.284e-02 2.909e+03 0.000e+00
1.020e-03 1.184e+00 1.330e-02 2.756e+03 0.000e+00
1.126e-03 1.160e+00 1.581e-02 2.104e+03 0.000e+00
1.243e-03 1.134e+00 1.876e-02 1.604e+03 0.000e+00
1.372e-03 1.105e+00 2.218e-02 1.222e+03 0.000e+00
1.500e-03 1.075e+00 2.570e-02 9.525e+02 0.000e+00
1.515e-03 1.072e+00 2.611e-02 9.263e+02 0.000e+00
1.672e-03 1.033e+00 3.052e-02 7.011e+02 0.000e+00
1.846e-03 9.896e-01 3.545e-02 5.285e+02 0.000e+00
2.000e-03 9.509e-01 3.982e-02 4.196e+02 0.000e+00
2.038e-03 9.415e-01 4.090e-02 3.974e+02 0.000e+00
2.250e-03 8.895e-01 4.685e-02 2.982e+02 0.000e+00
2.483e-03 8.347e-01 5.324e-02 2.236e+02 0.000e+00
2.741e-03 7.774e-01 6.006e-02 1.672e+02 0.000e+00
3.000e-03 7.237e-01 6.658e-02 1.280e+02 0.000e+00
3.026e-03 7.185e-01 6.721e-02 1.247e+02 0.000e+00
3.341e-03 6.590e-01 7.459e-02 9.284e+01 0.000e+00
3.688e-03 6.002e-01 8.205e-02 6.901e+01 0.000e+00
4.000e-03 5.532e-01 8.816e-02 5.401e+01 0.000e+00
4.071e-03 5.432e-01 8.948e-02 5.121e+01 0.000e+00
4.494e-03 4.888e-01 9.675e-02 3.793e+01 0.000e+00
4.961e-03 4.378e-01 1.038e-01 2.805e+01 0.000e+00
5.000e-03 4.339e-01 1.043e-01 2.738e+01 0.000e+00
5.477e-03 3.906e-01 1.104e-01 2.069e+01 0.000e+00
6.000e-03 3.507e-01 1.162e-01 1.561e+01 0.000e+00
6.046e-03 3.475e-01 1.167e-01 1.525e+01 0.000e+00
6.675e-03 3.085e-01 1.225e-01 1.122e+01 0.000e+00
7.368e-03 2.736e-01 1.280e-01 8.243e+00 0.000e+00
8.000e-03 2.473e-01 1.322e-01 6.370e+00 0.000e+00
8.134e-03 2.423e-01 1.331e-01 6.047e+00 0.000e+00
8.979e-03 2.146e-01 1.378e-01 4.430e+00 0.000e+00
9.912e-03 1.898e-01 1.423e-01 3.241e+00 0.000e+00
1.000e-02 1.877e-01 1.426e-01 3.151e+00 0.000e+00
1.094e-02 1.677e-01 1.464e-01 2.369e+00 0.000e+00
1.208e-02 1.479e-01 1.504e-01 1.727e+00 0.000e+00
1.334e-02 1.300e-01 1.541e-01 1.257e+00 0.000e+00
1.472e-02 1.140e-01 1.575e-01 9.165e-01 0.000e+00
1.500e-02 1.111e-01 1.581e-01 8.626e-01 0.000e+00
1.625e-02 9.953e-02 1.606e-01 6.663e-01 0.000e+00
1.794e-02 8.648e-02 1.635e-01 4.838e-01 0.000e+00
1.980e-02 7.481e-02 1.660e-01 3.513e-01 0.000e+00
2.000e-02 7.370e-02 1.662e-01 3.400e-01 0.000e+00
2.186e-02 6.437e-02 1.681e-01 2.545e-01 0.000e+00
2.413e-02 5.514e-02 1.698e-01 1.844e-01 0.000e+00
2.664e-02 4.701e-02 1.710e-01 1.334e-01 0.000e+00
2.941e-02 3.994e-02 1.719e-01 9.641e-02 0.000e+00
3.000e-02 3.863e-02 1.720e-01 9.032e-02 0.000e+00
3.247e-02 3.380e-02 1.723e-01 6.963e-02 0.000e+00
3.584e-02 2.853e-02 1.723e-01 5.029e-02 0.000e+00
3.957e-02 2.401e-02 1.719e-01 3.628e-02 0.000e+00
4.000e-02 2.356e-02 1.718e-01 3.500e-02 0.000e+00
4.368e-02 2.017e-02 1.711e-01 2.617e-02 0.000e+00
4.822e-02 1.690e-02 1.700e-01 1.887e-02 0.000e+00
5.000e-02 1.583e-02 1.695e-01 1.673e-02 0.000e+00
5.323e-02 1.413e-02 1.685e-01 1.360e-02 0.000e+00
5.876e-02 1.179e-02 1.667e-01 9.797e-03 0.000e+00
6.000e-02 1.135e-02 1.663e-01 9.141e-03 0.000e+00
6.486e-02 9.826e-03 1.646e-01 7.060e-03 0.000e+00
7.161e-02 8.169e-03 1.623e-01 5.083e-03 0.000e+00
7.905e-02 6.782e-03 1.597e-01 3.662e-03 0.000e+00
8.000e-02 6.631e-03 1.593e-01 3.520e-03 0.000e+00
8.726e-02 5.622e-03 1.568e-01 2.639e-03 0.000e+00
9.633e-02 4.653e-03 1.538e-01 1.902e-03 0.000e+00
1.000e-01 4.331e-03 1.526e-01 1.681e-03 0.000e+00
1.063e-01 3.849e-03 1.506e-01 1.373e-03 0.000e+00
1.174e-01 3.176e-03 1.472e-01 9.897e-04 0.000e+00
1.296e-01 2.620e-03 1.437e-01 7.151e-04 0.000e+00
1.431e-01 2.159e-03 1.400e-01 5.168e-04 0.000e+00
1.500e-01 1.969e-03 1.382e-01 4.432e-04 0.000e+00
1.579e-01 1.780e-03 1.362e-01 3.749e-04 0.000e+00
1.743e-01 1.465e-03 1.324e-01 2.720e-04 0.000e+00
1.925e-01 1.204e-03 1.285e-01 1.975e-04 0.000e+00
2.000e-01 1.117e-03 1.269e-01 1.747e-04 0.000e+00
2.125e-01 9.905e-04 1.245e-01 1.440e-04 0.000e+00
2.345e-01 8.148e-04 1.205e-01 1.054e-04 0.000e+00
2.589e-01 6.695e-04 1.165e-01 7.739e-05 0.000e+00
2.858e-01 5.501e-04 1.125e-01 5.706e-05 0.000e+00
3.000e-01 4.996e-04 1.106e-01 4.923e-05 0.000e+00
3.155e-01 4.519e-04 1.086e-01 4.228e-05 0.000e+00
3.483e-01 3.711e-04 1.046e-01 3.148e-05 0.000e+00
3.845e-01 3.047e-04 1.007e-01 2.358e-05 0.000e+00
4.000e-01 2.816e-04 9.917e-02 2.105e-05 0.000e+00
4.245e-01 2.501e-04 9.686e-02 1.777e-05 0.000e+00
4.686e-01 2.054e-04 9.306e-02 1.350e-05 0.000e+00
5.000e-01 1.805e-04 9.060e-02 1.134e-05 0.000e+00
5.173e-01 1.686e-04 8.932e-02 1.036e-05 0.000e+00
5.710e-01 1.384e-04 8.564e-02 8.023e-06 0.000e+00
6.000e-01 1.254e-04 8.382e-02 7.057e-06 0.000e+00
6.304e-01 1.136e-04 8.202e-02 6.204e-06 0.000e+00
6.959e-01 9.324e-05 7.850e-02 4.825e-06 0.000e+00
7.682e-01 7.653e-05 7.504e-02 3.854e-06 0.000e+00
8.000e-01 7.057e-05 7.365e-02 3.560e-06 0.000e+00
8.480e-01 6.280e-05 7.166e-02 3.218e-06 0.000e+00
9.361e-01 5.154e-05 6.836e-02 2.664e-06 0.000e+00
1.000e+00 4.517e-05 6.623e-02 2.213e-06 0.000e+00
1.022e+00 4.325e-05 6.554e-02 2.055e-06 0.000e+00
1.033e+00 4.234e-05 6.521e-02 1.985e-06 3.046e-09
1.141e+00 3.471e-05 6.206e-02 1.592e-06 2.893e-06
1.250e+00 2.892e-05 5.923e-02 1.395e-06 1.566e-05
1.259e+00 2.851e-05 5.901e-02 1.380e-06 1.723e-05
1.390e+00 2.339e-05 5.605e-02 1.164e-06 4.883e-05
1.500e+00 2.008e-05 5.384e-02 1.012e-06 8.678e-05
1.535e+00 1.918e-05 5.318e-02 9.718e-07 1.007e-04
1.694e+00 1.575e-05 5.042e-02 8.242e-07 1.738e-04
1.870e+00 1.293e-05 4.773e-02 7.064e-07 2.689e-04
2.000e+00 1.130e-05 4.594e-02 6.376e-07 3.457e-04
2.044e+00 1.081e-05 4.537e-02 6.169e-07 3.727e-04
2.065e+00 1.060e-05 4.510e-02 6.074e-07 3.856e-04
2.279e+00 8.697e-06 4.259e-02 5.246e-07 5.215e-04
2.516e+00 7.136e-06 4.018e-02 4.550e-07 6.773e-04
2.778e+00 5.855e-06 3.787e-02 3.962e-07 8.527e-04
3.000e+00 5.022e-06 3.614e-02 3.568e-07 1.002e-03
3.066e+00 4.808e-06 3.566e-02 3.465e-07 1.047e-03
3.385e+00 3.945e-06 3.353e-02 3.039e-07 1.260e-03
3.737e+00 3.237e-06 3.149e-02 2.673e-07 1.490e-03
4.000e+00 2.825e-06 3.015e-02 2.452e-07 1.657e-03
4.125e+00 2.656e-06 2.955e-02 2.358e-07 1.736e-03
4.554e+00 2.179e-06 2.770e-02 2.085e-07 1.996e-03
5.000e+00 1.808e-06 2.604e-02 1.860e-07 2.257e-03
5.027e+00 1.788e-06 2.594e-02 1.848e-07 2.272e-03
5.549e+00 1.468e-06 2.427e-02 1.641e-07 2.565e-03
6.000e+00 1.255e-06 2.301e-02 1.496e-07 2.806e-03
6.126e+00 1.204e-06 2.269e-02 1.460e-07 2.871e-03
6.762e+00 9.882e-07 2.119e-02 1.301e-07 3.188e-03
7.000e+00 9.222e-07 2.068e-02 1.250e-07 3.301e-03
7.465e+00 8.110e-07 1.977e-02 1.161e-07 3.515e-03
8.000e+00 7.062e-07 1.882e-02 1.073e-07 3.751e-03
8.241e+00 6.655e-07 1.843e-02 1.038e-07 3.853e-03
9.000e+00 5.580e-07 1.730e-02 9.399e-08 4.162e-03
9.097e+00 5.461e-07 1.717e-02 9.287e-08 4.200e-03
1.000e+01 4.519e-07 1.603e-02 8.359e-08 4.537e-03
1.004e+01 4.484e-07 1.598e-02 8.322e-08 4.551e-03
1.100e+01 3.735e-07 1.495e-02 7.524e-08 4.881e-03
1.109e+01 3.675e-07 1.486e-02 7.457e-08 4.911e-03
1.200e+01 3.138e-07 1.402e-02 6.840e-08 5.198e-03
1.224e+01 3.017e-07 1.382e-02 6.694e-08 5.271e-03
1.300e+01 2.674e-07 1.321e-02 6.270e-08 5.494e-03
1.351e+01 2.476e-07 1.283e-02 6.014e-08 5.638e-03
1.400e+01 2.306e-07 1.250e-02 5.787e-08 5.770e-03
1.491e+01 2.033e-07 1.192e-02 5.408e-08 6.005e-03
1.500e+01 2.009e-07 1.187e-02 5.373e-08 6.027e-03
1.600e+01 1.765e-07 1.130e-02 5.015e-08 6.273e-03
1.646e+01 1.668e-07 1.106e-02 4.865e-08 6.381e-03
1.800e+01 1.395e-07 1.033e-02 4.424e-08 6.720e-03
1.818e+01 1.367e-07 1.025e-02 4.378e-08 6.758e-03
2.000e+01 1.130e-07 9.522e-03 3.957e-08 7.122e-03
