# POLYVINYL ACETATE from NIST Database
1.190e+00 0.000e+00 0.000e+00 0.000e+00 0.000e+00
1.000e+00 6.969e-02 3.500e+00 0.000e+00 0.000e+00
6.000e+00 4.647e-02 3.500e+00 0.000e+00 0.000e+00
8.000e+00 2.323e-02 3.500e+00 0.000e+00 0.000e+00
0.000e+00 0.000e+00 0.000e+00 0.000e+00 0.000e+00
1.000e-03 1.185e+00 1.375e-02 2.939e+03 0.000e+00
1.020e-03 1.180e+00 1.423e-02 2.785e+03 0.000e+00
1.126e-03 1.156e+00 1.692e-02 2.128e+03 0.000e+00
1.243e-03 1.131e+00 2.008e-02 1.624e+03 0.000e+00
1.372e-03 1.103e+00 2.374e-02 1.237e+03 0.000e+00
1.500e-03 1.073e+00 2.749e-02 9.656e+02 0.000e+00
1.515e-03 1.070e+00 2.793e-02 9.391e+02 0.000e+00
1.672e-03 1.032e+00 3.263e-02 7.113e+02 0.000e+00
1.846e-03 9.891e-01 3.788e-02 5.365e+02 0.000e+00
2.000e-03 9.511e-01 4.253e-02 4.262e+02 0.000e+00
2.038e-03 9.418e-01 4.367e-02 4.037e+02 0.000e+00
2.250e-03 8.905e-01 4.997e-02 3.032e+02 0.000e+00
2.483e-03 8.363e-01 5.672e-02 2.275e+02 0.000e+00
2.741e-03 7.795e-01 6.389e-02 1.702e+02 0.000e+00
3.000e-03 7.261e-01 7.071e-02 1.303e+02 0.000e+00
3.026e-03 7.209e-01 7.138e-02 1.270e+02 0.000e+00
3.341e-03 6.616e-01 7.907e-02 9.460e+01 0.000e+00
3.688e-03 6.030e-01 8.682e-02 7.036e+01 0.000e+00
4.000e-03 5.559e-01 9.315e-02 5.509e+01 0.000e+00
4.071e-03 5.459e-01 9.451e-02 5.224e+01 0.000e+00
4.494e-03 4.912e-01 1.020e-01 3.871e+01 0.000e+00
4.961e-03 4.399e-01 1.092e-01 2.864e+01 0.000e+00
5.000e-03 4.360e-01 1.098e-01 2.796e+01 0.000e+00
5.477e-03 3.923e-01 1.161e-01 2.114e+01 0.000e+00
6.000e-03 3.521e-01 1.220e-01 1.596e+01 0.000e+00
6.046e-03 3.489e-01 1.225e-01 1.558e+01 0.000e+00
6.675e-03 3.095e-01 1.285e-01 1.147e+01 0.000e+00
7.368e-03 2.742e-01 1.340e-01 8.431e+00 0.000e+00
8.000e-03 2.477e-01 1.383e-01 6.518e+00 0.000e+00
8.134e-03 2.426e-01 1.391e-01 6.187e+00 0.000e+00
8.979e-03 2.146e-01 1.439e-01 4.535e+00 0.000e+00
9.912e-03 1.896e-01 1.483e-01 3.319e+00 0.000e+00
1.000e-02 1.875e-01 1.487e-01 3.228e+00 0.000e+00
1.094e-02 1.674e-01 1.525e-01 2.427e+00 0.000e+00
1.208e-02 1.474e-01 1.564e-01 1.770e+00 0.000e+00
1.334e-02 1.295e-01 1.600e-01 1.289e+00 0.000e+00
1.472e-02 1.135e-01 1.633e-01 9.401e-01 0.000e+00
1.500e-02 1.107e-01 1.639e-01 8.848e-01 0.000e+00
1.625e-02 9.909e-02 1.664e-01 6.837e-01 0.000e+00
1.794e-02 8.609e-02 1.691e-01 4.966e-01 0.000e+00
1.980e-02 7.448e-02 1.715e-01 3.607e-01 0.000e+00
2.000e-02 7.337e-02 1.717e-01 3.491e-01 0.000e+00
2.186e-02 6.410e-02 1.735e-01 2.614e-01 0.000e+00
2.413e-02 5.491e-02 1.751e-01 1.894e-01 0.000e+00
2.664e-02 4.683e-02 1.763e-01 1.371e-01 0.000e+00
2.941e-02 3.979e-02 1.771e-01 9.910e-02 0.000e+00
3.000e-02 3.849e-02 1.772e-01 9.284e-02 0.000e+00
3.247e-02 3.368e-02 1.774e-01 7.159e-02 0.000e+00
3.584e-02 2.844e-02 1.773e-01 5.172e-02 0.000e+00
3.957e-02 2.393e-02 1.768e-01 3.732e-02 0.000e+00
4.000e-02 2.348e-02 1.768e-01 3.601e-02 0.000e+00
4.368e-02 2.010e-02 1.760e-01 2.693e-02 0.000e+00
4.822e-02 1.684e-02 1.748e-01 1.942e-02 0.000e+00
5.000e-02 1.578e-02 1.742e-01 1.722e-02 0.000e+00
5.323e-02 1.409e-02 1.732e-01 1.400e-02 0.000e+00
5.876e-02 1.176e-02 1.713e-01 1.009e-02 0.000e+00
6.000e-02 1.132e-02 1.709e-01 9.412e-03 0.000e+00
6.486e-02 9.799e-03 1.692e-01 7.269e-03 0.000e+00
7.161e-02 8.148e-03 1.667e-01 5.235e-03 0.000e+00
7.905e-02 6.765e-03 1.641e-01 3.772e-03 0.000e+00
8.000e-02 6.614e-03 1.637e-01 3.626e-03 0.000e+00
8.726e-02 5.609e-03 1.611e-01 2.719e-03 0.000e+00
9.633e-02 4.643e-03 1.580e-01 1.960e-03 0.000e+00
1.000e-01 4.321e-03 1.568e-01 1.732e-03 0.000e+00
1.063e-01 3.841e-03 1.547e-01 1.415e-03 0.000e+00
1.174e-01 3.170e-03 1.512e-01 1.020e-03 0.000e+00
1.296e-01 2.615e-03 1.475e-01 7.371e-04 0.000e+00
1.431e-01 2.155e-03 1.438e-01 5.328e-04 0.000e+00
1.500e-01 1.965e-03 1.419e-01 4.569e-04 0.000e+00
1.579e-01 1.777e-03 1.399e-01 3.865e-04 0.000e+00
1.743e-01 1.463e-03 1.360e-01 2.805e-04 0.000e+00
1.925e-01 1.202e-03 1.319e-01 2.037e-04 0.000e+00
2.000e-01 1.115e-03 1.303e-01 1.802e-04 0.000e+00
2.125e-01 9.888e-04 1.279e-01 1.485e-04 0.000e+00
2.345e-01 8.135e-04 1.238e-01 1.088e-04 0.000e+00
2.589e-01 6.685e-04 1.197e-01 7.983e-05 0.000e+00
2.858e-01 5.493e-04 1.156e-01 5.887e-05 0.000e+00
3.000e-01 4.988e-04 1.136e-01 5.078e-05 0.000e+00
3.155e-01 4.512e-04 1.115e-01 4.362e-05 0.000e+00
3.483e-01 3.705e-04 1.074e-01 3.248e-05 0.000e+00
3.845e-01 3.043e-04 1.034e-01 2.433e-05 0.000e+00
4.000e-01 2.812e-04 1.018e-01 2.172e-05 0.000e+00
4.245e-01 2.498e-04 9.946e-02 1.834e-05 0.000e+00
4.686e-01 2.051e-04 9.556e-02 1.393e-05 0.000e+00
5.000e-01 1.802e-04 9.303e-02 1.170e-05 0.000e+00
5.173e-01 1.684e-04 9.172e-02 1.070e-05 0.000e+00
5.710e-01 1.382e-04 8.793e-02 8.279e-06 0.000e+00
6.000e-01 1.252e-04 8.607e-02 7.283e-06 0.000e+00
6.304e-01 1.134e-04 8.422e-02 6.403e-06 0.000e+00
6.959e-01 9.311e-05 8.060e-02 4.981e-06 0.000e+00
7.682e-01 7.642e-05 7.706e-02 3.979e-06 0.000e+00
8.000e-01 7.046e-05 7.562e-02 3.675e-06 0.000e+00
8.480e-01 6.271e-05 7.358e-02 3.320e-06 0.000e+00
9.361e-01 5.147e-05 7.020e-02 2.747e-06 0.000e+00
1.000e+00 4.511e-05 6.801e-02 2.284e-06 0.000e+00
1.022e+00 4.319e-05 6.730e-02 2.122e-06 0.000e+00
1.033e+00 4.228e-05 6.695e-02 2.051e-06 3.031e-09
1.141e+00 3.466e-05 6.373e-02 1.645e-06 2.879e-06
1.250e+00 2.888e-05 6.082e-02 1.440e-06 1.558e-05
1.259e+00 2.847e-05 6.059e-02 1.425e-06 1.714e-05
1.390e+00 2.335e-05 5.755e-02 1.202e-06 4.858e-05
1.500e+00 2.005e-05 5.528e-02 1.045e-06 8.631e-05
1.535e+00 1.915e-05 5.461e-02 1.004e-06 1.002e-04
1.694e+00 1.573e-05 5.177e-02 8.511e-07 1.729e-04
1.870e+00 1.291e-05 4.901e-02 7.293e-07 2.675e-04
2.000e+00 1.128e-05 4.717e-02 6.583e-07 3.439e-04
2.044e+00 1.080e-05 4.658e-02 6.368e-07 3.706e-04
2.065e+00 1.058e-05 4.631e-02 6.270e-07 3.835e-04
2.279e+00 8.685e-06 4.373e-02 5.415e-07 5.186e-04
2.516e+00 7.126e-06 4.126e-02 4.696e-07 6.737e-04
2.778e+00 5.847e-06 3.889e-02 4.090e-07 8.482e-04
3.000e+00 5.014e-06 3.711e-02 3.683e-07 9.969e-04
3.066e+00 4.801e-06 3.662e-02 3.577e-07 1.041e-03
3.385e+00 3.939e-06 3.443e-02 3.137e-07 1.253e-03
3.737e+00 3.232e-06 3.234e-02 2.759e-07 1.483e-03
4.000e+00 2.821e-06 3.095e-02 2.530e-07 1.650e-03
4.125e+00 2.652e-06 3.034e-02 2.434e-07 1.727e-03
4.554e+00 2.176e-06 2.844e-02 2.152e-07 1.988e-03
5.000e+00 1.805e-06 2.673e-02 1.920e-07 2.248e-03
5.027e+00 1.786e-06 2.664e-02 1.907e-07 2.263e-03
5.549e+00 1.466e-06 2.492e-02 1.693e-07 2.556e-03
6.000e+00 1.254e-06 2.363e-02 1.544e-07 2.795e-03
6.126e+00 1.203e-06 2.329e-02 1.507e-07 2.860e-03
6.762e+00 9.869e-07 2.176e-02 1.343e-07 3.176e-03
7.000e+00 9.209e-07 2.124e-02 1.290e-07 3.290e-03
7.465e+00 8.098e-07 2.030e-02 1.198e-07 3.502e-03
8.000e+00 7.052e-07 1.933e-02 1.107e-07 3.738e-03
8.241e+00 6.646e-07 1.892e-02 1.071e-07 3.840e-03
9.000e+00 5.572e-07 1.777e-02 9.697e-08 4.149e-03
9.097e+00 5.454e-07 1.763e-02 9.582e-08 4.187e-03
1.000e+01 4.513e-07 1.646e-02 8.624e-08 4.523e-03
1.004e+01 4.477e-07 1.641e-02 8.586e-08 4.538e-03
1.100e+01 3.730e-07 1.535e-02 7.762e-08 4.867e-03
1.109e+01 3.669e-07 1.526e-02 7.693e-08 4.896e-03
1.200e+01 3.134e-07 1.440e-02 7.056e-08 5.183e-03
1.224e+01 3.012e-07 1.419e-02 6.906e-08 5.256e-03
1.300e+01 2.671e-07 1.356e-02 6.468e-08 5.480e-03
1.351e+01 2.473e-07 1.318e-02 6.204e-08 5.623e-03
1.400e+01 2.302e-07 1.283e-02 5.970e-08 5.754e-03
1.491e+01 2.030e-07 1.224e-02 5.579e-08 5.989e-03
1.500e+01 2.006e-07 1.218e-02 5.543e-08 6.012e-03
1.600e+01 1.763e-07 1.160e-02 5.173e-08 6.257e-03
1.646e+01 1.666e-07 1.135e-02 5.019e-08 6.366e-03
1.800e+01 1.393e-07 1.060e-02 4.564e-08 6.704e-03
1.818e+01 1.365e-07 1.052e-02 4.516e-08 6.742e-03
2.000e+01 1.128e-07 9.777e-03 4.082e-08 7.106e-03
