# POLYACRYLONITRILE from NIST Database
1.170e+00 0.000e+00 0.000e+00 0.000e+00 0.000e+00
1.000e+00 5.653e-02 3.500e+00 0.000e+00 0.000e+00
6.000e+00 5.654e-02 3.500e+00 0.000e+00 0.000e+00
7.000e+00 1.885e-02 3.500e+00 0.000e+00 0.000e+00
0.000e+00 0.000e+00 0.000e+00 0.000e+00 0.000e+00
1.000e-03 1.093e+00 1.435e-02 2.375e+03 0.000e+00
1.020e-03 1.088e+00 1.485e-02 2.247e+03 0.000e+00
1.126e-03 1.064e+00 1.764e-02 1.706e+03 0.000e+00
1.243e-03 1.037e+00 2.090e-02 1.294e+03 0.000e+00
1.372e-03 1.008e+00 2.468e-02 9.797e+02 0.000e+00
1.500e-03 9.782e-01 2.854e-02 7.605e+02 0.000e+00
1.515e-03 9.746e-01 2.900e-02 7.392e+02 0.000e+00
1.672e-03 9.362e-01 3.382e-02 5.568e+02 0.000e+00
1.846e-03 8.930e-01 3.919e-02 4.178e+02 0.000e+00
2.000e-03 8.549e-01 4.393e-02 3.305e+02 0.000e+00
2.038e-03 8.457e-01 4.509e-02 3.128e+02 0.000e+00
2.250e-03 7.950e-01 5.148e-02 2.337e+02 0.000e+00
2.483e-03 7.420e-01 5.829e-02 1.745e+02 0.000e+00
2.741e-03 6.873e-01 6.550e-02 1.299e+02 0.000e+00
3.000e-03 6.367e-01 7.232e-02 9.910e+01 0.000e+00
3.026e-03 6.318e-01 7.298e-02 9.656e+01 0.000e+00
3.341e-03 5.765e-01 8.063e-02 7.160e+01 0.000e+00
3.688e-03 5.227e-01 8.827e-02 5.303e+01 0.000e+00
4.000e-03 4.802e-01 9.446e-02 4.138e+01 0.000e+00
4.071e-03 4.712e-01 9.578e-02 3.921e+01 0.000e+00
4.494e-03 4.228e-01 1.030e-01 2.894e+01 0.000e+00
4.961e-03 3.780e-01 1.099e-01 2.133e+01 0.000e+00
5.000e-03 3.747e-01 1.105e-01 2.082e+01 0.000e+00
5.477e-03 3.371e-01 1.164e-01 1.569e+01 0.000e+00
6.000e-03 3.028e-01 1.220e-01 1.180e+01 0.000e+00
6.046e-03 3.001e-01 1.225e-01 1.153e+01 0.000e+00
6.675e-03 2.670e-01 1.281e-01 8.451e+00 0.000e+00
7.368e-03 2.374e-01 1.333e-01 6.191e+00 0.000e+00
8.000e-03 2.153e-01 1.373e-01 4.772e+00 0.000e+00
8.134e-03 2.111e-01 1.381e-01 4.527e+00 0.000e+00
8.979e-03 1.877e-01 1.427e-01 3.307e+00 0.000e+00
9.912e-03 1.668e-01 1.470e-01 2.412e+00 0.000e+00
1.000e-02 1.650e-01 1.473e-01 2.345e+00 0.000e+00
1.094e-02 1.480e-01 1.510e-01 1.758e+00 0.000e+00
1.208e-02 1.310e-01 1.549e-01 1.278e+00 0.000e+00
1.334e-02 1.155e-01 1.585e-01 9.281e-01 0.000e+00
1.472e-02 1.015e-01 1.618e-01 6.747e-01 0.000e+00
1.500e-02 9.895e-02 1.624e-01 6.347e-01 0.000e+00
1.625e-02 8.867e-02 1.649e-01 4.892e-01 0.000e+00
1.794e-02 7.704e-02 1.677e-01 3.543e-01 0.000e+00
1.980e-02 6.659e-02 1.701e-01 2.566e-01 0.000e+00
2.000e-02 6.559e-02 1.704e-01 2.483e-01 0.000e+00
2.186e-02 5.722e-02 1.721e-01 1.855e-01 0.000e+00
2.413e-02 4.894e-02 1.737e-01 1.341e-01 0.000e+00
2.664e-02 4.167e-02 1.749e-01 9.680e-02 0.000e+00
2.941e-02 3.535e-02 1.756e-01 6.983e-02 0.000e+00
3.000e-02 3.419e-02 1.756e-01 6.540e-02 0.000e+00
3.247e-02 2.989e-02 1.758e-01 5.034e-02 0.000e+00
3.584e-02 2.521e-02 1.757e-01 3.629e-02 0.000e+00
3.957e-02 2.120e-02 1.752e-01 2.613e-02 0.000e+00
4.000e-02 2.080e-02 1.751e-01 2.521e-02 0.000e+00
4.368e-02 1.780e-02 1.743e-01 1.882e-02 0.000e+00
4.822e-02 1.490e-02 1.730e-01 1.354e-02 0.000e+00
5.000e-02 1.396e-02 1.724e-01 1.200e-02 0.000e+00
5.323e-02 1.246e-02 1.714e-01 9.746e-03 0.000e+00
5.876e-02 1.039e-02 1.695e-01 7.011e-03 0.000e+00
6.000e-02 9.995e-03 1.691e-01 6.540e-03 0.000e+00
6.486e-02 8.650e-03 1.673e-01 5.045e-03 0.000e+00
7.161e-02 7.187e-03 1.649e-01 3.627e-03 0.000e+00
7.905e-02 5.962e-03 1.622e-01 2.609e-03 0.000e+00
8.000e-02 5.828e-03 1.619e-01 2.508e-03 0.000e+00
8.726e-02 4.938e-03 1.593e-01 1.878e-03 0.000e+00
9.633e-02 4.084e-03 1.562e-01 1.352e-03 0.000e+00
1.000e-01 3.800e-03 1.549e-01 1.194e-03 0.000e+00
1.063e-01 3.376e-03 1.529e-01 9.748e-04 0.000e+00
1.174e-01 2.784e-03 1.494e-01 7.017e-04 0.000e+00
1.296e-01 2.296e-03 1.458e-01 5.065e-04 0.000e+00
1.431e-01 1.891e-03 1.420e-01 3.658e-04 0.000e+00
1.500e-01 1.724e-03 1.402e-01 3.136e-04 0.000e+00
1.579e-01 1.558e-03 1.382e-01 2.652e-04 0.000e+00
1.743e-01 1.282e-03 1.343e-01 1.924e-04 0.000e+00
1.925e-01 1.054e-03 1.303e-01 1.396e-04 0.000e+00
2.000e-01 9.768e-04 1.288e-01 1.235e-04 0.000e+00
2.125e-01 8.662e-04 1.263e-01 1.017e-04 0.000e+00
2.345e-01 7.125e-04 1.223e-01 7.440e-05 0.000e+00
2.589e-01 5.854e-04 1.182e-01 5.455e-05 0.000e+00
2.858e-01 4.809e-04 1.142e-01 4.018e-05 0.000e+00
3.000e-01 4.367e-04 1.122e-01 3.465e-05 0.000e+00
3.155e-01 3.950e-04 1.101e-01 2.975e-05 0.000e+00
3.483e-01 3.243e-04 1.061e-01 2.215e-05 0.000e+00
3.845e-01 2.663e-04 1.021e-01 1.658e-05 0.000e+00
4.000e-01 2.461e-04 1.006e-01 1.480e-05 0.000e+00
4.245e-01 2.186e-04 9.823e-02 1.249e-05 0.000e+00
4.686e-01 1.794e-04 9.438e-02 9.483e-06 0.000e+00
5.000e-01 1.577e-04 9.188e-02 7.960e-06 0.000e+00
5.173e-01 1.473e-04 9.058e-02 7.277e-06 0.000e+00
5.710e-01 1.209e-04 8.684e-02 5.633e-06 0.000e+00
6.000e-01 1.095e-04 8.500e-02 4.952e-06 0.000e+00
6.304e-01 9.925e-05 8.318e-02 4.350e-06 0.000e+00
6.959e-01 8.145e-05 7.961e-02 3.378e-06 0.000e+00
7.682e-01 6.684e-05 7.610e-02 2.700e-06 0.000e+00
8.000e-01 6.163e-05 7.468e-02 2.498e-06 0.000e+00
8.480e-01 5.485e-05 7.265e-02 2.266e-06 0.000e+00
9.361e-01 4.501e-05 6.930e-02 1.880e-06 0.000e+00
1.000e+00 3.945e-05 6.715e-02 1.553e-06 0.000e+00
1.022e+00 3.778e-05 6.647e-02 1.436e-06 0.000e+00
1.033e+00 3.698e-05 6.613e-02 1.385e-06 2.814e-09
1.141e+00 3.032e-05 6.295e-02 1.107e-06 2.676e-06
1.250e+00 2.526e-05 6.006e-02 9.747e-07 1.450e-05
1.259e+00 2.490e-05 5.984e-02 9.645e-07 1.596e-05
1.390e+00 2.042e-05 5.683e-02 8.147e-07 4.527e-05
1.500e+00 1.754e-05 5.459e-02 7.078e-07 8.047e-05
1.535e+00 1.675e-05 5.392e-02 6.792e-07 9.343e-05
1.694e+00 1.376e-05 5.112e-02 5.760e-07 1.612e-04
1.870e+00 1.129e-05 4.839e-02 4.940e-07 2.494e-04
2.000e+00 9.868e-06 4.658e-02 4.463e-07 3.207e-04
2.044e+00 9.446e-06 4.600e-02 4.319e-07 3.458e-04
2.065e+00 9.254e-06 4.573e-02 4.253e-07 3.578e-04
2.279e+00 7.596e-06 4.320e-02 3.676e-07 4.841e-04
2.516e+00 6.232e-06 4.075e-02 3.189e-07 6.289e-04
2.778e+00 5.113e-06 3.841e-02 2.778e-07 7.921e-04
3.000e+00 4.385e-06 3.665e-02 2.502e-07 9.310e-04
3.066e+00 4.199e-06 3.616e-02 2.430e-07 9.723e-04
3.385e+00 3.445e-06 3.400e-02 2.132e-07 1.171e-03
3.737e+00 2.827e-06 3.193e-02 1.876e-07 1.386e-03
4.000e+00 2.467e-06 3.057e-02 1.721e-07 1.543e-03
4.125e+00 2.320e-06 2.997e-02 1.656e-07 1.616e-03
4.554e+00 1.903e-06 2.809e-02 1.465e-07 1.860e-03
5.000e+00 1.579e-06 2.640e-02 1.307e-07 2.104e-03
5.027e+00 1.562e-06 2.631e-02 1.299e-07 2.119e-03
5.549e+00 1.282e-06 2.461e-02 1.153e-07 2.394e-03
6.000e+00 1.097e-06 2.333e-02 1.052e-07 2.619e-03
6.126e+00 1.052e-06 2.300e-02 1.026e-07 2.681e-03
6.762e+00 8.632e-07 2.149e-02 9.151e-08 2.978e-03
7.000e+00 8.055e-07 2.097e-02 8.794e-08 3.084e-03
7.465e+00 7.084e-07 2.005e-02 8.168e-08 3.285e-03
8.000e+00 6.169e-07 1.909e-02 7.550e-08 3.507e-03
8.241e+00 5.813e-07 1.869e-02 7.301e-08 3.603e-03
9.000e+00 4.874e-07 1.755e-02 6.614e-08 3.894e-03
9.097e+00 4.770e-07 1.741e-02 6.536e-08 3.929e-03
1.000e+01 3.948e-07 1.625e-02 5.884e-08 4.248e-03
1.004e+01 3.916e-07 1.621e-02 5.858e-08 4.261e-03
1.100e+01 3.263e-07 1.516e-02 5.296e-08 4.572e-03
1.109e+01 3.210e-07 1.507e-02 5.249e-08 4.600e-03
1.200e+01 2.741e-07 1.422e-02 4.816e-08 4.869e-03
1.224e+01 2.635e-07 1.401e-02 4.713e-08 4.938e-03
1.300e+01 2.336e-07 1.339e-02 4.415e-08 5.149e-03
1.351e+01 2.163e-07 1.302e-02 4.235e-08 5.284e-03
1.400e+01 2.014e-07 1.267e-02 4.075e-08 5.408e-03
1.491e+01 1.776e-07 1.209e-02 3.808e-08 5.630e-03
1.500e+01 1.755e-07 1.203e-02 3.784e-08 5.652e-03
1.600e+01 1.542e-07 1.146e-02 3.532e-08 5.884e-03
1.646e+01 1.457e-07 1.121e-02 3.427e-08 5.986e-03
1.800e+01 1.218e-07 1.047e-02 3.116e-08 6.304e-03
1.818e+01 1.194e-07 1.039e-02 3.083e-08 6.340e-03
2.000e+01 9.868e-08 9.655e-03 2.788e-08 6.683e-03
