# POLYVINYLIDENE CHLORIDE, SARAN from NIST Database
1.700e+00 0.000e+00 0.000e+00 0.000e+00 0.000e+00
1.000e+00 2.063e-02 3.500e+00 0.000e+00 0.000e+00
6.000e+00 2.063e-02 3.500e+00 0.000e+00 0.000e+00
1.700e+01 2.063e-02 3.500e+00 0.000e+00 0.000e+00
0.000e+00 0.000e+00 0.000e+00 0.000e+00 0.000e+00
1.000e-03 2.494e+00 1.043e-02 2.616e+03 0.000e+00
1.020e-03 2.485e+00 1.080e-02 2.482e+03 0.000e+00
1.126e-03 2.441e+00 1.281e-02 1.906e+03 0.000e+00
1.243e-03 2.395e+00 1.516e-02 1.464e+03 0.000e+00
1.372e-03 2.343e+00 1.787e-02 1.125e+03 0.000e+00
1.500e-03 2.289e+00 2.063e-02 8.860e+02 0.000e+00
1.515e-03 2.282e+00 2.096e-02 8.623e+02 0.000e+00
1.672e-03 2.213e+00 2.439e-02 6.587e+02 0.000e+00
1.846e-03 2.133e+00 2.821e-02 5.025e+02 0.000e+00
2.000e-03 2.062e+00 3.156e-02 4.035e+02 0.000e+00
2.038e-03 2.045e+00 3.238e-02 3.830e+02 0.000e+00
2.250e-03 1.949e+00 3.690e-02 2.910e+02 0.000e+00
2.483e-03 1.848e+00 4.172e-02 2.213e+02 0.000e+00
2.741e-03 1.743e+00 4.684e-02 1.681e+02 0.000e+00
2.822e-03 1.712e+00 4.839e-02 1.549e+02 0.000e+00
2.822e-03 1.712e+00 4.839e-02 1.222e+03 0.000e+00
3.000e-03 1.646e+00 5.170e-02 1.098e+03 0.000e+00
3.026e-03 1.637e+00 5.217e-02 1.080e+03 0.000e+00
3.341e-03 1.528e+00 5.768e-02 8.594e+02 0.000e+00
3.688e-03 1.419e+00 6.326e-02 6.568e+02 0.000e+00
4.000e-03 1.332e+00 6.785e-02 5.227e+02 0.000e+00
4.071e-03 1.313e+00 6.884e-02 4.980e+02 0.000e+00
4.494e-03 1.212e+00 7.436e-02 3.824e+02 0.000e+00
4.961e-03 1.116e+00 7.975e-02 2.949e+02 0.000e+00
5.000e-03 1.109e+00 8.017e-02 2.889e+02 0.000e+00
5.477e-03 1.026e+00 8.498e-02 2.261e+02 0.000e+00
6.000e-03 9.486e-01 8.964e-02 1.761e+02 0.000e+00
6.046e-03 9.423e-01 9.003e-02 1.724e+02 0.000e+00
6.675e-03 8.636e-01 9.494e-02 1.311e+02 0.000e+00
7.368e-03 7.896e-01 9.971e-02 9.950e+01 0.000e+00
8.000e-03 7.311e-01 1.036e-01 7.894e+01 0.000e+00
8.134e-03 7.195e-01 1.044e-01 7.532e+01 0.000e+00
8.979e-03 6.528e-01 1.091e-01 5.688e+01 0.000e+00
9.912e-03 5.886e-01 1.137e-01 4.285e+01 0.000e+00
1.000e-02 5.830e-01 1.141e-01 4.177e+01 0.000e+00
1.094e-02 5.269e-01 1.182e-01 3.223e+01 0.000e+00
1.208e-02 4.680e-01 1.228e-01 2.415e+01 0.000e+00
1.334e-02 4.127e-01 1.271e-01 1.806e+01 0.000e+00
1.472e-02 3.619e-01 1.313e-01 1.351e+01 0.000e+00
1.500e-02 3.526e-01 1.321e-01 1.277e+01 0.000e+00
1.625e-02 3.152e-01 1.353e-01 1.007e+01 0.000e+00
1.794e-02 2.731e-01 1.389e-01 7.492e+00 0.000e+00
1.980e-02 2.359e-01 1.422e-01 5.570e+00 0.000e+00
2.000e-02 2.324e-01 1.425e-01 5.404e+00 0.000e+00
2.186e-02 2.031e-01 1.451e-01 4.130e+00 0.000e+00
2.413e-02 1.745e-01 1.476e-01 3.059e+00 0.000e+00
2.664e-02 1.497e-01 1.496e-01 2.261e+00 0.000e+00
2.941e-02 1.281e-01 1.512e-01 1.669e+00 0.000e+00
3.000e-02 1.242e-01 1.515e-01 1.570e+00 0.000e+00
3.247e-02 1.096e-01 1.525e-01 1.229e+00 0.000e+00
3.584e-02 9.354e-02 1.534e-01 9.052e-01 0.000e+00
3.957e-02 7.968e-02 1.539e-01 6.652e-01 0.000e+00
4.000e-02 7.828e-02 1.539e-01 6.432e-01 0.000e+00
4.368e-02 6.772e-02 1.540e-01 4.886e-01 0.000e+00
4.822e-02 5.739e-02 1.538e-01 3.585e-01 0.000e+00
5.000e-02 5.397e-02 1.537e-01 3.199e-01 0.000e+00
5.323e-02 4.850e-02 1.533e-01 2.627e-01 0.000e+00
5.876e-02 4.086e-02 1.524e-01 1.923e-01 0.000e+00
6.000e-02 3.940e-02 1.522e-01 1.801e-01 0.000e+00
6.486e-02 3.433e-02 1.512e-01 1.408e-01 0.000e+00
7.161e-02 2.876e-02 1.497e-01 1.029e-01 0.000e+00
7.905e-02 2.404e-02 1.478e-01 7.520e-02 0.000e+00
8.000e-02 2.353e-02 1.476e-01 7.240e-02 0.000e+00
8.726e-02 2.006e-02 1.457e-01 5.494e-02 0.000e+00
9.633e-02 1.671e-02 1.433e-01 4.011e-02 0.000e+00
1.000e-01 1.559e-02 1.424e-01 3.561e-02 0.000e+00
1.063e-01 1.391e-02 1.407e-01 2.933e-02 0.000e+00
1.174e-01 1.154e-02 1.379e-01 2.139e-02 0.000e+00
1.296e-01 9.579e-03 1.348e-01 1.563e-02 0.000e+00
1.431e-01 7.936e-03 1.316e-01 1.142e-02 0.000e+00
1.500e-01 7.254e-03 1.301e-01 9.839e-03 0.000e+00
1.579e-01 6.576e-03 1.283e-01 8.367e-03 0.000e+00
1.743e-01 5.440e-03 1.249e-01 6.132e-03 0.000e+00
1.925e-01 4.492e-03 1.213e-01 4.494e-03 0.000e+00
2.000e-01 4.171e-03 1.199e-01 3.990e-03 0.000e+00
2.125e-01 3.708e-03 1.177e-01 3.305e-03 0.000e+00
2.345e-01 3.061e-03 1.141e-01 2.440e-03 0.000e+00
2.589e-01 2.523e-03 1.104e-01 1.804e-03 0.000e+00
2.858e-01 2.078e-03 1.066e-01 1.340e-03 0.000e+00
3.000e-01 1.889e-03 1.048e-01 1.159e-03 0.000e+00
3.155e-01 1.711e-03 1.029e-01 9.989e-04 0.000e+00
3.483e-01 1.408e-03 9.924e-02 7.485e-04 0.000e+00
3.845e-01 1.158e-03 9.558e-02 5.639e-04 0.000e+00
4.000e-01 1.070e-03 9.412e-02 5.043e-04 0.000e+00
4.245e-01 9.515e-04 9.195e-02 4.272e-04 0.000e+00
4.686e-01 7.821e-04 8.837e-02 3.260e-04 0.000e+00
5.000e-01 6.875e-04 8.605e-02 2.743e-04 0.000e+00
5.173e-01 6.426e-04 8.484e-02 2.509e-04 0.000e+00
5.710e-01 5.280e-04 8.137e-02 1.947e-04 0.000e+00
6.000e-01 4.784e-04 7.966e-02 1.718e-04 0.000e+00
6.304e-01 4.336e-04 7.796e-02 1.517e-04 0.000e+00
6.959e-01 3.561e-04 7.462e-02 1.190e-04 0.000e+00
7.682e-01 2.924e-04 7.135e-02 9.489e-05 0.000e+00
8.000e-01 2.697e-04 7.002e-02 8.704e-05 0.000e+00
8.480e-01 2.401e-04 6.814e-02 7.740e-05 0.000e+00
9.361e-01 1.971e-04 6.502e-02 6.325e-05 0.000e+00
1.000e+00 1.727e-04 6.298e-02 5.414e-05 0.000e+00
1.022e+00 1.654e-04 6.232e-02 5.118e-05 0.000e+00
1.033e+00 1.619e-04 6.200e-02 4.984e-05 7.087e-09
1.141e+00 1.327e-04 5.901e-02 4.056e-05 6.552e-06
1.250e+00 1.106e-04 5.633e-02 3.467e-05 3.469e-05
1.259e+00 1.091e-04 5.612e-02 3.425e-05 3.811e-05
1.390e+00 8.949e-05 5.332e-02 2.873e-05 1.060e-04
1.500e+00 7.685e-05 5.121e-02 2.507e-05 1.865e-04
1.535e+00 7.339e-05 5.058e-02 2.408e-05 2.159e-04
1.694e+00 6.026e-05 4.793e-02 2.037e-05 3.694e-04
1.870e+00 4.946e-05 4.537e-02 1.734e-05 5.690e-04
2.000e+00 4.324e-05 4.370e-02 1.559e-05 7.306e-04
2.044e+00 4.140e-05 4.317e-02 1.506e-05 7.872e-04
2.065e+00 4.056e-05 4.292e-02 1.482e-05 8.145e-04
2.279e+00 3.330e-05 4.056e-02 1.274e-05 1.098e-03
2.516e+00 2.732e-05 3.826e-02 1.101e-05 1.420e-03
2.778e+00 2.241e-05 3.604e-02 9.545e-06 1.779e-03
3.000e+00 1.922e-05 3.438e-02 8.569e-06 2.079e-03
3.066e+00 1.840e-05 3.392e-02 8.314e-06 2.169e-03
3.385e+00 1.510e-05 3.189e-02 7.262e-06 2.594e-03
3.737e+00 1.239e-05 2.996e-02 6.363e-06 3.052e-03
4.000e+00 1.081e-05 2.868e-02 5.820e-06 3.383e-03
4.125e+00 1.017e-05 2.811e-02 5.592e-06 3.538e-03
4.554e+00 8.344e-06 2.635e-02 4.928e-06 4.050e-03
5.000e+00 6.922e-06 2.477e-02 4.382e-06 4.559e-03
5.027e+00 6.848e-06 2.468e-02 4.353e-06 4.589e-03
5.549e+00 5.620e-06 2.309e-02 3.854e-06 5.155e-03
6.000e+00 4.807e-06 2.189e-02 3.505e-06 5.618e-03
6.126e+00 4.611e-06 2.158e-02 3.418e-06 5.744e-03
6.762e+00 3.785e-06 2.016e-02 3.039e-06 6.351e-03
7.000e+00 3.532e-06 1.968e-02 2.917e-06 6.568e-03
7.465e+00 3.105e-06 1.881e-02 2.705e-06 6.978e-03
8.000e+00 2.703e-06 1.791e-02 2.496e-06 7.426e-03
8.241e+00 2.548e-06 1.753e-02 2.412e-06 7.620e-03
9.000e+00 2.136e-06 1.646e-02 2.180e-06 8.206e-03
9.097e+00 2.091e-06 1.634e-02 2.153e-06 8.278e-03
1.000e+01 1.730e-06 1.525e-02 1.935e-06 8.916e-03
1.004e+01 1.716e-06 1.521e-02 1.926e-06 8.943e-03
1.100e+01 1.430e-06 1.423e-02 1.738e-06 9.562e-03
1.109e+01 1.407e-06 1.414e-02 1.722e-06 9.617e-03
1.200e+01 1.202e-06 1.334e-02 1.577e-06 1.016e-02
1.224e+01 1.155e-06 1.315e-02 1.543e-06 1.029e-02
1.300e+01 1.024e-06 1.257e-02 1.444e-06 1.070e-02
1.351e+01 9.481e-07 1.221e-02 1.385e-06 1.097e-02
1.400e+01 8.829e-07 1.189e-02 1.332e-06 1.122e-02
1.491e+01 7.784e-07 1.134e-02 1.243e-06 1.166e-02
1.500e+01 7.691e-07 1.129e-02 1.235e-06 1.171e-02
1.600e+01 6.760e-07 1.075e-02 1.151e-06 1.215e-02
1.646e+01 6.387e-07 1.052e-02 1.117e-06 1.236e-02
1.800e+01 5.341e-07 9.826e-03 1.014e-06 1.298e-02
1.818e+01 5.235e-07 9.751e-03 1.003e-06 1.305e-02
2.000e+01 4.326e-07 9.061e-03 9.061e-07 1.372e-02
