# POLYCHLOROSTYRENE from NIST Database
1.300e+00 0.000e+00 0.000e+00 0.000e+00 0.000e+00
1.000e+00 6.138e-02 3.500e+00 0.000e+00 0.000e+00
6.000e+00 5.798e-02 3.500e+00 0.000e+00 0.000e+00
1.700e+01 6.821e-03 3.500e+00 0.000e+00 0.000e+00
0.000e+00 0.000e+00 0.000e+00 0.000e+00 0.000e+00
1.000e-03 1.506e+00 1.398e-02 2.223e+03 0.000e+00
1.020e-03 1.500e+00 1.446e-02 2.105e+03 0.000e+00
1.126e-03 1.469e+00 1.716e-02 1.602e+03 0.000e+00
1.243e-03 1.436e+00 2.031e-02 1.219e+03 0.000e+00
1.372e-03 1.400e+00 2.394e-02 9.270e+02 0.000e+00
1.500e-03 1.362e+00 2.765e-02 7.227e+02 0.000e+00
1.515e-03 1.358e+00 2.809e-02 7.027e+02 0.000e+00
1.672e-03 1.309e+00 3.270e-02 5.315e+02 0.000e+00
1.846e-03 1.255e+00 3.781e-02 4.009e+02 0.000e+00
2.000e-03 1.207e+00 4.230e-02 3.188e+02 0.000e+00
2.038e-03 1.195e+00 4.340e-02 3.020e+02 0.000e+00
2.250e-03 1.130e+00 4.944e-02 2.269e+02 0.000e+00
2.483e-03 1.063e+00 5.586e-02 1.705e+02 0.000e+00
2.741e-03 9.937e-01 6.263e-02 1.279e+02 0.000e+00
2.822e-03 9.730e-01 6.468e-02 1.175e+02 0.000e+00
2.822e-03 9.730e-01 6.468e-02 4.703e+02 0.000e+00
3.000e-03 9.297e-01 6.902e-02 4.181e+02 0.000e+00
3.026e-03 9.236e-01 6.964e-02 4.106e+02 0.000e+00
3.341e-03 8.531e-01 7.678e-02 3.238e+02 0.000e+00
3.688e-03 7.840e-01 8.392e-02 2.465e+02 0.000e+00
4.000e-03 7.292e-01 8.970e-02 1.957e+02 0.000e+00
4.071e-03 7.176e-01 9.093e-02 1.863e+02 0.000e+00
4.494e-03 6.549e-01 9.771e-02 1.424e+02 0.000e+00
4.961e-03 5.964e-01 1.042e-01 1.093e+02 0.000e+00
5.000e-03 5.919e-01 1.047e-01 1.070e+02 0.000e+00
5.477e-03 5.422e-01 1.103e-01 8.337e+01 0.000e+00
6.000e-03 4.961e-01 1.156e-01 6.468e+01 0.000e+00
6.046e-03 4.924e-01 1.160e-01 6.332e+01 0.000e+00
6.675e-03 4.468e-01 1.213e-01 4.796e+01 0.000e+00
7.368e-03 4.049e-01 1.264e-01 3.628e+01 0.000e+00
8.000e-03 3.725e-01 1.304e-01 2.870e+01 0.000e+00
8.134e-03 3.662e-01 1.312e-01 2.737e+01 0.000e+00
8.979e-03 3.303e-01 1.357e-01 2.061e+01 0.000e+00
9.912e-03 2.966e-01 1.401e-01 1.548e+01 0.000e+00
1.000e-02 2.936e-01 1.405e-01 1.509e+01 0.000e+00
1.094e-02 2.649e-01 1.443e-01 1.161e+01 0.000e+00
1.208e-02 2.351e-01 1.484e-01 8.678e+00 0.000e+00
1.334e-02 2.073e-01 1.522e-01 6.473e+00 0.000e+00
1.472e-02 1.820e-01 1.558e-01 4.830e+00 0.000e+00
1.500e-02 1.773e-01 1.565e-01 4.566e+00 0.000e+00
1.625e-02 1.586e-01 1.592e-01 3.593e+00 0.000e+00
1.794e-02 1.375e-01 1.622e-01 2.668e+00 0.000e+00
1.980e-02 1.188e-01 1.648e-01 1.980e+00 0.000e+00
2.000e-02 1.170e-01 1.651e-01 1.920e+00 0.000e+00
2.186e-02 1.022e-01 1.671e-01 1.465e+00 0.000e+00
2.413e-02 8.761e-02 1.688e-01 1.083e+00 0.000e+00
2.664e-02 7.491e-02 1.702e-01 7.994e-01 0.000e+00
2.941e-02 6.392e-02 1.711e-01 5.891e-01 0.000e+00
3.000e-02 6.190e-02 1.712e-01 5.540e-01 0.000e+00
3.247e-02 5.443e-02 1.716e-01 4.334e-01 0.000e+00
3.584e-02 4.628e-02 1.717e-01 3.187e-01 0.000e+00
3.957e-02 3.924e-02 1.714e-01 2.339e-01 0.000e+00
4.000e-02 3.854e-02 1.713e-01 2.261e-01 0.000e+00
4.368e-02 3.321e-02 1.707e-01 1.716e-01 0.000e+00
4.822e-02 2.803e-02 1.698e-01 1.257e-01 0.000e+00
5.000e-02 2.633e-02 1.693e-01 1.122e-01 0.000e+00
5.323e-02 2.360e-02 1.684e-01 9.205e-02 0.000e+00
5.876e-02 1.982e-02 1.668e-01 6.732e-02 0.000e+00
6.000e-02 1.909e-02 1.664e-01 6.301e-02 0.000e+00
6.486e-02 1.660e-02 1.649e-01 4.922e-02 0.000e+00
7.161e-02 1.387e-02 1.626e-01 3.594e-02 0.000e+00
7.905e-02 1.156e-02 1.602e-01 2.625e-02 0.000e+00
8.000e-02 1.131e-02 1.598e-01 2.527e-02 0.000e+00
8.726e-02 9.624e-03 1.574e-01 1.916e-02 0.000e+00
9.633e-02 7.997e-03 1.545e-01 1.398e-02 0.000e+00
1.000e-01 7.454e-03 1.533e-01 1.241e-02 0.000e+00
1.063e-01 6.642e-03 1.513e-01 1.021e-02 0.000e+00
1.174e-01 5.501e-03 1.480e-01 7.443e-03 0.000e+00
1.296e-01 4.555e-03 1.445e-01 5.435e-03 0.000e+00
1.431e-01 3.767e-03 1.409e-01 3.969e-03 0.000e+00
1.500e-01 3.440e-03 1.391e-01 3.419e-03 0.000e+00
1.579e-01 3.116e-03 1.372e-01 2.907e-03 0.000e+00
1.743e-01 2.573e-03 1.333e-01 2.129e-03 0.000e+00
1.925e-01 2.121e-03 1.294e-01 1.560e-03 0.000e+00
2.000e-01 1.969e-03 1.279e-01 1.384e-03 0.000e+00
2.125e-01 1.749e-03 1.255e-01 1.147e-03 0.000e+00
2.345e-01 1.442e-03 1.215e-01 8.460e-04 0.000e+00
2.589e-01 1.187e-03 1.175e-01 6.253e-04 0.000e+00
2.858e-01 9.774e-04 1.135e-01 4.641e-04 0.000e+00
3.000e-01 8.882e-04 1.115e-01 4.016e-04 0.000e+00
3.155e-01 8.041e-04 1.095e-01 3.460e-04 0.000e+00
3.483e-01 6.611e-04 1.055e-01 2.592e-04 0.000e+00
3.845e-01 5.435e-04 1.016e-01 1.952e-04 0.000e+00
4.000e-01 5.025e-04 1.000e-01 1.745e-04 0.000e+00
4.245e-01 4.465e-04 9.770e-02 1.478e-04 0.000e+00
4.686e-01 3.669e-04 9.388e-02 1.128e-04 0.000e+00
5.000e-01 3.225e-04 9.140e-02 9.488e-05 0.000e+00
5.173e-01 3.014e-04 9.011e-02 8.679e-05 0.000e+00
5.710e-01 2.476e-04 8.640e-02 6.734e-05 0.000e+00
6.000e-01 2.243e-04 8.457e-02 5.940e-05 0.000e+00
6.304e-01 2.032e-04 8.276e-02 5.244e-05 0.000e+00
6.959e-01 1.669e-04 7.921e-02 4.113e-05 0.000e+00
7.682e-01 1.370e-04 7.572e-02 3.279e-05 0.000e+00
8.000e-01 1.264e-04 7.431e-02 3.009e-05 0.000e+00
8.480e-01 1.125e-04 7.230e-02 2.679e-05 0.000e+00
9.361e-01 9.234e-05 6.897e-02 2.191e-05 0.000e+00
1.000e+00 8.092e-05 6.683e-02 1.872e-05 0.000e+00
1.022e+00 7.747e-05 6.614e-02 1.768e-05 0.000e+00
1.033e+00 7.583e-05 6.580e-02 1.720e-05 4.106e-09
1.141e+00 6.217e-05 6.263e-02 1.399e-05 3.844e-06
1.250e+00 5.182e-05 5.977e-02 1.198e-05 2.056e-05
1.259e+00 5.108e-05 5.955e-02 1.183e-05 2.261e-05
1.390e+00 4.191e-05 5.656e-02 9.928e-06 6.348e-05
1.500e+00 3.599e-05 5.434e-02 8.662e-06 1.122e-04
1.535e+00 3.437e-05 5.367e-02 8.318e-06 1.301e-04
1.694e+00 2.823e-05 5.086e-02 7.038e-06 2.234e-04
1.870e+00 2.316e-05 4.814e-02 5.994e-06 3.448e-04
2.000e+00 2.025e-05 4.636e-02 5.388e-06 4.431e-04
2.044e+00 1.939e-05 4.579e-02 5.207e-06 4.776e-04
2.065e+00 1.900e-05 4.552e-02 5.125e-06 4.941e-04
2.279e+00 1.559e-05 4.301e-02 4.406e-06 6.675e-04
2.516e+00 1.280e-05 4.058e-02 3.806e-06 8.651e-04
2.778e+00 1.050e-05 3.823e-02 3.302e-06 1.086e-03
3.000e+00 9.001e-06 3.647e-02 2.965e-06 1.274e-03
3.066e+00 8.618e-06 3.599e-02 2.877e-06 1.329e-03
3.385e+00 7.071e-06 3.383e-02 2.513e-06 1.596e-03
3.737e+00 5.802e-06 3.178e-02 2.202e-06 1.883e-03
4.000e+00 5.064e-06 3.042e-02 2.015e-06 2.092e-03
4.125e+00 4.762e-06 2.982e-02 1.936e-06 2.189e-03
4.554e+00 3.907e-06 2.796e-02 1.706e-06 2.514e-03
5.000e+00 3.241e-06 2.627e-02 1.518e-06 2.837e-03
5.027e+00 3.207e-06 2.618e-02 1.508e-06 2.855e-03
5.549e+00 2.632e-06 2.449e-02 1.335e-06 3.217e-03
6.000e+00 2.251e-06 2.322e-02 1.214e-06 3.513e-03
6.126e+00 2.159e-06 2.289e-02 1.184e-06 3.595e-03
6.762e+00 1.772e-06 2.138e-02 1.053e-06 3.984e-03
7.000e+00 1.654e-06 2.087e-02 1.011e-06 4.123e-03
7.465e+00 1.454e-06 1.995e-02 9.375e-07 4.386e-03
8.000e+00 1.266e-06 1.900e-02 8.650e-07 4.676e-03
8.241e+00 1.193e-06 1.860e-02 8.358e-07 4.802e-03
9.000e+00 1.000e-06 1.746e-02 7.555e-07 5.180e-03
9.097e+00 9.792e-07 1.733e-02 7.464e-07 5.227e-03
1.000e+01 8.101e-07 1.618e-02 6.706e-07 5.640e-03
1.004e+01 8.037e-07 1.613e-02 6.676e-07 5.658e-03
1.100e+01 6.697e-07 1.509e-02 6.026e-07 6.061e-03
1.109e+01 6.588e-07 1.500e-02 5.972e-07 6.097e-03
1.200e+01 5.627e-07 1.415e-02 5.468e-07 6.447e-03
1.224e+01 5.409e-07 1.395e-02 5.350e-07 6.536e-03
1.300e+01 4.795e-07 1.333e-02 5.008e-07 6.808e-03
1.351e+01 4.440e-07 1.295e-02 4.802e-07 6.981e-03
1.400e+01 4.135e-07 1.261e-02 4.618e-07 7.144e-03
1.491e+01 3.645e-07 1.203e-02 4.311e-07 7.429e-03
1.500e+01 3.602e-07 1.198e-02 4.283e-07 7.456e-03
1.600e+01 3.166e-07 1.140e-02 3.993e-07 7.754e-03
1.646e+01 2.991e-07 1.116e-02 3.873e-07 7.885e-03
1.800e+01 2.501e-07 1.042e-02 3.517e-07 8.297e-03
1.818e+01 2.452e-07 1.034e-02 3.480e-07 8.342e-03
2.000e+01 2.026e-07 9.610e-03 3.143e-07 8.784e-03
