# PLATINUM from NIST Database
2.145e+01 0.000e+00 0.000e+00 0.000e+00 0.000e+00
7.800e+01 1.000e+00 3.500e+00 0.000e+00 0.000e+00
0.000e+00 0.000e+00 0.000e+00 0.000e+00 0.000e+00
1.000e-03 1.206e+01 3.368e-03 4.421e+03 0.000e+00
1.020e-03 1.204e+01 3.473e-03 4.250e+03 0.000e+00
1.126e-03 1.194e+01 4.048e-03 3.492e+03 0.000e+00
1.243e-03 1.184e+01 4.710e-03 2.869e+03 0.000e+00
1.372e-03 1.172e+01 5.459e-03 2.358e+03 0.000e+00
1.500e-03 1.160e+01 6.211e-03 1.975e+03 0.000e+00
1.515e-03 1.159e+01 6.299e-03 1.933e+03 0.000e+00
1.672e-03 1.143e+01 7.219e-03 1.567e+03 0.000e+00
1.846e-03 1.124e+01 8.233e-03 1.269e+03 0.000e+00
2.000e-03 1.106e+01 9.128e-03 1.069e+03 0.000e+00
2.038e-03 1.102e+01 9.349e-03 1.026e+03 0.000e+00
2.122e-03 1.092e+01 9.835e-03 9.397e+02 0.000e+00
2.122e-03 1.092e+01 9.835e-03 1.019e+03 0.000e+00
2.161e-03 1.087e+01 1.007e-02 1.529e+03 0.000e+00
2.202e-03 1.083e+01 1.030e-02 2.293e+03 0.000e+00
2.202e-03 1.083e+01 1.030e-02 2.441e+03 0.000e+00
2.250e-03 1.077e+01 1.058e-02 2.423e+03 0.000e+00
2.483e-03 1.051e+01 1.190e-02 2.344e+03 0.000e+00
2.645e-03 1.033e+01 1.282e-02 2.295e+03 0.000e+00
2.645e-03 1.033e+01 1.282e-02 2.651e+03 0.000e+00
2.741e-03 1.022e+01 1.336e-02 2.432e+03 0.000e+00
3.000e-03 9.922e+00 1.481e-02 1.955e+03 0.000e+00
3.026e-03 9.891e+00 1.495e-02 1.914e+03 0.000e+00
3.026e-03 9.891e+00 1.495e-02 1.913e+03 0.000e+00
3.026e-03 9.891e+00 1.495e-02 2.031e+03 0.000e+00
3.158e-03 9.742e+00 1.567e-02 1.837e+03 0.000e+00
3.296e-03 9.591e+00 1.642e-02 1.661e+03 0.000e+00
3.296e-03 9.591e+00 1.642e-02 1.732e+03 0.000e+00
3.341e-03 9.542e+00 1.666e-02 1.677e+03 0.000e+00
3.688e-03 9.168e+00 1.852e-02 1.325e+03 0.000e+00
4.000e-03 8.841e+00 2.017e-02 1.091e+03 0.000e+00
4.071e-03 8.769e+00 2.054e-02 1.045e+03 0.000e+00
4.494e-03 8.353e+00 2.273e-02 8.208e+02 0.000e+00
4.961e-03 7.922e+00 2.510e-02 6.444e+02 0.000e+00
5.000e-03 7.887e+00 2.530e-02 6.322e+02 0.000e+00
5.477e-03 7.477e+00 2.767e-02 5.036e+02 0.000e+00
6.000e-03 7.060e+00 3.019e-02 4.010e+02 0.000e+00
6.046e-03 7.025e+00 3.041e-02 3.933e+02 0.000e+00
6.675e-03 6.570e+00 3.334e-02 3.058e+02 0.000e+00
7.368e-03 6.116e+00 3.641e-02 2.379e+02 0.000e+00
8.000e-03 5.739e+00 3.905e-02 1.929e+02 0.000e+00
8.134e-03 5.663e+00 3.959e-02 1.848e+02 0.000e+00
8.979e-03 5.216e+00 4.285e-02 1.432e+02 0.000e+00
9.912e-03 4.780e+00 4.619e-02 1.109e+02 0.000e+00
1.000e-02 4.742e+00 4.649e-02 1.084e+02 0.000e+00
1.094e-02 4.358e+00 4.957e-02 8.582e+01 0.000e+00
1.156e-02 4.124e+00 5.146e-02 7.427e+01 0.000e+00
1.156e-02 4.124e+00 5.146e-02 1.905e+02 0.000e+00
1.208e-02 3.942e+00 5.293e-02 1.693e+02 0.000e+00
1.327e-02 3.562e+00 5.612e-02 1.313e+02 0.000e+00
1.327e-02 3.562e+00 5.612e-02 1.818e+02 0.000e+00
1.334e-02 3.543e+00 5.630e-02 1.796e+02 0.000e+00
1.388e-02 3.393e+00 5.770e-02 1.631e+02 0.000e+00
1.388e-02 3.393e+00 5.770e-02 1.886e+02 0.000e+00
1.472e-02 3.176e+00 5.978e-02 1.622e+02 0.000e+00
1.500e-02 3.109e+00 6.044e-02 1.546e+02 0.000e+00
1.625e-02 2.830e+00 6.327e-02 1.257e+02 0.000e+00
1.794e-02 2.509e+00 6.677e-02 9.732e+01 0.000e+00
1.980e-02 2.219e+00 7.025e-02 7.541e+01 0.000e+00
2.000e-02 2.191e+00 7.060e-02 7.347e+01 0.000e+00
2.186e-02 1.958e+00 7.373e-02 5.802e+01 0.000e+00
2.413e-02 1.726e+00 7.717e-02 4.463e+01 0.000e+00
2.664e-02 1.517e+00 8.053e-02 3.432e+01 0.000e+00
2.941e-02 1.329e+00 8.374e-02 2.639e+01 0.000e+00
3.000e-02 1.294e+00 8.437e-02 2.504e+01 0.000e+00
3.247e-02 1.161e+00 8.677e-02 2.021e+01 0.000e+00
3.584e-02 1.009e+00 8.955e-02 1.547e+01 0.000e+00
3.957e-02 8.731e-01 9.208e-02 1.184e+01 0.000e+00
4.000e-02 8.591e-01 9.233e-02 1.150e+01 0.000e+00
4.368e-02 7.519e-01 9.429e-02 9.039e+00 0.000e+00
4.822e-02 6.448e-01 9.619e-02 6.899e+00 0.000e+00
5.000e-02 6.091e-01 9.681e-02 6.248e+00 0.000e+00
5.323e-02 5.516e-01 9.777e-02 5.260e+00 0.000e+00
5.876e-02 4.711e-01 9.905e-02 4.008e+00 0.000e+00
6.000e-02 4.556e-01 9.928e-02 3.785e+00 0.000e+00
6.486e-02 4.023e-01 1.000e-01 3.051e+00 0.000e+00
7.161e-02 3.431e-01 1.007e-01 2.320e+00 0.000e+00
7.839e-02 2.962e-01 1.010e-01 1.806e+00 0.000e+00
7.839e-02 2.962e-01 1.010e-01 8.983e+00 0.000e+00
7.905e-02 2.922e-01 1.010e-01 8.712e+00 0.000e+00
8.000e-02 2.865e-01 1.010e-01 8.344e+00 0.000e+00
8.726e-02 2.482e-01 1.010e-01 6.425e+00 0.000e+00
9.633e-02 2.103e-01 1.008e-01 5.104e+00 0.000e+00
1.000e-01 1.974e-01 1.006e-01 4.695e+00 0.000e+00
1.063e-01 1.778e-01 1.003e-01 4.063e+00 0.000e+00
1.174e-01 1.496e-01 9.945e-02 3.149e+00 0.000e+00
1.296e-01 1.257e-01 9.835e-02 2.405e+00 0.000e+00
1.431e-01 1.054e-01 9.700e-02 1.825e+00 0.000e+00
1.500e-01 9.690e-02 9.628e-02 1.602e+00 0.000e+00
1.579e-01 8.840e-02 9.544e-02 1.392e+00 0.000e+00
1.743e-01 7.402e-02 9.367e-02 1.067e+00 0.000e+00
1.925e-01 6.189e-02 9.171e-02 8.198e-01 0.000e+00
2.000e-01 5.776e-02 9.091e-02 7.409e-01 0.000e+00
2.125e-01 5.175e-02 8.960e-02 6.307e-01 0.000e+00
2.345e-01 4.326e-02 8.737e-02 4.854e-01 0.000e+00
2.589e-01 3.610e-02 8.502e-02 3.734e-01 0.000e+00
2.858e-01 3.009e-02 8.259e-02 2.878e-01 0.000e+00
3.000e-01 2.751e-02 8.137e-02 2.536e-01 0.000e+00
3.155e-01 2.505e-02 8.010e-02 2.225e-01 0.000e+00
3.483e-01 2.082e-02 7.756e-02 1.726e-01 0.000e+00
3.845e-01 1.728e-02 7.499e-02 1.344e-01 0.000e+00
4.000e-01 1.604e-02 7.396e-02 1.218e-01 0.000e+00
4.245e-01 1.433e-02 7.241e-02 1.051e-01 0.000e+00
4.686e-01 1.187e-02 6.983e-02 8.252e-02 0.000e+00
5.000e-01 1.048e-02 6.813e-02 7.060e-02 0.000e+00
5.173e-01 9.819e-03 6.724e-02 6.511e-02 0.000e+00
5.710e-01 8.121e-03 6.464e-02 5.166e-02 0.000e+00
6.000e-01 7.381e-03 6.335e-02 4.609e-02 0.000e+00
6.304e-01 6.709e-03 6.206e-02 4.118e-02 0.000e+00
6.959e-01 5.541e-03 5.950e-02 3.300e-02 0.000e+00
7.682e-01 4.573e-03 5.699e-02 2.658e-02 0.000e+00
8.000e-01 4.226e-03 5.597e-02 2.437e-02 0.000e+00
8.480e-01 3.772e-03 5.452e-02 2.153e-02 0.000e+00
9.361e-01 3.109e-03 5.210e-02 1.754e-02 0.000e+00
1.000e+00 2.732e-03 5.050e-02 1.533e-02 0.000e+00
1.022e+00 2.617e-03 4.998e-02 1.468e-02 0.000e+00
1.033e+00 2.563e-03 4.972e-02 1.436e-02 8.024e-08
1.141e+00 2.109e-03 4.737e-02 1.180e-02 7.008e-05
1.250e+00 1.762e-03 4.526e-02 9.900e-03 3.510e-04
1.259e+00 1.737e-03 4.509e-02 9.766e-03 3.839e-04
1.390e+00 1.429e-03 4.286e-02 8.110e-03 9.991e-04
1.500e+00 1.229e-03 4.118e-02 7.054e-03 1.657e-03
1.535e+00 1.175e-03 4.068e-02 6.766e-03 1.882e-03
1.694e+00 9.668e-04 3.858e-02 5.681e-03 2.952e-03
1.870e+00 7.949e-04 3.654e-02 4.787e-03 4.166e-03
2.000e+00 6.952e-04 3.519e-02 4.269e-03 5.066e-03
2.044e+00 6.656e-04 3.476e-02 4.115e-03 5.371e-03
2.065e+00 6.521e-04 3.456e-02 4.045e-03 5.517e-03
2.279e+00 5.357e-04 3.265e-02 3.437e-03 6.960e-03
2.516e+00 4.400e-04 3.082e-02 2.933e-03 8.476e-03
2.778e+00 3.615e-04 2.905e-02 2.513e-03 1.006e-02
3.000e+00 3.102e-04 2.772e-02 2.235e-03 1.133e-02
3.066e+00 2.971e-04 2.736e-02 2.163e-03 1.169e-02
3.385e+00 2.439e-04 2.573e-02 1.866e-03 1.341e-02
3.737e+00 2.002e-04 2.417e-02 1.615e-03 1.520e-02
4.000e+00 1.748e-04 2.314e-02 1.465e-03 1.647e-02
4.125e+00 1.644e-04 2.268e-02 1.403e-03 1.705e-02
4.554e+00 1.349e-04 2.126e-02 1.222e-03 1.895e-02
5.000e+00 1.119e-04 1.999e-02 1.075e-03 2.079e-02
5.027e+00 1.107e-04 1.992e-02 1.067e-03 2.090e-02
5.549e+00 9.091e-05 1.864e-02 9.346e-04 2.289e-02
6.000e+00 7.776e-05 1.767e-02 8.431e-04 2.451e-02
6.126e+00 7.460e-05 1.742e-02 8.205e-04 2.495e-02
6.762e+00 6.123e-05 1.627e-02 7.221e-04 2.705e-02
7.000e+00 5.714e-05 1.588e-02 6.909e-04 2.780e-02
7.465e+00 5.026e-05 1.518e-02 6.367e-04 2.921e-02
8.000e+00 4.377e-05 1.446e-02 5.838e-04 3.076e-02
8.241e+00 4.125e-05 1.415e-02 5.626e-04 3.143e-02
9.000e+00 3.457e-05 1.329e-02 5.047e-04 3.346e-02
9.097e+00 3.384e-05 1.319e-02 4.982e-04 3.370e-02
1.000e+01 2.801e-05 1.231e-02 4.442e-04 3.593e-02
1.004e+01 2.779e-05 1.228e-02 4.421e-04 3.603e-02
1.100e+01 2.315e-05 1.149e-02 3.964e-04 3.822e-02
1.109e+01 2.278e-05 1.142e-02 3.925e-04 3.841e-02
1.200e+01 1.946e-05 1.077e-02 3.575e-04 4.035e-02
1.224e+01 1.870e-05 1.061e-02 3.493e-04 4.084e-02
1.300e+01 1.658e-05 1.015e-02 3.257e-04 4.235e-02
1.351e+01 1.535e-05 9.860e-03 3.115e-04 4.334e-02
1.400e+01 1.430e-05 9.601e-03 2.989e-04 4.424e-02
1.491e+01 1.260e-05 9.157e-03 2.780e-04 4.581e-02
1.500e+01 1.245e-05 9.116e-03 2.761e-04 4.596e-02
1.600e+01 1.095e-05 8.681e-03 2.565e-04 4.760e-02
1.646e+01 1.034e-05 8.495e-03 2.484e-04 4.831e-02
1.800e+01 8.650e-06 7.934e-03 2.245e-04 5.051e-02
1.818e+01 8.479e-06 7.873e-03 2.221e-04 5.076e-02
2.000e+01 7.004e-06 7.316e-03 1.996e-04 5.312e-02
