# PLUTONIUM from NIST Database
1.984e+01 0.000e+00 0.000e+00 0.000e+00 0.000e+00
9.400e+01 1.000e+00 3.500e+00 0.000e+00 0.000e+00
0.000e+00 0.000e+00 0.000e+00 0.000e+00 0.000e+00
1.000e-03 1.415e+01 4.439e-03 7.180e+03 0.000e+00
1.020e-03 1.413e+01 4.556e-03 6.933e+03 0.000e+00
1.115e-03 1.402e+01 5.114e-03 5.925e+03 0.000e+00
1.115e-03 1.402e+01 5.114e-03 6.303e+03 0.000e+00
1.126e-03 1.401e+01 5.179e-03 6.185e+03 0.000e+00
1.243e-03 1.387e+01 5.849e-03 5.129e+03 0.000e+00
1.372e-03 1.371e+01 6.585e-03 4.253e+03 0.000e+00
1.372e-03 1.371e+01 6.585e-03 4.252e+03 0.000e+00
1.372e-03 1.371e+01 6.585e-03 4.310e+03 0.000e+00
1.500e-03 1.355e+01 7.328e-03 3.607e+03 0.000e+00
1.515e-03 1.353e+01 7.415e-03 3.536e+03 0.000e+00
1.559e-03 1.347e+01 7.668e-03 3.340e+03 0.000e+00
1.559e-03 1.347e+01 7.668e-03 3.403e+03 0.000e+00
1.672e-03 1.333e+01 8.325e-03 2.940e+03 0.000e+00
1.846e-03 1.310e+01 9.329e-03 2.392e+03 0.000e+00
2.000e-03 1.290e+01 1.021e-02 2.024e+03 0.000e+00
2.038e-03 1.285e+01 1.043e-02 1.941e+03 0.000e+00
2.250e-03 1.257e+01 1.163e-02 1.561e+03 0.000e+00
2.483e-03 1.226e+01 1.294e-02 1.256e+03 0.000e+00
2.741e-03 1.192e+01 1.436e-02 1.010e+03 0.000e+00
3.000e-03 1.158e+01 1.577e-02 8.278e+02 0.000e+00
3.026e-03 1.155e+01 1.591e-02 8.116e+02 0.000e+00
3.341e-03 1.115e+01 1.757e-02 6.468e+02 0.000e+00
3.688e-03 1.072e+01 1.934e-02 5.157e+02 0.000e+00
3.778e-03 1.061e+01 1.979e-02 4.880e+02 0.000e+00
3.778e-03 1.061e+01 1.979e-02 1.170e+03 0.000e+00
3.874e-03 1.050e+01 2.026e-02 1.093e+03 0.000e+00
3.973e-03 1.038e+01 2.075e-02 1.022e+03 0.000e+00
3.973e-03 1.038e+01 2.075e-02 1.386e+03 0.000e+00
4.000e-03 1.035e+01 2.088e-02 1.416e+03 0.000e+00
4.071e-03 1.027e+01 2.123e-02 1.357e+03 0.000e+00
4.494e-03 9.798e+00 2.325e-02 1.069e+03 0.000e+00
4.557e-03 9.732e+00 2.354e-02 1.034e+03 0.000e+00
4.557e-03 9.732e+00 2.354e-02 1.205e+03 0.000e+00
4.961e-03 9.310e+00 2.537e-02 9.744e+02 0.000e+00
5.000e-03 9.271e+00 2.554e-02 9.555e+02 0.000e+00
5.477e-03 8.809e+00 2.762e-02 7.566e+02 0.000e+00
5.541e-03 8.749e+00 2.789e-02 7.343e+02 0.000e+00
5.541e-03 8.749e+00 2.789e-02 7.792e+02 0.000e+00
5.734e-03 8.574e+00 2.868e-02 7.162e+02 0.000e+00
5.933e-03 8.399e+00 2.950e-02 6.583e+02 0.000e+00
5.933e-03 8.399e+00 2.950e-02 6.865e+02 0.000e+00
6.000e-03 8.341e+00 2.978e-02 6.676e+02 0.000e+00
6.046e-03 8.302e+00 2.997e-02 6.551e+02 0.000e+00
6.675e-03 7.791e+00 3.246e-02 5.132e+02 0.000e+00
7.368e-03 7.282e+00 3.504e-02 4.022e+02 0.000e+00
8.000e-03 6.860e+00 3.728e-02 3.282e+02 0.000e+00
8.134e-03 6.775e+00 3.775e-02 3.149e+02 0.000e+00
8.979e-03 6.274e+00 4.060e-02 2.458e+02 0.000e+00
9.912e-03 5.784e+00 4.361e-02 1.919e+02 0.000e+00
1.000e-02 5.741e+00 4.388e-02 1.877e+02 0.000e+00
1.094e-02 5.310e+00 4.675e-02 1.493e+02 0.000e+00
1.208e-02 4.851e+00 5.001e-02 1.159e+02 0.000e+00
1.334e-02 4.408e+00 5.336e-02 8.996e+01 0.000e+00
1.472e-02 3.988e+00 5.670e-02 6.997e+01 0.000e+00
1.500e-02 3.910e+00 5.734e-02 6.668e+01 0.000e+00
1.625e-02 3.586e+00 6.003e-02 5.422e+01 0.000e+00
1.794e-02 3.208e+00 6.332e-02 4.199e+01 0.000e+00
1.806e-02 3.184e+00 6.353e-02 4.129e+01 0.000e+00
1.806e-02 3.184e+00 6.353e-02 9.787e+01 0.000e+00
1.980e-02 2.858e+00 6.656e-02 7.624e+01 0.000e+00
2.000e-02 2.824e+00 6.688e-02 7.419e+01 0.000e+00
2.186e-02 2.533e+00 6.976e-02 5.833e+01 0.000e+00
2.227e-02 2.475e+00 7.034e-02 5.550e+01 0.000e+00
2.227e-02 2.475e+00 7.034e-02 7.915e+01 0.000e+00
2.268e-02 2.419e+00 7.090e-02 7.545e+01 0.000e+00
2.310e-02 2.363e+00 7.147e-02 7.192e+01 0.000e+00
2.310e-02 2.363e+00 7.147e-02 8.296e+01 0.000e+00
2.413e-02 2.233e+00 7.280e-02 7.425e+01 0.000e+00
2.664e-02 1.958e+00 7.577e-02 5.779e+01 0.000e+00
2.941e-02 1.712e+00 7.864e-02 4.498e+01 0.000e+00
3.000e-02 1.666e+00 7.920e-02 4.278e+01 0.000e+00
3.247e-02 1.495e+00 8.141e-02 3.483e+01 0.000e+00
3.584e-02 1.305e+00 8.404e-02 2.695e+01 0.000e+00
3.957e-02 1.136e+00 8.650e-02 2.084e+01 0.000e+00
4.000e-02 1.119e+00 8.676e-02 2.027e+01 0.000e+00
4.368e-02 9.872e-01 8.876e-02 1.608e+01 0.000e+00
4.822e-02 8.541e-01 9.077e-02 1.240e+01 0.000e+00
5.000e-02 8.089e-01 9.145e-02 1.127e+01 0.000e+00
5.323e-02 7.353e-01 9.252e-02 9.547e+00 0.000e+00
5.876e-02 6.301e-01 9.397e-02 7.344e+00 0.000e+00
6.000e-02 6.096e-01 9.424e-02 6.948e+00 0.000e+00
6.486e-02 5.383e-01 9.511e-02 5.642e+00 0.000e+00
7.161e-02 4.586e-01 9.594e-02 4.330e+00 0.000e+00
7.905e-02 3.904e-01 9.644e-02 3.324e+00 0.000e+00
8.000e-02 3.829e-01 9.648e-02 3.220e+00 0.000e+00
8.726e-02 3.324e-01 9.665e-02 2.549e+00 0.000e+00
9.633e-02 2.827e-01 9.656e-02 1.953e+00 0.000e+00
1.000e-01 2.658e-01 9.646e-02 1.766e+00 0.000e+00
1.063e-01 2.401e-01 9.621e-02 1.498e+00 0.000e+00
1.174e-01 2.031e-01 9.560e-02 1.147e+00 0.000e+00
1.218e-01 1.907e-01 9.530e-02 1.038e+00 0.000e+00
1.218e-01 1.907e-01 9.530e-02 4.303e+00 0.000e+00
1.296e-01 1.716e-01 9.472e-02 3.680e+00 0.000e+00
1.431e-01 1.447e-01 9.358e-02 2.864e+00 0.000e+00
1.500e-01 1.333e-01 9.296e-02 2.542e+00 0.000e+00
1.579e-01 1.218e-01 9.223e-02 2.231e+00 0.000e+00
1.743e-01 1.022e-01 9.067e-02 1.736e+00 0.000e+00
1.925e-01 8.556e-02 8.892e-02 1.348e+00 0.000e+00
2.000e-01 7.988e-02 8.820e-02 1.223e+00 0.000e+00
2.125e-01 7.163e-02 8.700e-02 1.048e+00 0.000e+00
2.345e-01 5.998e-02 8.494e-02 8.156e-01 0.000e+00
2.589e-01 5.015e-02 8.274e-02 6.348e-01 0.000e+00
2.858e-01 4.191e-02 8.045e-02 4.952e-01 0.000e+00
3.000e-01 3.837e-02 7.930e-02 4.388e-01 0.000e+00
3.155e-01 3.500e-02 7.809e-02 3.873e-01 0.000e+00
3.483e-01 2.920e-02 7.568e-02 3.038e-01 0.000e+00
3.845e-01 2.433e-02 7.324e-02 2.392e-01 0.000e+00
4.000e-01 2.261e-02 7.225e-02 2.176e-01 0.000e+00
4.245e-01 2.025e-02 7.076e-02 1.889e-01 0.000e+00
4.686e-01 1.683e-02 6.827e-02 1.498e-01 0.000e+00
5.000e-01 1.490e-02 6.663e-02 1.289e-01 0.000e+00
5.173e-01 1.397e-02 6.577e-02 1.193e-01 0.000e+00
5.710e-01 1.159e-02 6.327e-02 9.541e-02 0.000e+00
6.000e-01 1.055e-02 6.202e-02 8.545e-02 0.000e+00
6.304e-01 9.600e-03 6.078e-02 7.664e-02 0.000e+00
6.959e-01 7.948e-03 5.833e-02 6.186e-02 0.000e+00
7.682e-01 6.575e-03 5.589e-02 5.011e-02 0.000e+00
8.000e-01 6.081e-03 5.489e-02 4.600e-02 0.000e+00
8.480e-01 5.435e-03 5.347e-02 4.071e-02 0.000e+00
9.361e-01 4.490e-03 5.108e-02 3.323e-02 0.000e+00
1.000e+00 3.950e-03 4.953e-02 2.915e-02 0.000e+00
1.022e+00 3.786e-03 4.902e-02 2.794e-02 0.000e+00
1.033e+00 3.708e-03 4.878e-02 2.736e-02 9.449e-08
1.141e+00 3.055e-03 4.648e-02 2.253e-02 8.851e-05
1.250e+00 2.557e-03 4.441e-02 1.888e-02 4.678e-04
1.259e+00 2.521e-03 4.425e-02 1.862e-02 5.135e-04
1.390e+00 2.078e-03 4.208e-02 1.545e-02 1.386e-03
1.500e+00 1.790e-03 4.046e-02 1.342e-02 2.327e-03
1.535e+00 1.711e-03 3.997e-02 1.287e-02 2.645e-03
1.694e+00 1.410e-03 3.793e-02 1.080e-02 4.108e-03
1.870e+00 1.160e-03 3.592e-02 9.091e-03 5.671e-03
2.000e+00 1.016e-03 3.459e-02 8.107e-03 6.782e-03
2.044e+00 9.732e-04 3.416e-02 7.814e-03 7.154e-03
2.065e+00 9.537e-04 3.396e-02 7.682e-03 7.331e-03
2.279e+00 7.846e-04 3.208e-02 6.523e-03 9.051e-03
2.516e+00 6.450e-04 3.028e-02 5.558e-03 1.080e-02
2.778e+00 5.300e-04 2.855e-02 4.753e-03 1.258e-02
3.000e+00 4.550e-04 2.726e-02 4.220e-03 1.398e-02
3.066e+00 4.357e-04 2.690e-02 4.082e-03 1.438e-02
3.385e+00 3.579e-04 2.530e-02 3.516e-03 1.625e-02
3.737e+00 2.939e-04 2.376e-02 3.039e-03 1.816e-02
4.000e+00 2.567e-04 2.275e-02 2.753e-03 1.952e-02
4.125e+00 2.415e-04 2.230e-02 2.635e-03 2.014e-02
4.554e+00 1.983e-04 2.091e-02 2.290e-03 2.218e-02
5.000e+00 1.646e-04 1.965e-02 2.012e-03 2.416e-02
5.027e+00 1.628e-04 1.958e-02 1.997e-03 2.427e-02
5.549e+00 1.337e-04 1.832e-02 1.746e-03 2.639e-02
6.000e+00 1.144e-04 1.737e-02 1.573e-03 2.811e-02
6.126e+00 1.097e-04 1.713e-02 1.530e-03 2.857e-02
6.762e+00 9.010e-05 1.600e-02 1.344e-03 3.084e-02
7.000e+00 8.409e-05 1.562e-02 1.285e-03 3.165e-02
7.465e+00 7.396e-05 1.493e-02 1.183e-03 3.317e-02
8.000e+00 6.442e-05 1.422e-02 1.084e-03 3.484e-02
8.241e+00 6.071e-05 1.392e-02 1.044e-03 3.557e-02
9.000e+00 5.091e-05 1.307e-02 9.356e-04 3.778e-02
9.097e+00 4.983e-05 1.297e-02 9.233e-04 3.804e-02
1.000e+01 4.124e-05 1.211e-02 8.223e-04 4.048e-02
1.004e+01 4.091e-05 1.207e-02 8.183e-04 4.058e-02
1.100e+01 3.408e-05 1.129e-02 7.326e-04 4.301e-02
1.109e+01 3.353e-05 1.123e-02 7.254e-04 4.323e-02
1.200e+01 2.864e-05 1.059e-02 6.603e-04 4.536e-02
1.224e+01 2.753e-05 1.044e-02 6.450e-04 4.588e-02
1.300e+01 2.441e-05 9.978e-03 6.008e-04 4.753e-02
1.351e+01 2.260e-05 9.696e-03 5.743e-04 4.859e-02
1.400e+01 2.105e-05 9.442e-03 5.509e-04 4.959e-02
1.491e+01 1.856e-05 9.004e-03 5.122e-04 5.134e-02
1.500e+01 1.834e-05 8.963e-03 5.086e-04 5.151e-02
1.600e+01 1.612e-05 8.537e-03 4.721e-04 5.330e-02
1.646e+01 1.523e-05 8.356e-03 4.570e-04 5.409e-02
1.800e+01 1.274e-05 7.802e-03 4.129e-04 5.657e-02
1.818e+01 1.249e-05 7.742e-03 4.083e-04 5.685e-02
2.000e+01 1.032e-05 7.195e-03 3.668e-04 5.949e-02
