# Pyrex Glass from NIST Database
2.230e+00 0.000e+00 0.000e+00 0.000e+00 0.000e+00
5.000e+00 3.706e-03 3.500e+00 0.000e+00 0.000e+00
8.000e+00 3.372e-02 3.500e+00 0.000e+00 0.000e+00
1.100e+01 1.226e-03 3.500e+00 0.000e+00 0.000e+00
1.300e+01 4.315e-04 3.500e+00 0.000e+00 0.000e+00
1.400e+01 1.343e-02 3.500e+00 0.000e+00 0.000e+00
1.900e+01 8.494e-05 3.500e+00 0.000e+00 0.000e+00
0.000e+00 0.000e+00 0.000e+00 0.000e+00 0.000e+00
1.000e-03 1.888e+00 1.077e-02 3.162e+03 0.000e+00
1.020e-03 1.881e+00 1.113e-02 3.000e+03 0.000e+00
1.072e-03 1.863e+00 1.209e-02 2.628e+03 0.000e+00
1.072e-03 1.863e+00 1.209e-02 2.794e+03 0.000e+00
1.126e-03 1.846e+00 1.311e-02 2.457e+03 0.000e+00
1.243e-03 1.808e+00 1.542e-02 1.896e+03 0.000e+00
1.372e-03 1.767e+00 1.805e-02 1.461e+03 0.000e+00
1.500e-03 1.725e+00 2.072e-02 1.150e+03 0.000e+00
1.515e-03 1.720e+00 2.103e-02 1.120e+03 0.000e+00
1.560e-03 1.705e+00 2.197e-02 1.035e+03 0.000e+00
1.560e-03 1.705e+00 2.197e-02 1.077e+03 0.000e+00
1.672e-03 1.666e+00 2.432e-02 8.915e+02 0.000e+00
1.839e-03 1.609e+00 2.782e-02 6.867e+02 0.000e+00
1.839e-03 1.609e+00 2.782e-02 1.774e+03 0.000e+00
1.846e-03 1.607e+00 2.797e-02 1.761e+03 0.000e+00
2.000e-03 1.555e+00 3.119e-02 1.499e+03 0.000e+00
2.038e-03 1.542e+00 3.198e-02 1.439e+03 0.000e+00
2.250e-03 1.473e+00 3.633e-02 1.136e+03 0.000e+00
2.483e-03 1.400e+00 4.100e-02 8.735e+02 0.000e+00
2.741e-03 1.324e+00 4.599e-02 6.607e+02 0.000e+00
3.000e-03 1.252e+00 5.080e-02 5.110e+02 0.000e+00
3.026e-03 1.245e+00 5.127e-02 4.987e+02 0.000e+00
3.341e-03 1.165e+00 5.678e-02 3.790e+02 0.000e+00
3.607e-03 1.103e+00 6.119e-02 3.074e+02 0.000e+00
3.607e-03 1.103e+00 6.119e-02 3.110e+02 0.000e+00
3.688e-03 1.085e+00 6.248e-02 2.928e+02 0.000e+00
4.000e-03 1.020e+00 6.729e-02 2.344e+02 0.000e+00
4.071e-03 1.006e+00 6.834e-02 2.233e+02 0.000e+00
4.494e-03 9.276e-01 7.431e-02 1.693e+02 0.000e+00
4.961e-03 8.515e-01 8.034e-02 1.279e+02 0.000e+00
5.000e-03 8.456e-01 8.081e-02 1.251e+02 0.000e+00
5.477e-03 7.780e-01 8.635e-02 9.643e+01 0.000e+00
6.000e-03 7.127e-01 9.185e-02 7.419e+01 0.000e+00
6.046e-03 7.074e-01 9.231e-02 7.258e+01 0.000e+00
6.675e-03 6.395e-01 9.817e-02 5.448e+01 0.000e+00
7.368e-03 5.750e-01 1.039e-01 4.084e+01 0.000e+00
8.000e-03 5.241e-01 1.085e-01 3.206e+01 0.000e+00
8.134e-03 5.141e-01 1.094e-01 3.053e+01 0.000e+00
8.979e-03 4.570e-01 1.147e-01 2.279e+01 0.000e+00
9.912e-03 4.042e-01 1.198e-01 1.697e+01 0.000e+00
1.000e-02 3.997e-01 1.203e-01 1.653e+01 0.000e+00
1.094e-02 3.558e-01 1.247e-01 1.263e+01 0.000e+00
1.208e-02 3.117e-01 1.293e-01 9.365e+00 0.000e+00
1.334e-02 2.721e-01 1.336e-01 6.932e+00 0.000e+00
1.472e-02 2.370e-01 1.376e-01 5.135e+00 0.000e+00
1.500e-02 2.307e-01 1.384e-01 4.848e+00 0.000e+00
1.625e-02 2.057e-01 1.414e-01 3.793e+00 0.000e+00
1.794e-02 1.782e-01 1.447e-01 2.796e+00 0.000e+00
1.980e-02 1.540e-01 1.477e-01 2.061e+00 0.000e+00
2.000e-02 1.517e-01 1.480e-01 1.997e+00 0.000e+00
2.186e-02 1.327e-01 1.504e-01 1.515e+00 0.000e+00
2.413e-02 1.140e-01 1.526e-01 1.113e+00 0.000e+00
2.664e-02 9.775e-02 1.545e-01 8.161e-01 0.000e+00
2.941e-02 8.356e-02 1.560e-01 5.978e-01 0.000e+00
3.000e-02 8.094e-02 1.563e-01 5.615e-01 0.000e+00
3.247e-02 7.122e-02 1.571e-01 4.373e-01 0.000e+00
3.584e-02 6.055e-02 1.578e-01 3.197e-01 0.000e+00
3.957e-02 5.131e-02 1.582e-01 2.334e-01 0.000e+00
4.000e-02 5.038e-02 1.582e-01 2.255e-01 0.000e+00
4.368e-02 4.335e-02 1.581e-01 1.703e-01 0.000e+00
4.822e-02 3.653e-02 1.576e-01 1.242e-01 0.000e+00
5.000e-02 3.428e-02 1.574e-01 1.105e-01 0.000e+00
5.323e-02 3.070e-02 1.568e-01 9.044e-02 0.000e+00
5.876e-02 2.574e-02 1.557e-01 6.583e-02 0.000e+00
6.000e-02 2.479e-02 1.554e-01 6.155e-02 0.000e+00
6.486e-02 2.153e-02 1.542e-01 4.791e-02 0.000e+00
7.161e-02 1.797e-02 1.524e-01 3.482e-02 0.000e+00
7.905e-02 1.497e-02 1.503e-01 2.532e-02 0.000e+00
8.000e-02 1.465e-02 1.500e-01 2.436e-02 0.000e+00
8.726e-02 1.246e-02 1.479e-01 1.840e-02 0.000e+00
9.633e-02 1.036e-02 1.453e-01 1.337e-02 0.000e+00
1.000e-01 9.652e-03 1.442e-01 1.185e-02 0.000e+00
1.063e-01 8.600e-03 1.425e-01 9.732e-03 0.000e+00
1.174e-01 7.122e-03 1.394e-01 7.065e-03 0.000e+00
1.296e-01 5.896e-03 1.363e-01 5.140e-03 0.000e+00
1.431e-01 4.873e-03 1.329e-01 3.739e-03 0.000e+00
1.500e-01 4.450e-03 1.313e-01 3.216e-03 0.000e+00
1.579e-01 4.029e-03 1.295e-01 2.729e-03 0.000e+00
1.743e-01 3.326e-03 1.259e-01 1.992e-03 0.000e+00
1.925e-01 2.740e-03 1.222e-01 1.455e-03 0.000e+00
2.000e-01 2.543e-03 1.208e-01 1.290e-03 0.000e+00
2.125e-01 2.258e-03 1.185e-01 1.067e-03 0.000e+00
2.345e-01 1.861e-03 1.148e-01 7.850e-04 0.000e+00
2.589e-01 1.531e-03 1.110e-01 5.789e-04 0.000e+00
2.858e-01 1.260e-03 1.073e-01 4.287e-04 0.000e+00
3.000e-01 1.145e-03 1.054e-01 3.706e-04 0.000e+00
3.155e-01 1.036e-03 1.035e-01 3.189e-04 0.000e+00
3.483e-01 8.517e-04 9.977e-02 2.383e-04 0.000e+00
3.845e-01 6.999e-04 9.607e-02 1.791e-04 0.000e+00
4.000e-01 6.471e-04 9.460e-02 1.601e-04 0.000e+00
4.245e-01 5.749e-04 9.240e-02 1.354e-04 0.000e+00
4.686e-01 4.723e-04 8.880e-02 1.032e-04 0.000e+00
5.000e-01 4.151e-04 8.646e-02 8.676e-05 0.000e+00
5.173e-01 3.879e-04 8.524e-02 7.935e-05 0.000e+00
5.710e-01 3.186e-04 8.174e-02 6.152e-05 0.000e+00
6.000e-01 2.886e-04 8.001e-02 5.423e-05 0.000e+00
6.304e-01 2.615e-04 7.830e-02 4.784e-05 0.000e+00
6.959e-01 2.147e-04 7.494e-02 3.747e-05 0.000e+00
7.682e-01 1.763e-04 7.165e-02 2.987e-05 0.000e+00
8.000e-01 1.626e-04 7.033e-02 2.744e-05 0.000e+00
8.480e-01 1.447e-04 6.844e-02 2.448e-05 0.000e+00
9.361e-01 1.188e-04 6.531e-02 2.005e-05 0.000e+00
1.000e+00 1.041e-04 6.325e-02 1.706e-05 0.000e+00
1.022e+00 9.967e-05 6.258e-02 1.607e-05 0.000e+00
1.033e+00 9.756e-05 6.226e-02 1.562e-05 5.055e-09
1.141e+00 7.999e-05 5.925e-02 1.267e-05 4.748e-06
1.250e+00 6.665e-05 5.657e-02 1.089e-05 2.546e-05
1.259e+00 6.570e-05 5.636e-02 1.076e-05 2.800e-05
1.390e+00 5.390e-05 5.352e-02 9.040e-06 7.875e-05
1.500e+00 4.629e-05 5.141e-02 7.885e-06 1.393e-04
1.535e+00 4.420e-05 5.078e-02 7.572e-06 1.616e-04
1.694e+00 3.629e-05 4.815e-02 6.412e-06 2.778e-04
1.870e+00 2.978e-05 4.559e-02 5.470e-06 4.291e-04
2.000e+00 2.604e-05 4.388e-02 4.924e-06 5.514e-04
2.044e+00 2.493e-05 4.333e-02 4.761e-06 5.942e-04
2.065e+00 2.443e-05 4.308e-02 4.686e-06 6.149e-04
2.279e+00 2.006e-05 4.067e-02 4.036e-06 8.305e-04
2.516e+00 1.646e-05 3.837e-02 3.490e-06 1.076e-03
2.778e+00 1.350e-05 3.617e-02 3.030e-06 1.351e-03
3.000e+00 1.158e-05 3.452e-02 2.723e-06 1.583e-03
3.066e+00 1.108e-05 3.406e-02 2.643e-06 1.651e-03
3.385e+00 9.092e-06 3.203e-02 2.312e-06 1.980e-03
3.737e+00 7.461e-06 3.008e-02 2.028e-06 2.334e-03
4.000e+00 6.512e-06 2.880e-02 1.857e-06 2.591e-03
4.125e+00 6.123e-06 2.823e-02 1.785e-06 2.711e-03
4.554e+00 5.024e-06 2.646e-02 1.575e-06 3.109e-03
5.000e+00 4.168e-06 2.487e-02 1.403e-06 3.505e-03
5.027e+00 4.123e-06 2.478e-02 1.393e-06 3.529e-03
5.549e+00 3.384e-06 2.318e-02 1.235e-06 3.970e-03
6.000e+00 2.894e-06 2.198e-02 1.124e-06 4.333e-03
6.126e+00 2.777e-06 2.167e-02 1.096e-06 4.431e-03
6.762e+00 2.279e-06 2.024e-02 9.755e-07 4.906e-03
7.000e+00 2.127e-06 1.976e-02 9.368e-07 5.075e-03
7.465e+00 1.870e-06 1.888e-02 8.692e-07 5.395e-03
8.000e+00 1.628e-06 1.798e-02 8.025e-07 5.748e-03
8.241e+00 1.534e-06 1.760e-02 7.756e-07 5.901e-03
9.000e+00 1.286e-06 1.653e-02 7.015e-07 6.360e-03
9.097e+00 1.259e-06 1.640e-02 6.930e-07 6.417e-03
1.000e+01 1.042e-06 1.531e-02 6.230e-07 6.918e-03
1.004e+01 1.034e-06 1.527e-02 6.202e-07 6.940e-03
1.100e+01 8.611e-07 1.428e-02 5.602e-07 7.427e-03
1.109e+01 8.472e-07 1.420e-02 5.551e-07 7.471e-03
1.200e+01 7.236e-07 1.340e-02 5.088e-07 7.896e-03
1.224e+01 6.955e-07 1.320e-02 4.978e-07 8.004e-03
1.300e+01 6.166e-07 1.262e-02 4.659e-07 8.332e-03
1.351e+01 5.709e-07 1.226e-02 4.468e-07 8.542e-03
1.400e+01 5.316e-07 1.194e-02 4.298e-07 8.737e-03
1.491e+01 4.687e-07 1.139e-02 4.014e-07 9.085e-03
1.500e+01 4.631e-07 1.133e-02 3.988e-07 9.118e-03
1.600e+01 4.070e-07 1.079e-02 3.720e-07 9.476e-03
1.646e+01 3.845e-07 1.056e-02 3.608e-07 9.635e-03
1.800e+01 3.216e-07 9.864e-03 3.278e-07 1.013e-02
1.818e+01 3.152e-07 9.789e-03 3.243e-07 1.019e-02
2.000e+01 2.605e-07 9.097e-03 2.930e-07 1.072e-02
