# PYRIDINE from NIST Database
9.819e-01 0.000e+00 0.000e+00 0.000e+00 0.000e+00
1.000e+00 6.320e-02 3.500e+00 0.000e+00 0.000e+00
6.000e+00 6.322e-02 3.500e+00 0.000e+00 0.000e+00
7.000e+00 1.264e-02 3.500e+00 0.000e+00 0.000e+00
0.000e+00 0.000e+00 0.000e+00 0.000e+00 0.000e+00
1.000e-03 1.070e+00 1.474e-02 2.264e+03 0.000e+00
1.020e-03 1.065e+00 1.526e-02 2.142e+03 0.000e+00
1.126e-03 1.040e+00 1.812e-02 1.625e+03 0.000e+00
1.243e-03 1.014e+00 2.146e-02 1.231e+03 0.000e+00
1.372e-03 9.848e-01 2.532e-02 9.316e+02 0.000e+00
1.500e-03 9.549e-01 2.927e-02 7.226e+02 0.000e+00
1.515e-03 9.514e-01 2.974e-02 7.023e+02 0.000e+00
1.672e-03 9.131e-01 3.467e-02 5.286e+02 0.000e+00
1.846e-03 8.702e-01 4.015e-02 3.963e+02 0.000e+00
2.000e-03 8.324e-01 4.497e-02 3.134e+02 0.000e+00
2.038e-03 8.232e-01 4.615e-02 2.965e+02 0.000e+00
2.250e-03 7.731e-01 5.265e-02 2.214e+02 0.000e+00
2.483e-03 7.208e-01 5.957e-02 1.652e+02 0.000e+00
2.741e-03 6.670e-01 6.688e-02 1.229e+02 0.000e+00
3.000e-03 6.174e-01 7.379e-02 9.371e+01 0.000e+00
3.026e-03 6.126e-01 7.446e-02 9.130e+01 0.000e+00
3.341e-03 5.585e-01 8.219e-02 6.766e+01 0.000e+00
3.688e-03 5.061e-01 8.990e-02 5.009e+01 0.000e+00
4.000e-03 4.648e-01 9.614e-02 3.907e+01 0.000e+00
4.071e-03 4.561e-01 9.747e-02 3.702e+01 0.000e+00
4.494e-03 4.091e-01 1.048e-01 2.731e+01 0.000e+00
4.961e-03 3.658e-01 1.117e-01 2.012e+01 0.000e+00
5.000e-03 3.625e-01 1.122e-01 1.963e+01 0.000e+00
5.477e-03 3.263e-01 1.182e-01 1.479e+01 0.000e+00
6.000e-03 2.933e-01 1.238e-01 1.112e+01 0.000e+00
6.046e-03 2.907e-01 1.242e-01 1.086e+01 0.000e+00
6.675e-03 2.587e-01 1.298e-01 7.958e+00 0.000e+00
7.368e-03 2.303e-01 1.350e-01 5.827e+00 0.000e+00
8.000e-03 2.090e-01 1.390e-01 4.489e+00 0.000e+00
8.134e-03 2.050e-01 1.398e-01 4.259e+00 0.000e+00
8.979e-03 1.824e-01 1.444e-01 3.109e+00 0.000e+00
9.912e-03 1.623e-01 1.487e-01 2.267e+00 0.000e+00
1.000e-02 1.605e-01 1.490e-01 2.204e+00 0.000e+00
1.094e-02 1.441e-01 1.527e-01 1.652e+00 0.000e+00
1.208e-02 1.276e-01 1.566e-01 1.200e+00 0.000e+00
1.334e-02 1.125e-01 1.602e-01 8.711e-01 0.000e+00
1.472e-02 9.887e-02 1.635e-01 6.330e-01 0.000e+00
1.500e-02 9.640e-02 1.641e-01 5.954e-01 0.000e+00
1.625e-02 8.637e-02 1.666e-01 4.588e-01 0.000e+00
1.794e-02 7.502e-02 1.694e-01 3.322e-01 0.000e+00
1.980e-02 6.482e-02 1.718e-01 2.405e-01 0.000e+00
2.000e-02 6.384e-02 1.720e-01 2.327e-01 0.000e+00
2.186e-02 5.568e-02 1.737e-01 1.738e-01 0.000e+00
2.413e-02 4.761e-02 1.753e-01 1.256e-01 0.000e+00
2.664e-02 4.052e-02 1.764e-01 9.062e-02 0.000e+00
2.941e-02 3.436e-02 1.770e-01 6.535e-02 0.000e+00
3.000e-02 3.323e-02 1.771e-01 6.120e-02 0.000e+00
3.247e-02 2.905e-02 1.772e-01 4.709e-02 0.000e+00
3.584e-02 2.450e-02 1.771e-01 3.394e-02 0.000e+00
3.957e-02 2.060e-02 1.765e-01 2.443e-02 0.000e+00
4.000e-02 2.021e-02 1.764e-01 2.357e-02 0.000e+00
4.368e-02 1.729e-02 1.755e-01 1.759e-02 0.000e+00
4.822e-02 1.447e-02 1.742e-01 1.266e-02 0.000e+00
5.000e-02 1.355e-02 1.737e-01 1.122e-02 0.000e+00
5.323e-02 1.209e-02 1.726e-01 9.106e-03 0.000e+00
5.876e-02 1.009e-02 1.707e-01 6.550e-03 0.000e+00
6.000e-02 9.703e-03 1.702e-01 6.109e-03 0.000e+00
6.486e-02 8.396e-03 1.685e-01 4.712e-03 0.000e+00
7.161e-02 6.974e-03 1.660e-01 3.387e-03 0.000e+00
7.905e-02 5.785e-03 1.633e-01 2.436e-03 0.000e+00
8.000e-02 5.655e-03 1.630e-01 2.341e-03 0.000e+00
8.726e-02 4.791e-03 1.604e-01 1.753e-03 0.000e+00
9.633e-02 3.962e-03 1.572e-01 1.261e-03 0.000e+00
1.000e-01 3.686e-03 1.560e-01 1.114e-03 0.000e+00
1.063e-01 3.275e-03 1.539e-01 9.096e-04 0.000e+00
1.174e-01 2.700e-03 1.504e-01 6.548e-04 0.000e+00
1.296e-01 2.226e-03 1.467e-01 4.726e-04 0.000e+00
1.431e-01 1.833e-03 1.430e-01 3.413e-04 0.000e+00
1.500e-01 1.671e-03 1.411e-01 2.926e-04 0.000e+00
1.579e-01 1.510e-03 1.391e-01 2.474e-04 0.000e+00
1.743e-01 1.243e-03 1.352e-01 1.794e-04 0.000e+00
1.925e-01 1.021e-03 1.311e-01 1.302e-04 0.000e+00
2.000e-01 9.468e-04 1.296e-01 1.151e-04 0.000e+00
2.125e-01 8.396e-04 1.271e-01 9.482e-05 0.000e+00
2.345e-01 6.906e-04 1.230e-01 6.936e-05 0.000e+00
2.589e-01 5.673e-04 1.190e-01 5.085e-05 0.000e+00
2.858e-01 4.661e-04 1.149e-01 3.745e-05 0.000e+00
3.000e-01 4.232e-04 1.129e-01 3.230e-05 0.000e+00
3.155e-01 3.828e-04 1.108e-01 2.773e-05 0.000e+00
3.483e-01 3.143e-04 1.068e-01 2.064e-05 0.000e+00
3.845e-01 2.581e-04 1.028e-01 1.545e-05 0.000e+00
4.000e-01 2.385e-04 1.012e-01 1.379e-05 0.000e+00
4.245e-01 2.118e-04 9.885e-02 1.164e-05 0.000e+00
4.686e-01 1.739e-04 9.497e-02 8.835e-06 0.000e+00
5.000e-01 1.528e-04 9.246e-02 7.417e-06 0.000e+00
5.173e-01 1.428e-04 9.115e-02 6.781e-06 0.000e+00
5.710e-01 1.172e-04 8.739e-02 5.248e-06 0.000e+00
6.000e-01 1.062e-04 8.553e-02 4.614e-06 0.000e+00
6.304e-01 9.618e-05 8.371e-02 4.052e-06 0.000e+00
6.959e-01 7.893e-05 8.011e-02 3.145e-06 0.000e+00
7.682e-01 6.477e-05 7.658e-02 2.514e-06 0.000e+00
8.000e-01 5.973e-05 7.515e-02 2.327e-06 0.000e+00
8.480e-01 5.316e-05 7.310e-02 2.112e-06 0.000e+00
9.361e-01 4.362e-05 6.973e-02 1.754e-06 0.000e+00
1.000e+00 3.823e-05 6.757e-02 1.447e-06 0.000e+00
1.022e+00 3.661e-05 6.688e-02 1.336e-06 0.000e+00
1.033e+00 3.584e-05 6.654e-02 1.289e-06 2.758e-09
1.141e+00 2.938e-05 6.334e-02 1.029e-06 2.623e-06
1.250e+00 2.447e-05 6.043e-02 9.074e-07 1.421e-05
1.259e+00 2.413e-05 6.021e-02 8.979e-07 1.564e-05
1.390e+00 1.979e-05 5.719e-02 7.586e-07 4.439e-05
1.500e+00 1.700e-05 5.494e-02 6.589e-07 7.892e-05
1.535e+00 1.623e-05 5.426e-02 6.323e-07 9.163e-05
1.694e+00 1.333e-05 5.144e-02 5.362e-07 1.581e-04
1.870e+00 1.094e-05 4.869e-02 4.600e-07 2.446e-04
2.000e+00 9.562e-06 4.687e-02 4.156e-07 3.146e-04
2.044e+00 9.154e-06 4.629e-02 4.022e-07 3.392e-04
2.065e+00 8.968e-06 4.602e-02 3.960e-07 3.510e-04
2.279e+00 7.361e-06 4.347e-02 3.423e-07 4.749e-04
2.516e+00 6.040e-06 4.101e-02 2.970e-07 6.170e-04
2.778e+00 4.955e-06 3.865e-02 2.587e-07 7.771e-04
3.000e+00 4.250e-06 3.688e-02 2.331e-07 9.136e-04
3.066e+00 4.069e-06 3.639e-02 2.263e-07 9.542e-04
3.385e+00 3.338e-06 3.421e-02 1.986e-07 1.149e-03
3.737e+00 2.739e-06 3.213e-02 1.748e-07 1.361e-03
4.000e+00 2.391e-06 3.076e-02 1.603e-07 1.515e-03
4.125e+00 2.248e-06 3.015e-02 1.543e-07 1.587e-03
4.554e+00 1.844e-06 2.826e-02 1.365e-07 1.827e-03
5.000e+00 1.530e-06 2.657e-02 1.218e-07 2.068e-03
5.027e+00 1.514e-06 2.647e-02 1.210e-07 2.082e-03
5.549e+00 1.242e-06 2.477e-02 1.075e-07 2.352e-03
6.000e+00 1.063e-06 2.348e-02 9.800e-08 2.574e-03
6.126e+00 1.019e-06 2.315e-02 9.564e-08 2.634e-03
6.762e+00 8.364e-07 2.162e-02 8.527e-08 2.927e-03
7.000e+00 7.805e-07 2.110e-02 8.194e-08 3.031e-03
7.465e+00 6.864e-07 2.017e-02 7.611e-08 3.230e-03
8.000e+00 5.978e-07 1.921e-02 7.035e-08 3.448e-03
8.241e+00 5.634e-07 1.881e-02 6.803e-08 3.543e-03
9.000e+00 4.723e-07 1.766e-02 6.164e-08 3.828e-03
9.097e+00 4.623e-07 1.752e-02 6.091e-08 3.863e-03
1.000e+01 3.825e-07 1.636e-02 5.483e-08 4.177e-03
1.004e+01 3.795e-07 1.631e-02 5.459e-08 4.190e-03
1.100e+01 3.162e-07 1.526e-02 4.936e-08 4.496e-03
1.109e+01 3.110e-07 1.517e-02 4.892e-08 4.523e-03
1.200e+01 2.656e-07 1.431e-02 4.488e-08 4.790e-03
1.224e+01 2.553e-07 1.410e-02 4.393e-08 4.857e-03
1.300e+01 2.264e-07 1.348e-02 4.115e-08 5.064e-03
1.351e+01 2.096e-07 1.310e-02 3.947e-08 5.197e-03
1.400e+01 1.952e-07 1.275e-02 3.798e-08 5.321e-03
1.491e+01 1.721e-07 1.216e-02 3.549e-08 5.539e-03
1.500e+01 1.700e-07 1.211e-02 3.527e-08 5.560e-03
1.600e+01 1.494e-07 1.153e-02 3.292e-08 5.789e-03
1.646e+01 1.412e-07 1.128e-02 3.194e-08 5.889e-03
1.800e+01 1.181e-07 1.054e-02 2.904e-08 6.204e-03
1.818e+01 1.157e-07 1.046e-02 2.874e-08 6.239e-03
2.000e+01 9.562e-08 9.716e-03 2.599e-08 6.577e-03
