# RADIUM from NIST Database
5.000e+00 0.000e+00 0.000e+00 0.000e+00 0.000e+00
8.800e+01 1.000e+00 3.500e+00 0.000e+00 0.000e+00
0.000e+00 0.000e+00 0.000e+00 0.000e+00 0.000e+00
1.000e-03 1.303e+01 4.788e-03 6.189e+03 0.000e+00
1.020e-03 1.301e+01 4.908e-03 5.970e+03 0.000e+00
1.058e-03 1.296e+01 5.134e-03 5.590e+03 0.000e+00
1.058e-03 1.296e+01 5.134e-03 5.670e+03 0.000e+00
1.126e-03 1.288e+01 5.544e-03 5.040e+03 0.000e+00
1.208e-03 1.278e+01 6.032e-03 4.412e+03 0.000e+00
1.208e-03 1.278e+01 6.032e-03 4.505e+03 0.000e+00
1.243e-03 1.274e+01 6.234e-03 4.261e+03 0.000e+00
1.372e-03 1.258e+01 6.979e-03 3.505e+03 0.000e+00
1.500e-03 1.243e+01 7.713e-03 2.939e+03 0.000e+00
1.515e-03 1.241e+01 7.800e-03 2.878e+03 0.000e+00
1.672e-03 1.222e+01 8.710e-03 2.341e+03 0.000e+00
1.846e-03 1.200e+01 9.727e-03 1.903e+03 0.000e+00
2.000e-03 1.181e+01 1.063e-02 1.609e+03 0.000e+00
2.038e-03 1.176e+01 1.085e-02 1.543e+03 0.000e+00
2.250e-03 1.151e+01 1.209e-02 1.240e+03 0.000e+00
2.483e-03 1.122e+01 1.343e-02 9.966e+02 0.000e+00
2.741e-03 1.091e+01 1.489e-02 8.008e+02 0.000e+00
3.000e-03 1.060e+01 1.632e-02 6.557e+02 0.000e+00
3.026e-03 1.057e+01 1.646e-02 6.430e+02 0.000e+00
3.105e-03 1.047e+01 1.689e-02 6.064e+02 0.000e+00
3.105e-03 1.047e+01 1.689e-02 1.704e+03 0.000e+00
3.176e-03 1.039e+01 1.729e-02 1.524e+03 0.000e+00
3.248e-03 1.031e+01 1.769e-02 1.364e+03 0.000e+00
3.248e-03 1.031e+01 1.769e-02 2.028e+03 0.000e+00
3.341e-03 1.021e+01 1.820e-02 1.879e+03 0.000e+00
3.688e-03 9.821e+00 2.004e-02 1.437e+03 0.000e+00
3.792e-03 9.709e+00 2.057e-02 1.332e+03 0.000e+00
3.792e-03 9.709e+00 2.057e-02 1.548e+03 0.000e+00
4.000e-03 9.490e+00 2.162e-02 1.357e+03 0.000e+00
4.071e-03 9.417e+00 2.198e-02 1.298e+03 0.000e+00
4.489e-03 9.000e+00 2.400e-02 1.015e+03 0.000e+00
4.489e-03 9.000e+00 2.400e-02 1.077e+03 0.000e+00
4.494e-03 8.996e+00 2.402e-02 1.075e+03 0.000e+00
4.822e-03 8.686e+00 2.555e-02 9.043e+02 0.000e+00
4.822e-03 8.686e+00 2.555e-02 9.435e+02 0.000e+00
4.961e-03 8.559e+00 2.617e-02 8.819e+02 0.000e+00
5.000e-03 8.523e+00 2.635e-02 8.657e+02 0.000e+00
5.477e-03 8.109e+00 2.841e-02 6.924e+02 0.000e+00
6.000e-03 7.687e+00 3.056e-02 5.537e+02 0.000e+00
6.046e-03 7.651e+00 3.074e-02 5.432e+02 0.000e+00
6.675e-03 7.185e+00 3.321e-02 4.245e+02 0.000e+00
7.368e-03 6.716e+00 3.581e-02 3.320e+02 0.000e+00
8.000e-03 6.325e+00 3.810e-02 2.704e+02 0.000e+00
8.134e-03 6.246e+00 3.858e-02 2.593e+02 0.000e+00
8.979e-03 5.780e+00 4.149e-02 2.018e+02 0.000e+00
9.912e-03 5.321e+00 4.454e-02 1.571e+02 0.000e+00
1.000e-02 5.281e+00 4.481e-02 1.536e+02 0.000e+00
1.094e-02 4.875e+00 4.767e-02 1.218e+02 0.000e+00
1.208e-02 4.443e+00 5.089e-02 9.434e+01 0.000e+00
1.334e-02 4.027e+00 5.416e-02 7.304e+01 0.000e+00
1.472e-02 3.633e+00 5.741e-02 5.667e+01 0.000e+00
1.500e-02 3.560e+00 5.803e-02 5.398e+01 0.000e+00
1.544e-02 3.448e+00 5.899e-02 5.004e+01 0.000e+00
1.544e-02 3.448e+00 5.899e-02 1.218e+02 0.000e+00
1.625e-02 3.256e+00 6.064e-02 1.061e+02 0.000e+00
1.794e-02 2.899e+00 6.379e-02 8.111e+01 0.000e+00
1.848e-02 2.798e+00 6.474e-02 7.479e+01 0.000e+00
1.848e-02 2.798e+00 6.474e-02 1.053e+02 0.000e+00
1.886e-02 2.732e+00 6.538e-02 1.001e+02 0.000e+00
1.924e-02 2.667e+00 6.602e-02 9.525e+01 0.000e+00
1.924e-02 2.667e+00 6.602e-02 1.100e+02 0.000e+00
1.980e-02 2.575e+00 6.695e-02 1.023e+02 0.000e+00
2.000e-02 2.544e+00 6.728e-02 9.967e+01 0.000e+00
2.186e-02 2.276e+00 7.011e-02 7.926e+01 0.000e+00
2.413e-02 2.003e+00 7.319e-02 6.145e+01 0.000e+00
2.664e-02 1.757e+00 7.619e-02 4.762e+01 0.000e+00
2.941e-02 1.538e+00 7.909e-02 3.690e+01 0.000e+00
3.000e-02 1.497e+00 7.966e-02 3.506e+01 0.000e+00
3.247e-02 1.344e+00 8.189e-02 2.845e+01 0.000e+00
3.584e-02 1.174e+00 8.455e-02 2.192e+01 0.000e+00
3.957e-02 1.021e+00 8.703e-02 1.688e+01 0.000e+00
4.000e-02 1.006e+00 8.728e-02 1.640e+01 0.000e+00
4.368e-02 8.846e-01 8.927e-02 1.297e+01 0.000e+00
4.822e-02 7.625e-01 9.124e-02 9.957e+00 0.000e+00
5.000e-02 7.212e-01 9.189e-02 9.038e+00 0.000e+00
5.323e-02 6.543e-01 9.292e-02 7.636e+00 0.000e+00
5.876e-02 5.595e-01 9.428e-02 5.851e+00 0.000e+00
6.000e-02 5.411e-01 9.453e-02 5.531e+00 0.000e+00
6.486e-02 4.776e-01 9.533e-02 4.478e+00 0.000e+00
7.161e-02 4.070e-01 9.606e-02 3.423e+00 0.000e+00
7.905e-02 3.466e-01 9.650e-02 2.618e+00 0.000e+00
8.000e-02 3.400e-01 9.653e-02 2.535e+00 0.000e+00
8.726e-02 2.951e-01 9.664e-02 2.000e+00 0.000e+00
9.633e-02 2.507e-01 9.651e-02 1.528e+00 0.000e+00
1.000e-01 2.356e-01 9.640e-02 1.380e+00 0.000e+00
1.039e-01 2.208e-01 9.624e-02 1.243e+00 0.000e+00
1.039e-01 2.208e-01 9.624e-02 5.510e+00 0.000e+00
1.063e-01 2.125e-01 9.612e-02 5.200e+00 0.000e+00
1.174e-01 1.795e-01 9.545e-02 4.033e+00 0.000e+00
1.296e-01 1.513e-01 9.450e-02 3.129e+00 0.000e+00
1.431e-01 1.272e-01 9.331e-02 2.424e+00 0.000e+00
1.500e-01 1.171e-01 9.267e-02 2.146e+00 0.000e+00
1.579e-01 1.069e-01 9.191e-02 1.878e+00 0.000e+00
1.743e-01 8.964e-02 9.030e-02 1.451e+00 0.000e+00
1.925e-01 7.501e-02 8.850e-02 1.120e+00 0.000e+00
2.000e-01 7.002e-02 8.776e-02 1.014e+00 0.000e+00
2.125e-01 6.277e-02 8.655e-02 8.659e-01 0.000e+00
2.345e-01 5.254e-02 8.445e-02 6.709e-01 0.000e+00
2.589e-01 4.390e-02 8.224e-02 5.200e-01 0.000e+00
2.858e-01 3.666e-02 7.994e-02 4.040e-01 0.000e+00
3.000e-01 3.354e-02 7.879e-02 3.573e-01 0.000e+00
3.155e-01 3.058e-02 7.757e-02 3.147e-01 0.000e+00
3.483e-01 2.547e-02 7.516e-02 2.457e-01 0.000e+00
3.845e-01 2.119e-02 7.271e-02 1.925e-01 0.000e+00
4.000e-01 1.968e-02 7.172e-02 1.748e-01 0.000e+00
4.245e-01 1.760e-02 7.023e-02 1.514e-01 0.000e+00
4.686e-01 1.461e-02 6.774e-02 1.196e-01 0.000e+00
5.000e-01 1.292e-02 6.610e-02 1.027e-01 0.000e+00
5.173e-01 1.211e-02 6.525e-02 9.489e-02 0.000e+00
5.710e-01 1.004e-02 6.276e-02 7.564e-02 0.000e+00
6.000e-01 9.128e-03 6.152e-02 6.762e-02 0.000e+00
6.304e-01 8.302e-03 6.028e-02 6.054e-02 0.000e+00
6.959e-01 6.863e-03 5.782e-02 4.871e-02 0.000e+00
7.682e-01 5.672e-03 5.539e-02 3.937e-02 0.000e+00
8.000e-01 5.246e-03 5.441e-02 3.613e-02 0.000e+00
8.480e-01 4.690e-03 5.300e-02 3.198e-02 0.000e+00
9.361e-01 3.874e-03 5.065e-02 2.609e-02 0.000e+00
1.000e+00 3.402e-03 4.910e-02 2.284e-02 0.000e+00
1.022e+00 3.259e-03 4.860e-02 2.187e-02 0.000e+00
1.033e+00 3.190e-03 4.835e-02 2.141e-02 8.889e-08
1.141e+00 2.626e-03 4.607e-02 1.761e-02 8.094e-05
1.250e+00 2.199e-03 4.402e-02 1.477e-02 4.186e-04
1.259e+00 2.168e-03 4.386e-02 1.457e-02 4.588e-04
1.390e+00 1.786e-03 4.169e-02 1.209e-02 1.220e-03
1.500e+00 1.537e-03 4.007e-02 1.051e-02 2.036e-03
1.535e+00 1.468e-03 3.959e-02 1.008e-02 2.314e-03
1.694e+00 1.208e-03 3.757e-02 8.447e-03 3.603e-03
1.870e+00 9.940e-04 3.559e-02 7.114e-03 5.011e-03
2.000e+00 8.707e-04 3.426e-02 6.349e-03 6.029e-03
2.044e+00 8.342e-04 3.384e-02 6.123e-03 6.373e-03
2.065e+00 8.176e-04 3.364e-02 6.020e-03 6.536e-03
2.279e+00 6.729e-04 3.177e-02 5.117e-03 8.134e-03
2.516e+00 5.530e-04 2.999e-02 4.362e-03 9.776e-03
2.778e+00 4.540e-04 2.827e-02 3.730e-03 1.146e-02
3.000e+00 3.895e-04 2.699e-02 3.312e-03 1.279e-02
3.066e+00 3.730e-04 2.663e-02 3.204e-03 1.318e-02
3.385e+00 3.062e-04 2.505e-02 2.761e-03 1.497e-02
3.737e+00 2.514e-04 2.353e-02 2.387e-03 1.682e-02
4.000e+00 2.196e-04 2.252e-02 2.165e-03 1.813e-02
4.125e+00 2.065e-04 2.208e-02 2.072e-03 1.873e-02
4.554e+00 1.695e-04 2.070e-02 1.802e-03 2.070e-02
5.000e+00 1.407e-04 1.946e-02 1.584e-03 2.260e-02
5.027e+00 1.392e-04 1.939e-02 1.572e-03 2.271e-02
5.549e+00 1.143e-04 1.814e-02 1.376e-03 2.478e-02
6.000e+00 9.776e-05 1.720e-02 1.240e-03 2.646e-02
6.126e+00 9.378e-05 1.696e-02 1.206e-03 2.691e-02
6.762e+00 7.700e-05 1.584e-02 1.061e-03 2.909e-02
7.000e+00 7.186e-05 1.546e-02 1.014e-03 2.987e-02
7.465e+00 6.319e-05 1.478e-02 9.343e-04 3.134e-02
8.000e+00 5.502e-05 1.408e-02 8.561e-04 3.295e-02
8.241e+00 5.185e-05 1.378e-02 8.248e-04 3.365e-02
9.000e+00 4.348e-05 1.294e-02 7.394e-04 3.575e-02
9.097e+00 4.256e-05 1.284e-02 7.297e-04 3.601e-02
1.000e+01 3.522e-05 1.199e-02 6.501e-04 3.834e-02
1.004e+01 3.494e-05 1.195e-02 6.470e-04 3.844e-02
1.100e+01 2.912e-05 1.118e-02 5.795e-04 4.075e-02
1.109e+01 2.865e-05 1.112e-02 5.739e-04 4.096e-02
1.200e+01 2.447e-05 1.049e-02 5.225e-04 4.296e-02
1.224e+01 2.352e-05 1.034e-02 5.104e-04 4.348e-02
1.300e+01 2.085e-05 9.882e-03 4.756e-04 4.507e-02
1.351e+01 1.931e-05 9.602e-03 4.546e-04 4.608e-02
1.400e+01 1.798e-05 9.349e-03 4.362e-04 4.702e-02
1.491e+01 1.585e-05 8.915e-03 4.056e-04 4.870e-02
1.500e+01 1.566e-05 8.875e-03 4.029e-04 4.886e-02
1.600e+01 1.377e-05 8.451e-03 3.741e-04 5.056e-02
1.646e+01 1.301e-05 8.271e-03 3.621e-04 5.130e-02
1.800e+01 1.088e-05 7.724e-03 3.272e-04 5.364e-02
1.818e+01 1.066e-05 7.665e-03 3.235e-04 5.390e-02
2.000e+01 8.811e-06 7.125e-03 2.907e-04 5.640e-02
