# RUBIDIUM from NIST Database
1.532e+00 0.000e+00 0.000e+00 0.000e+00 0.000e+00
3.700e+01 1.000e+00 3.500e+00 0.000e+00 0.000e+00
0.000e+00 0.000e+00 0.000e+00 0.000e+00 0.000e+00
1.000e-03 5.996e+00 6.965e-03 3.168e+03 0.000e+00
1.020e-03 5.980e+00 7.139e-03 3.023e+03 0.000e+00
1.126e-03 5.903e+00 8.076e-03 2.392e+03 0.000e+00
1.243e-03 5.824e+00 9.131e-03 1.893e+03 0.000e+00
1.372e-03 5.737e+00 1.031e-02 1.499e+03 0.000e+00
1.500e-03 5.652e+00 1.149e-02 1.213e+03 0.000e+00
1.515e-03 5.642e+00 1.163e-02 1.184e+03 0.000e+00
1.672e-03 5.534e+00 1.309e-02 9.309e+02 0.000e+00
1.804e-03 5.439e+00 1.432e-02 7.730e+02 0.000e+00
1.804e-03 5.439e+00 1.432e-02 3.090e+03 0.000e+00
1.846e-03 5.408e+00 1.471e-02 2.924e+03 0.000e+00
1.864e-03 5.395e+00 1.488e-02 2.856e+03 0.000e+00
1.864e-03 5.395e+00 1.488e-02 3.952e+03 0.000e+00
2.000e-03 5.296e+00 1.614e-02 3.405e+03 0.000e+00
2.038e-03 5.268e+00 1.650e-02 3.252e+03 0.000e+00
2.065e-03 5.249e+00 1.675e-02 3.148e+03 0.000e+00
2.065e-03 5.249e+00 1.675e-02 3.601e+03 0.000e+00
2.250e-03 5.116e+00 1.846e-02 2.905e+03 0.000e+00
2.483e-03 4.951e+00 2.060e-02 2.270e+03 0.000e+00
2.741e-03 4.773e+00 2.294e-02 1.772e+03 0.000e+00
3.000e-03 4.599e+00 2.523e-02 1.413e+03 0.000e+00
3.026e-03 4.582e+00 2.546e-02 1.382e+03 0.000e+00
3.341e-03 4.378e+00 2.818e-02 1.069e+03 0.000e+00
3.688e-03 4.165e+00 3.108e-02 8.279e+02 0.000e+00
4.000e-03 3.985e+00 3.360e-02 6.708e+02 0.000e+00
4.071e-03 3.946e+00 3.417e-02 6.402e+02 0.000e+00
4.494e-03 3.723e+00 3.743e-02 4.924e+02 0.000e+00
4.961e-03 3.499e+00 4.084e-02 3.787e+02 0.000e+00
5.000e-03 3.481e+00 4.111e-02 3.709e+02 0.000e+00
5.477e-03 3.274e+00 4.437e-02 2.901e+02 0.000e+00
6.000e-03 3.069e+00 4.770e-02 2.269e+02 0.000e+00
6.046e-03 3.051e+00 4.798e-02 2.222e+02 0.000e+00
6.675e-03 2.830e+00 5.169e-02 1.695e+02 0.000e+00
7.368e-03 2.611e+00 5.548e-02 1.294e+02 0.000e+00
8.000e-03 2.431e+00 5.869e-02 1.033e+02 0.000e+00
8.134e-03 2.395e+00 5.935e-02 9.865e+01 0.000e+00
8.979e-03 2.181e+00 6.332e-02 7.500e+01 0.000e+00
9.912e-03 1.972e+00 6.738e-02 5.702e+01 0.000e+00
1.000e-02 1.954e+00 6.775e-02 5.564e+01 0.000e+00
1.094e-02 1.770e+00 7.152e-02 4.323e+01 0.000e+00
1.208e-02 1.576e+00 7.575e-02 3.272e+01 0.000e+00
1.334e-02 1.396e+00 8.002e-02 2.476e+01 0.000e+00
1.472e-02 1.232e+00 8.424e-02 1.877e+01 0.000e+00
1.500e-02 1.202e+00 8.505e-02 1.781e+01 0.000e+00
1.520e-02 1.182e+00 8.561e-02 1.715e+01 0.000e+00
1.520e-02 1.182e+00 8.561e-02 1.196e+02 0.000e+00
1.625e-02 1.082e+00 8.843e-02 1.008e+02 0.000e+00
1.794e-02 9.478e-01 9.251e-02 7.817e+01 0.000e+00
1.980e-02 8.287e-01 9.642e-02 6.046e+01 0.000e+00
2.000e-02 8.173e-01 9.681e-02 5.888e+01 0.000e+00
2.186e-02 7.236e-01 1.002e-01 4.648e+01 0.000e+00
2.413e-02 6.313e-01 1.037e-01 3.558e+01 0.000e+00
2.664e-02 5.494e-01 1.069e-01 2.712e+01 0.000e+00
2.941e-02 4.766e-01 1.099e-01 2.062e+01 0.000e+00
3.000e-02 4.630e-01 1.104e-01 1.951e+01 0.000e+00
3.247e-02 4.117e-01 1.125e-01 1.565e+01 0.000e+00
3.584e-02 3.541e-01 1.148e-01 1.186e+01 0.000e+00
3.957e-02 3.031e-01 1.168e-01 8.966e+00 0.000e+00
4.000e-02 2.979e-01 1.170e-01 8.695e+00 0.000e+00
4.368e-02 2.583e-01 1.184e-01 6.768e+00 0.000e+00
4.822e-02 2.193e-01 1.196e-01 5.097e+00 0.000e+00
5.000e-02 2.065e-01 1.200e-01 4.592e+00 0.000e+00
5.323e-02 1.858e-01 1.205e-01 3.832e+00 0.000e+00
5.876e-02 1.572e-01 1.210e-01 2.876e+00 0.000e+00
6.000e-02 1.517e-01 1.211e-01 2.706e+00 0.000e+00
6.486e-02 1.328e-01 1.211e-01 2.155e+00 0.000e+00
7.161e-02 1.120e-01 1.208e-01 1.612e+00 0.000e+00
7.905e-02 9.445e-02 1.202e-01 1.204e+00 0.000e+00
8.000e-02 9.252e-02 1.201e-01 1.163e+00 0.000e+00
8.726e-02 7.953e-02 1.193e-01 8.990e-01 0.000e+00
9.633e-02 6.687e-02 1.181e-01 6.703e-01 0.000e+00
1.000e-01 6.260e-02 1.176e-01 5.998e-01 0.000e+00
1.063e-01 5.618e-02 1.167e-01 5.000e-01 0.000e+00
1.174e-01 4.703e-02 1.149e-01 3.718e-01 0.000e+00
1.296e-01 3.934e-02 1.130e-01 2.768e-01 0.000e+00
1.431e-01 3.283e-02 1.108e-01 2.060e-01 0.000e+00
1.500e-01 3.010e-02 1.097e-01 1.790e-01 0.000e+00
1.579e-01 2.737e-02 1.085e-01 1.536e-01 0.000e+00
1.743e-01 2.277e-02 1.060e-01 1.145e-01 0.000e+00
1.925e-01 1.889e-02 1.034e-01 8.528e-02 0.000e+00
2.000e-01 1.757e-02 1.023e-01 7.617e-02 0.000e+00
2.125e-01 1.567e-02 1.006e-01 6.370e-02 0.000e+00
2.345e-01 1.299e-02 9.779e-02 4.772e-02 0.000e+00
2.589e-01 1.075e-02 9.487e-02 3.578e-02 0.000e+00
2.858e-01 8.889e-03 9.188e-02 2.692e-02 0.000e+00
3.000e-01 8.096e-03 9.040e-02 2.344e-02 0.000e+00
3.155e-01 7.346e-03 8.885e-02 2.033e-02 0.000e+00
3.483e-01 6.066e-03 8.579e-02 1.541e-02 0.000e+00
3.845e-01 5.006e-03 8.274e-02 1.174e-02 0.000e+00
4.000e-01 4.636e-03 8.152e-02 1.054e-02 0.000e+00
4.245e-01 4.128e-03 7.971e-02 8.983e-03 0.000e+00
4.686e-01 3.402e-03 7.671e-02 6.918e-03 0.000e+00
5.000e-01 2.996e-03 7.476e-02 5.850e-03 0.000e+00
5.173e-01 2.802e-03 7.373e-02 5.364e-03 0.000e+00
5.710e-01 2.307e-03 7.078e-02 4.189e-03 0.000e+00
6.000e-01 2.093e-03 6.931e-02 3.708e-03 0.000e+00
6.304e-01 1.898e-03 6.785e-02 3.287e-03 0.000e+00
6.959e-01 1.561e-03 6.498e-02 2.598e-03 0.000e+00
7.682e-01 1.284e-03 6.217e-02 2.076e-03 0.000e+00
8.000e-01 1.185e-03 6.103e-02 1.901e-03 0.000e+00
8.480e-01 1.056e-03 5.941e-02 1.682e-03 0.000e+00
9.361e-01 8.680e-04 5.672e-02 1.369e-03 0.000e+00
1.000e+00 7.610e-04 5.495e-02 1.184e-03 0.000e+00
1.022e+00 7.286e-04 5.437e-02 1.126e-03 0.000e+00
1.033e+00 7.132e-04 5.408e-02 1.099e-03 2.577e-08
1.141e+00 5.850e-04 5.149e-02 8.982e-04 2.195e-05
1.250e+00 4.879e-04 4.917e-02 7.603e-04 1.085e-04
1.259e+00 4.810e-04 4.899e-02 7.505e-04 1.186e-04
1.390e+00 3.949e-04 4.655e-02 6.269e-04 3.107e-04
1.500e+00 3.392e-04 4.471e-02 5.464e-04 5.270e-04
1.535e+00 3.239e-04 4.417e-02 5.244e-04 6.047e-04
1.694e+00 2.660e-04 4.187e-02 4.415e-04 1.003e-03
1.870e+00 2.184e-04 3.964e-02 3.737e-04 1.510e-03
2.000e+00 1.910e-04 3.818e-02 3.347e-04 1.911e-03
2.044e+00 1.829e-04 3.771e-02 3.231e-04 2.049e-03
2.065e+00 1.792e-04 3.749e-02 3.179e-04 2.115e-03
2.279e+00 1.472e-04 3.543e-02 2.719e-04 2.803e-03
2.516e+00 1.208e-04 3.343e-02 2.334e-04 3.577e-03
2.778e+00 9.910e-05 3.150e-02 2.011e-04 4.429e-03
3.000e+00 8.498e-05 3.005e-02 1.797e-04 5.139e-03
3.066e+00 8.136e-05 2.965e-02 1.741e-04 5.346e-03
3.385e+00 6.675e-05 2.788e-02 1.512e-04 6.327e-03
3.737e+00 5.478e-05 2.619e-02 1.318e-04 7.365e-03
4.000e+00 4.781e-05 2.507e-02 1.201e-04 8.111e-03
4.125e+00 4.496e-05 2.458e-02 1.152e-04 8.457e-03
4.554e+00 3.689e-05 2.304e-02 1.009e-04 9.605e-03
5.000e+00 3.061e-05 2.165e-02 8.934e-05 1.074e-02
5.027e+00 3.028e-05 2.157e-02 8.873e-05 1.080e-02
5.549e+00 2.485e-05 2.019e-02 7.820e-05 1.203e-02
6.000e+00 2.126e-05 1.914e-02 7.088e-05 1.304e-02
6.126e+00 2.039e-05 1.887e-02 6.907e-05 1.331e-02
6.762e+00 1.673e-05 1.762e-02 6.112e-05 1.463e-02
7.000e+00 1.561e-05 1.720e-02 5.858e-05 1.510e-02
7.465e+00 1.373e-05 1.644e-02 5.418e-05 1.599e-02
8.000e+00 1.196e-05 1.566e-02 4.987e-05 1.695e-02
8.241e+00 1.127e-05 1.533e-02 4.813e-05 1.738e-02
9.000e+00 9.449e-06 1.440e-02 4.337e-05 1.864e-02
9.097e+00 9.248e-06 1.428e-02 4.283e-05 1.880e-02
1.000e+01 7.652e-06 1.334e-02 3.834e-05 2.018e-02
1.004e+01 7.591e-06 1.330e-02 3.817e-05 2.024e-02
1.100e+01 6.325e-06 1.244e-02 3.436e-05 2.160e-02
1.109e+01 6.222e-06 1.236e-02 3.404e-05 2.172e-02
1.200e+01 5.314e-06 1.167e-02 3.111e-05 2.289e-02
1.224e+01 5.108e-06 1.150e-02 3.042e-05 2.319e-02
1.300e+01 4.529e-06 1.099e-02 2.842e-05 2.408e-02
1.351e+01 4.193e-06 1.068e-02 2.721e-05 2.465e-02
1.400e+01 3.904e-06 1.039e-02 2.615e-05 2.518e-02
1.491e+01 3.442e-06 9.916e-03 2.437e-05 2.612e-02
1.500e+01 3.401e-06 9.872e-03 2.421e-05 2.620e-02
1.600e+01 2.990e-06 9.399e-03 2.254e-05 2.717e-02
1.646e+01 2.825e-06 9.198e-03 2.185e-05 2.760e-02
1.800e+01 2.362e-06 8.589e-03 1.981e-05 2.893e-02
1.818e+01 2.315e-06 8.524e-03 1.959e-05 2.908e-02
2.000e+01 1.913e-06 7.920e-03 1.766e-05 3.052e-02
