# RHENIUM from NIST Database
2.102e+01 0.000e+00 0.000e+00 0.000e+00 0.000e+00
7.500e+01 1.000e+00 3.500e+00 0.000e+00 0.000e+00
0.000e+00 0.000e+00 0.000e+00 0.000e+00 0.000e+00
1.000e-03 1.162e+01 4.208e-03 3.862e+03 0.000e+00
1.020e-03 1.160e+01 4.329e-03 3.712e+03 0.000e+00
1.126e-03 1.149e+01 4.984e-03 3.046e+03 0.000e+00
1.243e-03 1.138e+01 5.724e-03 2.500e+03 0.000e+00
1.372e-03 1.126e+01 6.544e-03 2.053e+03 0.000e+00
1.500e-03 1.114e+01 7.345e-03 1.718e+03 0.000e+00
1.515e-03 1.112e+01 7.437e-03 1.682e+03 0.000e+00
1.672e-03 1.096e+01 8.385e-03 1.365e+03 0.000e+00
1.823e-03 1.080e+01 9.279e-03 1.136e+03 0.000e+00
1.823e-03 1.080e+01 9.279e-03 1.137e+03 0.000e+00
1.846e-03 1.077e+01 9.419e-03 1.334e+03 0.000e+00
1.949e-03 1.065e+01 1.003e-02 2.645e+03 0.000e+00
1.949e-03 1.065e+01 1.003e-02 2.730e+03 0.000e+00
2.000e-03 1.059e+01 1.033e-02 3.761e+03 0.000e+00
2.038e-03 1.055e+01 1.055e-02 3.622e+03 0.000e+00
2.250e-03 1.031e+01 1.180e-02 2.972e+03 0.000e+00
2.367e-03 1.018e+01 1.248e-02 2.685e+03 0.000e+00
2.367e-03 1.018e+01 1.248e-02 3.113e+03 0.000e+00
2.483e-03 1.006e+01 1.313e-02 2.772e+03 0.000e+00
2.682e-03 9.851e+00 1.425e-02 2.299e+03 0.000e+00
2.682e-03 9.851e+00 1.425e-02 2.444e+03 0.000e+00
2.741e-03 9.787e+00 1.459e-02 2.321e+03 0.000e+00
2.932e-03 9.579e+00 1.566e-02 1.983e+03 0.000e+00
2.932e-03 9.579e+00 1.566e-02 2.068e+03 0.000e+00
3.000e-03 9.505e+00 1.604e-02 1.962e+03 0.000e+00
3.026e-03 9.477e+00 1.619e-02 1.922e+03 0.000e+00
3.341e-03 9.145e+00 1.793e-02 1.517e+03 0.000e+00
3.688e-03 8.796e+00 1.983e-02 1.197e+03 0.000e+00
4.000e-03 8.493e+00 2.151e-02 9.858e+02 0.000e+00
4.071e-03 8.425e+00 2.189e-02 9.439e+02 0.000e+00
4.494e-03 8.034e+00 2.412e-02 7.395e+02 0.000e+00
4.961e-03 7.624e+00 2.652e-02 5.793e+02 0.000e+00
5.000e-03 7.590e+00 2.672e-02 5.682e+02 0.000e+00
5.477e-03 7.199e+00 2.911e-02 4.517e+02 0.000e+00
6.000e-03 6.798e+00 3.164e-02 3.590e+02 0.000e+00
6.046e-03 6.764e+00 3.185e-02 3.521e+02 0.000e+00
6.675e-03 6.323e+00 3.475e-02 2.734e+02 0.000e+00
7.368e-03 5.880e+00 3.777e-02 2.125e+02 0.000e+00
8.000e-03 5.511e+00 4.036e-02 1.722e+02 0.000e+00
8.134e-03 5.437e+00 4.089e-02 1.650e+02 0.000e+00
8.979e-03 4.999e+00 4.411e-02 1.277e+02 0.000e+00
9.912e-03 4.572e+00 4.738e-02 9.878e+01 0.000e+00
1.000e-02 4.534e+00 4.767e-02 9.654e+01 0.000e+00
1.054e-02 4.314e+00 4.942e-02 8.422e+01 0.000e+00
1.054e-02 4.314e+00 4.942e-02 2.190e+02 0.000e+00
1.094e-02 4.157e+00 5.070e-02 1.981e+02 0.000e+00
1.196e-02 3.794e+00 5.378e-02 1.561e+02 0.000e+00
1.196e-02 3.794e+00 5.378e-02 2.154e+02 0.000e+00
1.208e-02 3.754e+00 5.413e-02 2.102e+02 0.000e+00
1.253e-02 3.612e+00 5.540e-02 1.925e+02 0.000e+00
1.253e-02 3.612e+00 5.540e-02 2.225e+02 0.000e+00
1.334e-02 3.373e+00 5.759e-02 1.898e+02 0.000e+00
1.472e-02 3.014e+00 6.104e-02 1.479e+02 0.000e+00
1.500e-02 2.948e+00 6.171e-02 1.410e+02 0.000e+00
1.625e-02 2.681e+00 6.457e-02 1.143e+02 0.000e+00
1.794e-02 2.378e+00 6.816e-02 8.809e+01 0.000e+00
1.980e-02 2.105e+00 7.175e-02 6.797e+01 0.000e+00
2.000e-02 2.079e+00 7.212e-02 6.620e+01 0.000e+00
2.186e-02 1.860e+00 7.534e-02 5.218e+01 0.000e+00
2.413e-02 1.640e+00 7.885e-02 4.005e+01 0.000e+00
2.664e-02 1.442e+00 8.226e-02 3.073e+01 0.000e+00
2.941e-02 1.263e+00 8.550e-02 2.358e+01 0.000e+00
3.000e-02 1.229e+00 8.612e-02 2.236e+01 0.000e+00
3.247e-02 1.101e+00 8.852e-02 1.803e+01 0.000e+00
3.584e-02 9.555e-01 9.128e-02 1.378e+01 0.000e+00
3.957e-02 8.251e-01 9.376e-02 1.052e+01 0.000e+00
4.000e-02 8.118e-01 9.402e-02 1.022e+01 0.000e+00
4.368e-02 7.096e-01 9.592e-02 8.023e+00 0.000e+00
4.822e-02 6.081e-01 9.778e-02 6.113e+00 0.000e+00
5.000e-02 5.744e-01 9.838e-02 5.534e+00 0.000e+00
5.323e-02 5.202e-01 9.933e-02 4.653e+00 0.000e+00
5.876e-02 4.446e-01 1.006e-01 3.540e+00 0.000e+00
6.000e-02 4.301e-01 1.008e-01 3.341e+00 0.000e+00
6.486e-02 3.801e-01 1.015e-01 2.691e+00 0.000e+00
7.161e-02 3.242e-01 1.021e-01 2.044e+00 0.000e+00
7.168e-02 3.237e-01 1.021e-01 2.038e+00 0.000e+00
7.168e-02 3.237e-01 1.021e-01 1.031e+01 0.000e+00
7.905e-02 2.757e-01 1.024e-01 7.944e+00 0.000e+00
8.000e-02 2.703e-01 1.024e-01 7.697e+00 0.000e+00
8.726e-02 2.340e-01 1.024e-01 6.132e+00 0.000e+00
9.633e-02 1.980e-01 1.021e-01 4.740e+00 0.000e+00
1.000e-01 1.858e-01 1.019e-01 4.298e+00 0.000e+00
1.063e-01 1.672e-01 1.015e-01 3.659e+00 0.000e+00
1.174e-01 1.406e-01 1.007e-01 2.808e+00 0.000e+00
1.296e-01 1.181e-01 9.950e-02 2.152e+00 0.000e+00
1.431e-01 9.897e-02 9.810e-02 1.646e+00 0.000e+00
1.500e-01 9.098e-02 9.735e-02 1.449e+00 0.000e+00
1.579e-01 8.298e-02 9.648e-02 1.261e+00 0.000e+00
1.743e-01 6.948e-02 9.465e-02 9.652e-01 0.000e+00
1.925e-01 5.809e-02 9.263e-02 7.382e-01 0.000e+00
2.000e-01 5.420e-02 9.182e-02 6.659e-01 0.000e+00
2.125e-01 4.856e-02 9.048e-02 5.656e-01 0.000e+00
2.345e-01 4.057e-02 8.820e-02 4.343e-01 0.000e+00
2.589e-01 3.384e-02 8.581e-02 3.335e-01 0.000e+00
2.858e-01 2.819e-02 8.335e-02 2.568e-01 0.000e+00
3.000e-01 2.576e-02 8.211e-02 2.261e-01 0.000e+00
3.155e-01 2.345e-02 8.082e-02 1.982e-01 0.000e+00
3.483e-01 1.948e-02 7.825e-02 1.535e-01 0.000e+00
3.845e-01 1.616e-02 7.565e-02 1.193e-01 0.000e+00
4.000e-01 1.499e-02 7.461e-02 1.080e-01 0.000e+00
4.245e-01 1.339e-02 7.304e-02 9.308e-02 0.000e+00
4.686e-01 1.109e-02 7.041e-02 7.299e-02 0.000e+00
5.000e-01 9.790e-03 6.869e-02 6.239e-02 0.000e+00
5.173e-01 9.170e-03 6.779e-02 5.751e-02 0.000e+00
5.710e-01 7.581e-03 6.518e-02 4.556e-02 0.000e+00
6.000e-01 6.889e-03 6.387e-02 4.062e-02 0.000e+00
6.304e-01 6.260e-03 6.258e-02 3.627e-02 0.000e+00
6.959e-01 5.168e-03 6.002e-02 2.904e-02 0.000e+00
7.682e-01 4.263e-03 5.747e-02 2.337e-02 0.000e+00
8.000e-01 3.939e-03 5.644e-02 2.142e-02 0.000e+00
8.480e-01 3.515e-03 5.495e-02 1.892e-02 0.000e+00
9.361e-01 2.897e-03 5.247e-02 1.540e-02 0.000e+00
1.000e+00 2.545e-03 5.087e-02 1.346e-02 0.000e+00
1.022e+00 2.439e-03 5.036e-02 1.288e-02 0.000e+00
1.033e+00 2.388e-03 5.010e-02 1.261e-02 7.696e-08
1.141e+00 1.964e-03 4.774e-02 1.036e-02 6.652e-05
1.250e+00 1.641e-03 4.560e-02 8.687e-03 3.305e-04
1.259e+00 1.618e-03 4.544e-02 8.569e-03 3.613e-04
1.390e+00 1.330e-03 4.319e-02 7.120e-03 9.355e-04
1.500e+00 1.144e-03 4.149e-02 6.193e-03 1.550e-03
1.535e+00 1.093e-03 4.098e-02 5.940e-03 1.761e-03
1.694e+00 8.995e-04 3.884e-02 4.982e-03 2.772e-03
1.870e+00 7.394e-04 3.678e-02 4.197e-03 3.930e-03
2.000e+00 6.468e-04 3.545e-02 3.748e-03 4.790e-03
2.044e+00 6.193e-04 3.503e-02 3.616e-03 5.081e-03
2.065e+00 6.068e-04 3.483e-02 3.555e-03 5.219e-03
2.279e+00 4.986e-04 3.294e-02 3.027e-03 6.603e-03
2.516e+00 4.095e-04 3.108e-02 2.583e-03 8.073e-03
2.778e+00 3.362e-04 2.928e-02 2.212e-03 9.617e-03
3.000e+00 2.885e-04 2.793e-02 1.966e-03 1.087e-02
3.066e+00 2.762e-04 2.756e-02 1.902e-03 1.123e-02
3.385e+00 2.267e-04 2.591e-02 1.641e-03 1.292e-02
3.737e+00 1.861e-04 2.434e-02 1.422e-03 1.468e-02
4.000e+00 1.625e-04 2.331e-02 1.290e-03 1.592e-02
4.125e+00 1.528e-04 2.285e-02 1.235e-03 1.649e-02
4.554e+00 1.254e-04 2.142e-02 1.076e-03 1.836e-02
5.000e+00 1.041e-04 2.014e-02 9.473e-04 2.018e-02
5.027e+00 1.030e-04 2.006e-02 9.404e-04 2.028e-02
5.549e+00 8.450e-05 1.877e-02 8.240e-04 2.225e-02
6.000e+00 7.228e-05 1.780e-02 7.435e-04 2.384e-02
6.126e+00 6.934e-05 1.755e-02 7.237e-04 2.428e-02
6.762e+00 5.694e-05 1.639e-02 6.371e-04 2.634e-02
7.000e+00 5.314e-05 1.600e-02 6.096e-04 2.708e-02
7.465e+00 4.673e-05 1.529e-02 5.619e-04 2.847e-02
8.000e+00 4.069e-05 1.456e-02 5.152e-04 2.999e-02
8.241e+00 3.834e-05 1.426e-02 4.966e-04 3.065e-02
9.000e+00 3.215e-05 1.339e-02 4.457e-04 3.265e-02
9.097e+00 3.147e-05 1.329e-02 4.399e-04 3.290e-02
1.000e+01 2.604e-05 1.241e-02 3.923e-04 3.508e-02
1.004e+01 2.583e-05 1.237e-02 3.904e-04 3.517e-02
1.100e+01 2.152e-05 1.157e-02 3.503e-04 3.734e-02
1.109e+01 2.118e-05 1.150e-02 3.469e-04 3.754e-02
1.200e+01 1.809e-05 1.085e-02 3.160e-04 3.945e-02
1.224e+01 1.738e-05 1.069e-02 3.087e-04 3.992e-02
1.300e+01 1.541e-05 1.022e-02 2.878e-04 4.139e-02
1.351e+01 1.427e-05 9.934e-03 2.753e-04 4.234e-02
1.400e+01 1.329e-05 9.673e-03 2.642e-04 4.323e-02
1.491e+01 1.172e-05 9.224e-03 2.458e-04 4.479e-02
1.500e+01 1.157e-05 9.182e-03 2.441e-04 4.493e-02
1.600e+01 1.017e-05 8.745e-03 2.268e-04 4.651e-02
1.646e+01 9.614e-06 8.559e-03 2.196e-04 4.721e-02
1.800e+01 8.040e-06 7.991e-03 1.986e-04 4.941e-02
1.818e+01 7.881e-06 7.931e-03 1.964e-04 4.965e-02
2.000e+01 6.510e-06 7.371e-03 1.766e-04 5.197e-02
