# RHODIUM from NIST Database
1.241e+01 0.000e+00 0.000e+00 0.000e+00 0.000e+00
4.500e+01 1.000e+00 3.500e+00 0.000e+00 0.000e+00
0.000e+00 0.000e+00 0.000e+00 0.000e+00 0.000e+00
1.000e-03 7.491e+00 5.529e-03 6.162e+03 0.000e+00
1.020e-03 7.474e+00 5.698e-03 5.887e+03 0.000e+00
1.126e-03 7.392e+00 6.616e-03 4.687e+03 0.000e+00
1.243e-03 7.303e+00 7.666e-03 3.732e+03 0.000e+00
1.372e-03 7.203e+00 8.848e-03 2.972e+03 0.000e+00
1.500e-03 7.099e+00 1.002e-02 2.419e+03 0.000e+00
1.515e-03 7.086e+00 1.016e-02 2.362e+03 0.000e+00
1.672e-03 6.950e+00 1.159e-02 1.861e+03 0.000e+00
1.846e-03 6.795e+00 1.315e-02 1.465e+03 0.000e+00
2.000e-03 6.660e+00 1.454e-02 1.207e+03 0.000e+00
2.038e-03 6.627e+00 1.488e-02 1.152e+03 0.000e+00
2.250e-03 6.444e+00 1.679e-02 8.995e+02 0.000e+00
2.483e-03 6.241e+00 1.885e-02 7.032e+02 0.000e+00
2.741e-03 6.011e+00 2.105e-02 5.493e+02 0.000e+00
3.000e-03 5.774e+00 2.313e-02 4.384e+02 0.000e+00
3.004e-03 5.771e+00 2.316e-02 4.369e+02 0.000e+00
3.004e-03 5.771e+00 2.316e-02 1.508e+03 0.000e+00
3.026e-03 5.751e+00 2.333e-02 1.478e+03 0.000e+00
3.146e-03 5.650e+00 2.432e-02 1.332e+03 0.000e+00
3.146e-03 5.650e+00 2.432e-02 1.841e+03 0.000e+00
3.341e-03 5.490e+00 2.587e-02 1.587e+03 0.000e+00
3.412e-03 5.433e+00 2.642e-02 1.507e+03 0.000e+00
3.412e-03 5.433e+00 2.642e-02 1.726e+03 0.000e+00
3.688e-03 5.215e+00 2.855e-02 1.424e+03 0.000e+00
4.000e-03 4.981e+00 3.092e-02 1.165e+03 0.000e+00
4.071e-03 4.930e+00 3.145e-02 1.113e+03 0.000e+00
4.494e-03 4.638e+00 3.452e-02 8.622e+02 0.000e+00
4.961e-03 4.342e+00 3.777e-02 6.677e+02 0.000e+00
5.000e-03 4.318e+00 3.804e-02 6.543e+02 0.000e+00
5.477e-03 4.046e+00 4.124e-02 5.156e+02 0.000e+00
6.000e-03 3.779e+00 4.462e-02 4.063e+02 0.000e+00
6.046e-03 3.757e+00 4.491e-02 3.981e+02 0.000e+00
6.675e-03 3.475e+00 4.878e-02 3.056e+02 0.000e+00
7.368e-03 3.204e+00 5.278e-02 2.348e+02 0.000e+00
8.000e-03 2.987e+00 5.621e-02 1.884e+02 0.000e+00
8.134e-03 2.945e+00 5.691e-02 1.801e+02 0.000e+00
8.979e-03 2.698e+00 6.109e-02 1.377e+02 0.000e+00
9.912e-03 2.463e+00 6.529e-02 1.053e+02 0.000e+00
1.000e-02 2.443e+00 6.566e-02 1.028e+02 0.000e+00
1.094e-02 2.239e+00 6.945e-02 8.017e+01 0.000e+00
1.208e-02 2.024e+00 7.357e-02 6.095e+01 0.000e+00
1.334e-02 1.818e+00 7.765e-02 4.633e+01 0.000e+00
1.472e-02 1.623e+00 8.164e-02 3.529e+01 0.000e+00
1.500e-02 1.587e+00 8.240e-02 3.350e+01 0.000e+00
1.625e-02 1.438e+00 8.559e-02 2.677e+01 0.000e+00
1.794e-02 1.265e+00 8.946e-02 2.028e+01 0.000e+00
1.980e-02 1.109e+00 9.320e-02 1.538e+01 0.000e+00
2.000e-02 1.094e+00 9.358e-02 1.495e+01 0.000e+00
2.186e-02 9.687e-01 9.679e-02 1.162e+01 0.000e+00
2.322e-02 8.907e-01 9.890e-02 9.796e+00 0.000e+00
2.322e-02 8.907e-01 9.890e-02 6.314e+01 0.000e+00
2.413e-02 8.436e-01 1.002e-01 5.724e+01 0.000e+00
2.664e-02 7.315e-01 1.035e-01 4.441e+01 0.000e+00
2.941e-02 6.332e-01 1.065e-01 3.433e+01 0.000e+00
3.000e-02 6.151e-01 1.070e-01 3.258e+01 0.000e+00
3.247e-02 5.479e-01 1.092e-01 2.638e+01 0.000e+00
3.584e-02 4.737e-01 1.116e-01 2.017e+01 0.000e+00
3.957e-02 4.084e-01 1.138e-01 1.537e+01 0.000e+00
4.000e-02 4.017e-01 1.140e-01 1.492e+01 0.000e+00
4.368e-02 3.506e-01 1.156e-01 1.171e+01 0.000e+00
4.822e-02 2.996e-01 1.171e-01 8.901e+00 0.000e+00
5.000e-02 2.825e-01 1.176e-01 8.047e+00 0.000e+00
5.323e-02 2.550e-01 1.182e-01 6.754e+00 0.000e+00
5.876e-02 2.162e-01 1.190e-01 5.113e+00 0.000e+00
6.000e-02 2.087e-01 1.191e-01 4.820e+00 0.000e+00
6.486e-02 1.829e-01 1.194e-01 3.864e+00 0.000e+00
7.161e-02 1.543e-01 1.194e-01 2.912e+00 0.000e+00
7.905e-02 1.301e-01 1.190e-01 2.193e+00 0.000e+00
8.000e-02 1.274e-01 1.190e-01 2.118e+00 0.000e+00
8.726e-02 1.095e-01 1.183e-01 1.649e+00 0.000e+00
9.633e-02 9.206e-02 1.173e-01 1.238e+00 0.000e+00
1.000e-01 8.620e-02 1.169e-01 1.111e+00 0.000e+00
1.063e-01 7.740e-02 1.160e-01 9.299e-01 0.000e+00
1.174e-01 6.491e-02 1.145e-01 6.961e-01 0.000e+00
1.296e-01 5.441e-02 1.127e-01 5.216e-01 0.000e+00
1.431e-01 4.552e-02 1.106e-01 3.904e-01 0.000e+00
1.500e-01 4.179e-02 1.096e-01 3.402e-01 0.000e+00
1.579e-01 3.805e-02 1.084e-01 2.929e-01 0.000e+00
1.743e-01 3.173e-02 1.060e-01 2.195e-01 0.000e+00
1.925e-01 2.639e-02 1.035e-01 1.644e-01 0.000e+00
2.000e-01 2.457e-02 1.025e-01 1.472e-01 0.000e+00
2.125e-01 2.193e-02 1.008e-01 1.235e-01 0.000e+00
2.345e-01 1.821e-02 9.805e-02 9.301e-02 0.000e+00
2.589e-01 1.509e-02 9.519e-02 7.011e-02 0.000e+00
2.858e-01 1.250e-02 9.227e-02 5.302e-02 0.000e+00
3.000e-01 1.139e-02 9.082e-02 4.628e-02 0.000e+00
3.155e-01 1.034e-02 8.931e-02 4.022e-02 0.000e+00
3.483e-01 8.544e-03 8.632e-02 3.062e-02 0.000e+00
3.845e-01 7.057e-03 8.331e-02 2.342e-02 0.000e+00
4.000e-01 6.537e-03 8.211e-02 2.107e-02 0.000e+00
4.245e-01 5.824e-03 8.029e-02 1.799e-02 0.000e+00
4.686e-01 4.805e-03 7.728e-02 1.391e-02 0.000e+00
5.000e-01 4.234e-03 7.532e-02 1.179e-02 0.000e+00
5.173e-01 3.962e-03 7.429e-02 1.082e-02 0.000e+00
5.710e-01 3.265e-03 7.134e-02 8.477e-03 0.000e+00
6.000e-01 2.962e-03 6.987e-02 7.514e-03 0.000e+00
6.304e-01 2.688e-03 6.842e-02 6.670e-03 0.000e+00
6.959e-01 2.213e-03 6.554e-02 5.281e-03 0.000e+00
7.682e-01 1.820e-03 6.271e-02 4.224e-03 0.000e+00
8.000e-01 1.680e-03 6.156e-02 3.870e-03 0.000e+00
8.480e-01 1.497e-03 5.994e-02 3.426e-03 0.000e+00
9.361e-01 1.231e-03 5.722e-02 2.790e-03 0.000e+00
1.000e+00 1.080e-03 5.545e-02 2.413e-03 0.000e+00
1.022e+00 1.034e-03 5.487e-02 2.296e-03 0.000e+00
1.033e+00 1.012e-03 5.459e-02 2.242e-03 3.704e-08
1.141e+00 8.312e-04 5.198e-02 1.832e-03 3.087e-05
1.250e+00 6.935e-04 4.964e-02 1.549e-03 1.498e-04
1.259e+00 6.837e-04 4.946e-02 1.529e-03 1.635e-04
1.390e+00 5.613e-04 4.699e-02 1.276e-03 4.207e-04
1.500e+00 4.822e-04 4.514e-02 1.111e-03 7.046e-04
1.535e+00 4.605e-04 4.459e-02 1.066e-03 8.056e-04
1.694e+00 3.783e-04 4.228e-02 8.976e-04 1.317e-03
1.870e+00 3.106e-04 4.004e-02 7.588e-04 1.960e-03
2.000e+00 2.717e-04 3.855e-02 6.783e-04 2.465e-03
2.044e+00 2.601e-04 3.808e-02 6.543e-04 2.640e-03
2.065e+00 2.549e-04 3.786e-02 6.434e-04 2.723e-03
2.279e+00 2.094e-04 3.577e-02 5.488e-04 3.584e-03
2.516e+00 1.719e-04 3.375e-02 4.704e-04 4.541e-03
2.778e+00 1.410e-04 3.180e-02 4.051e-04 5.584e-03
3.000e+00 1.209e-04 3.035e-02 3.616e-04 6.448e-03
3.066e+00 1.158e-04 2.995e-02 3.503e-04 6.700e-03
3.385e+00 9.496e-05 2.816e-02 3.038e-04 7.891e-03
3.737e+00 7.791e-05 2.645e-02 2.642e-04 9.148e-03
4.000e+00 6.800e-05 2.532e-02 2.405e-04 1.005e-02
4.125e+00 6.395e-05 2.482e-02 2.306e-04 1.047e-02
4.554e+00 5.248e-05 2.327e-02 2.018e-04 1.185e-02
5.000e+00 4.355e-05 2.187e-02 1.784e-04 1.320e-02
5.027e+00 4.308e-05 2.179e-02 1.771e-04 1.328e-02
5.549e+00 3.536e-05 2.039e-02 1.559e-04 1.473e-02
6.000e+00 3.024e-05 1.933e-02 1.411e-04 1.592e-02
6.126e+00 2.901e-05 1.906e-02 1.374e-04 1.624e-02
6.762e+00 2.381e-05 1.780e-02 1.215e-04 1.781e-02
7.000e+00 2.222e-05 1.737e-02 1.164e-04 1.837e-02
7.465e+00 1.954e-05 1.661e-02 1.076e-04 1.942e-02
8.000e+00 1.701e-05 1.581e-02 9.890e-05 2.057e-02
8.241e+00 1.603e-05 1.548e-02 9.543e-05 2.107e-02
9.000e+00 1.344e-05 1.454e-02 8.591e-05 2.258e-02
9.097e+00 1.316e-05 1.443e-02 8.482e-05 2.276e-02
1.000e+01 1.089e-05 1.347e-02 7.584e-05 2.441e-02
1.004e+01 1.080e-05 1.343e-02 7.549e-05 2.448e-02
1.100e+01 9.001e-06 1.256e-02 6.788e-05 2.610e-02
1.109e+01 8.855e-06 1.249e-02 6.725e-05 2.625e-02
1.200e+01 7.561e-06 1.178e-02 6.145e-05 2.765e-02
1.224e+01 7.267e-06 1.161e-02 6.007e-05 2.801e-02
1.300e+01 6.443e-06 1.110e-02 5.608e-05 2.909e-02
1.351e+01 5.966e-06 1.079e-02 5.369e-05 2.978e-02
1.400e+01 5.556e-06 1.050e-02 5.157e-05 3.042e-02
1.491e+01 4.899e-06 1.002e-02 4.805e-05 3.153e-02
1.500e+01 4.840e-06 9.972e-03 4.773e-05 3.164e-02
1.600e+01 4.254e-06 9.492e-03 4.442e-05 3.279e-02
1.646e+01 4.019e-06 9.290e-03 4.304e-05 3.329e-02
1.800e+01 3.361e-06 8.679e-03 3.899e-05 3.489e-02
1.818e+01 3.295e-06 8.613e-03 3.857e-05 3.506e-02
2.000e+01 2.722e-06 8.000e-03 3.474e-05 3.677e-02
