# RADON from NIST Database
9.066e-03 0.000e+00 0.000e+00 0.000e+00 0.000e+00
8.600e+01 1.000e+00 3.500e+00 0.000e+00 0.000e+00
0.000e+00 0.000e+00 0.000e+00 0.000e+00 0.000e+00
1.000e-03 1.282e+01 3.190e-03 5.813e+03 0.000e+00
1.020e-03 1.280e+01 3.298e-03 5.604e+03 0.000e+00
1.097e-03 1.272e+01 3.727e-03 4.901e+03 0.000e+00
1.097e-03 1.272e+01 3.727e-03 5.004e+03 0.000e+00
1.126e-03 1.269e+01 3.892e-03 4.754e+03 0.000e+00
1.243e-03 1.257e+01 4.570e-03 3.915e+03 0.000e+00
1.372e-03 1.243e+01 5.338e-03 3.225e+03 0.000e+00
1.500e-03 1.228e+01 6.114e-03 2.706e+03 0.000e+00
1.515e-03 1.226e+01 6.205e-03 2.650e+03 0.000e+00
1.672e-03 1.207e+01 7.168e-03 2.154e+03 0.000e+00
1.846e-03 1.185e+01 8.241e-03 1.749e+03 0.000e+00
2.000e-03 1.166e+01 9.193e-03 1.478e+03 0.000e+00
2.038e-03 1.161e+01 9.427e-03 1.418e+03 0.000e+00
2.250e-03 1.135e+01 1.073e-02 1.139e+03 0.000e+00
2.483e-03 1.106e+01 1.216e-02 9.155e+02 0.000e+00
2.741e-03 1.073e+01 1.371e-02 7.355e+02 0.000e+00
2.892e-03 1.055e+01 1.460e-02 6.529e+02 0.000e+00
2.892e-03 1.055e+01 1.460e-02 2.309e+03 0.000e+00
3.000e-03 1.042e+01 1.523e-02 1.543e+03 0.000e+00
3.021e-03 1.039e+01 1.535e-02 1.514e+03 0.000e+00
3.021e-03 1.039e+01 1.535e-02 2.459e+03 0.000e+00
3.026e-03 1.039e+01 1.538e-02 2.447e+03 0.000e+00
3.341e-03 1.003e+01 1.716e-02 1.771e+03 0.000e+00
3.538e-03 9.803e+00 1.824e-02 1.469e+03 0.000e+00
3.538e-03 9.803e+00 1.824e-02 1.700e+03 0.000e+00
3.688e-03 9.639e+00 1.904e-02 1.535e+03 0.000e+00
4.000e-03 9.309e+00 2.066e-02 1.257e+03 0.000e+00
4.071e-03 9.236e+00 2.102e-02 1.202e+03 0.000e+00
4.159e-03 9.146e+00 2.146e-02 1.139e+03 0.000e+00
4.159e-03 9.146e+00 2.146e-02 1.208e+03 0.000e+00
4.317e-03 8.990e+00 2.223e-02 1.104e+03 0.000e+00
4.482e-03 8.832e+00 2.301e-02 1.008e+03 0.000e+00
4.482e-03 8.832e+00 2.301e-02 1.052e+03 0.000e+00
4.494e-03 8.820e+00 2.307e-02 1.045e+03 0.000e+00
4.961e-03 8.387e+00 2.523e-02 8.235e+02 0.000e+00
5.000e-03 8.352e+00 2.541e-02 8.080e+02 0.000e+00
5.477e-03 7.941e+00 2.751e-02 6.461e+02 0.000e+00
6.000e-03 7.522e+00 2.970e-02 5.165e+02 0.000e+00
6.046e-03 7.486e+00 2.989e-02 5.067e+02 0.000e+00
6.675e-03 7.022e+00 3.243e-02 3.955e+02 0.000e+00
7.368e-03 6.554e+00 3.512e-02 3.089e+02 0.000e+00
8.000e-03 6.165e+00 3.749e-02 2.514e+02 0.000e+00
8.134e-03 6.087e+00 3.798e-02 2.410e+02 0.000e+00
8.979e-03 5.626e+00 4.097e-02 1.874e+02 0.000e+00
9.912e-03 5.175e+00 4.409e-02 1.457e+02 0.000e+00
1.000e-02 5.135e+00 4.438e-02 1.425e+02 0.000e+00
1.094e-02 4.735e+00 4.729e-02 1.130e+02 0.000e+00
1.208e-02 4.310e+00 5.056e-02 8.742e+01 0.000e+00
1.334e-02 3.901e+00 5.386e-02 6.764e+01 0.000e+00
1.462e-02 3.542e+00 5.688e-02 5.338e+01 0.000e+00
1.462e-02 3.542e+00 5.688e-02 1.308e+02 0.000e+00
1.472e-02 3.516e+00 5.711e-02 1.285e+02 0.000e+00
1.500e-02 3.445e+00 5.772e-02 1.224e+02 0.000e+00
1.625e-02 3.144e+00 6.032e-02 9.846e+01 0.000e+00
1.734e-02 2.913e+00 6.241e-02 8.259e+01 0.000e+00
1.734e-02 2.913e+00 6.241e-02 1.155e+02 0.000e+00
1.794e-02 2.798e+00 6.352e-02 1.064e+02 0.000e+00
1.805e-02 2.778e+00 6.372e-02 1.048e+02 0.000e+00
1.805e-02 2.778e+00 6.372e-02 1.212e+02 0.000e+00
1.980e-02 2.482e+00 6.670e-02 9.555e+01 0.000e+00
2.000e-02 2.452e+00 6.702e-02 9.312e+01 0.000e+00
2.186e-02 2.192e+00 6.987e-02 7.395e+01 0.000e+00
2.413e-02 1.929e+00 7.300e-02 5.724e+01 0.000e+00
2.664e-02 1.692e+00 7.606e-02 4.429e+01 0.000e+00
2.941e-02 1.481e+00 7.903e-02 3.427e+01 0.000e+00
3.000e-02 1.442e+00 7.961e-02 3.255e+01 0.000e+00
3.247e-02 1.295e+00 8.187e-02 2.639e+01 0.000e+00
3.584e-02 1.131e+00 8.455e-02 2.031e+01 0.000e+00
3.957e-02 9.827e-01 8.703e-02 1.563e+01 0.000e+00
4.000e-02 9.675e-01 8.729e-02 1.518e+01 0.000e+00
4.368e-02 8.502e-01 8.926e-02 1.199e+01 0.000e+00
4.822e-02 7.318e-01 9.121e-02 9.193e+00 0.000e+00
5.000e-02 6.919e-01 9.184e-02 8.341e+00 0.000e+00
5.323e-02 6.274e-01 9.285e-02 7.042e+00 0.000e+00
5.876e-02 5.362e-01 9.418e-02 5.390e+00 0.000e+00
6.000e-02 5.186e-01 9.442e-02 5.094e+00 0.000e+00
6.486e-02 4.576e-01 9.521e-02 4.120e+00 0.000e+00
7.161e-02 3.900e-01 9.595e-02 3.146e+00 0.000e+00
7.905e-02 3.322e-01 9.637e-02 2.403e+00 0.000e+00
8.000e-02 3.258e-01 9.640e-02 2.326e+00 0.000e+00
8.726e-02 2.827e-01 9.648e-02 1.835e+00 0.000e+00
9.633e-02 2.401e-01 9.633e-02 1.400e+00 0.000e+00
9.840e-02 2.318e-01 9.627e-02 1.321e+00 0.000e+00
9.840e-02 2.318e-01 9.627e-02 5.935e+00 0.000e+00
1.000e-01 2.256e-01 9.621e-02 5.764e+00 0.000e+00
1.063e-01 2.035e-01 9.593e-02 5.090e+00 0.000e+00
1.174e-01 1.717e-01 9.523e-02 3.997e+00 0.000e+00
1.296e-01 1.447e-01 9.426e-02 3.047e+00 0.000e+00
1.431e-01 1.216e-01 9.304e-02 2.296e+00 0.000e+00
1.500e-01 1.118e-01 9.239e-02 2.010e+00 0.000e+00
1.579e-01 1.021e-01 9.162e-02 1.747e+00 0.000e+00
1.743e-01 8.556e-02 9.000e-02 1.347e+00 0.000e+00
1.925e-01 7.157e-02 8.819e-02 1.044e+00 0.000e+00
2.000e-01 6.681e-02 8.745e-02 9.469e-01 0.000e+00
2.125e-01 5.988e-02 8.623e-02 8.100e-01 0.000e+00
2.345e-01 5.010e-02 8.414e-02 6.273e-01 0.000e+00
2.589e-01 4.185e-02 8.192e-02 4.848e-01 0.000e+00
2.858e-01 3.493e-02 7.962e-02 3.754e-01 0.000e+00
3.000e-01 3.195e-02 7.847e-02 3.315e-01 0.000e+00
3.155e-01 2.912e-02 7.726e-02 2.916e-01 0.000e+00
3.483e-01 2.425e-02 7.485e-02 2.274e-01 0.000e+00
3.845e-01 2.017e-02 7.241e-02 1.781e-01 0.000e+00
4.000e-01 1.873e-02 7.142e-02 1.616e-01 0.000e+00
4.245e-01 1.675e-02 6.993e-02 1.399e-01 0.000e+00
4.686e-01 1.390e-02 6.744e-02 1.104e-01 0.000e+00
5.000e-01 1.229e-02 6.580e-02 9.469e-02 0.000e+00
5.173e-01 1.152e-02 6.495e-02 8.745e-02 0.000e+00
5.710e-01 9.538e-03 6.248e-02 6.963e-02 0.000e+00
6.000e-01 8.674e-03 6.125e-02 6.222e-02 0.000e+00
6.304e-01 7.888e-03 6.002e-02 5.569e-02 0.000e+00
6.959e-01 6.519e-03 5.757e-02 4.476e-02 0.000e+00
7.682e-01 5.386e-03 5.513e-02 3.616e-02 0.000e+00
8.000e-01 4.980e-03 5.414e-02 3.317e-02 0.000e+00
8.480e-01 4.450e-03 5.272e-02 2.936e-02 0.000e+00
9.361e-01 3.674e-03 5.037e-02 2.395e-02 0.000e+00
1.000e+00 3.228e-03 4.885e-02 2.095e-02 0.000e+00
1.022e+00 3.092e-03 4.836e-02 2.006e-02 0.000e+00
1.033e+00 3.028e-03 4.812e-02 1.963e-02 8.642e-08
1.141e+00 2.492e-03 4.586e-02 1.614e-02 7.800e-05
1.250e+00 2.085e-03 4.381e-02 1.354e-02 4.006e-04
1.259e+00 2.056e-03 4.365e-02 1.335e-02 4.389e-04
1.390e+00 1.693e-03 4.149e-02 1.108e-02 1.162e-03
1.500e+00 1.457e-03 3.987e-02 9.637e-03 1.936e-03
1.535e+00 1.392e-03 3.939e-02 9.244e-03 2.200e-03
1.694e+00 1.145e-03 3.734e-02 7.759e-03 3.432e-03
1.870e+00 9.420e-04 3.536e-02 6.536e-03 4.787e-03
2.000e+00 8.249e-04 3.407e-02 5.826e-03 5.769e-03
2.044e+00 7.901e-04 3.366e-02 5.615e-03 6.100e-03
2.065e+00 7.743e-04 3.347e-02 5.519e-03 6.257e-03
2.279e+00 6.370e-04 3.165e-02 4.685e-03 7.804e-03
2.516e+00 5.233e-04 2.987e-02 3.995e-03 9.410e-03
2.778e+00 4.296e-04 2.814e-02 3.421e-03 1.107e-02
3.000e+00 3.686e-04 2.685e-02 3.041e-03 1.238e-02
3.066e+00 3.530e-04 2.649e-02 2.942e-03 1.276e-02
3.385e+00 2.898e-04 2.491e-02 2.536e-03 1.452e-02
3.737e+00 2.380e-04 2.341e-02 2.193e-03 1.634e-02
4.000e+00 2.079e-04 2.241e-02 1.988e-03 1.763e-02
4.125e+00 1.955e-04 2.197e-02 1.903e-03 1.822e-02
4.554e+00 1.605e-04 2.060e-02 1.656e-03 2.015e-02
5.000e+00 1.332e-04 1.936e-02 1.456e-03 2.203e-02
5.027e+00 1.318e-04 1.929e-02 1.445e-03 2.214e-02
5.549e+00 1.082e-04 1.805e-02 1.264e-03 2.418e-02
6.000e+00 9.252e-05 1.712e-02 1.140e-03 2.583e-02
6.126e+00 8.876e-05 1.687e-02 1.109e-03 2.627e-02
6.762e+00 7.287e-05 1.576e-02 9.753e-04 2.842e-02
7.000e+00 6.800e-05 1.539e-02 9.328e-04 2.918e-02
7.465e+00 5.980e-05 1.471e-02 8.593e-04 3.063e-02
8.000e+00 5.208e-05 1.400e-02 7.874e-04 3.221e-02
8.241e+00 4.908e-05 1.371e-02 7.587e-04 3.288e-02
9.000e+00 4.115e-05 1.287e-02 6.803e-04 3.495e-02
9.097e+00 4.028e-05 1.277e-02 6.714e-04 3.521e-02
1.000e+01 3.334e-05 1.193e-02 5.981e-04 3.751e-02
1.004e+01 3.307e-05 1.189e-02 5.952e-04 3.761e-02
1.100e+01 2.756e-05 1.113e-02 5.333e-04 3.987e-02
1.109e+01 2.711e-05 1.106e-02 5.281e-04 4.007e-02
1.200e+01 2.316e-05 1.043e-02 4.809e-04 4.205e-02
1.224e+01 2.226e-05 1.028e-02 4.698e-04 4.256e-02
1.300e+01 1.973e-05 9.830e-03 4.378e-04 4.411e-02
1.351e+01 1.827e-05 9.552e-03 4.187e-04 4.512e-02
1.400e+01 1.702e-05 9.301e-03 4.017e-04 4.604e-02
1.491e+01 1.500e-05 8.869e-03 3.734e-04 4.767e-02
1.500e+01 1.482e-05 8.829e-03 3.708e-04 4.783e-02
1.600e+01 1.303e-05 8.409e-03 3.445e-04 4.951e-02
1.646e+01 1.231e-05 8.230e-03 3.336e-04 5.024e-02
1.800e+01 1.029e-05 7.687e-03 3.014e-04 5.254e-02
1.818e+01 1.009e-05 7.629e-03 2.980e-04 5.279e-02
2.000e+01 8.338e-06 7.088e-03 2.678e-04 5.524e-02
