# RUTHENIUM from NIST Database
1.241e+01 0.000e+00 0.000e+00 0.000e+00 0.000e+00
4.400e+01 1.000e+00 3.500e+00 0.000e+00 0.000e+00
0.000e+00 0.000e+00 0.000e+00 0.000e+00 0.000e+00
1.000e-03 0.000e+00 0.000e+00 0.000e+00 0.000e+00
1.020e-03 0.000e+00 0.000e+00 0.000e+00 0.000e+00
1.126e-03 0.000e+00 0.000e+00 0.000e+00 0.000e+00
1.243e-03 0.000e+00 0.000e+00 0.000e+00 0.000e+00
1.372e-03 0.000e+00 0.000e+00 0.000e+00 0.000e+00
1.500e-03 0.000e+00 0.000e+00 0.000e+00 0.000e+00
1.515e-03 0.000e+00 0.000e+00 0.000e+00 0.000e+00
1.672e-03 0.000e+00 0.000e+00 0.000e+00 0.000e+00
1.846e-03 0.000e+00 0.000e+00 0.000e+00 0.000e+00
2.000e-03 0.000e+00 0.000e+00 0.000e+00 0.000e+00
2.038e-03 0.000e+00 0.000e+00 0.000e+00 0.000e+00
2.250e-03 0.000e+00 0.000e+00 0.000e+00 0.000e+00
2.483e-03 0.000e+00 0.000e+00 0.000e+00 0.000e+00
2.741e-03 0.000e+00 0.000e+00 0.000e+00 0.000e+00
3.000e-03 0.000e+00 0.000e+00 0.000e+00 0.000e+00
3.026e-03 0.000e+00 0.000e+00 0.000e+00 0.000e+00
3.341e-03 0.000e+00 0.000e+00 0.000e+00 0.000e+00
3.688e-03 0.000e+00 0.000e+00 0.000e+00 0.000e+00
4.000e-03 0.000e+00 0.000e+00 0.000e+00 0.000e+00
4.071e-03 0.000e+00 0.000e+00 0.000e+00 0.000e+00
4.494e-03 0.000e+00 0.000e+00 0.000e+00 0.000e+00
4.961e-03 0.000e+00 0.000e+00 0.000e+00 0.000e+00
5.000e-03 0.000e+00 0.000e+00 0.000e+00 0.000e+00
5.477e-03 0.000e+00 0.000e+00 0.000e+00 0.000e+00
6.000e-03 0.000e+00 0.000e+00 0.000e+00 0.000e+00
6.046e-03 0.000e+00 0.000e+00 0.000e+00 0.000e+00
6.675e-03 0.000e+00 0.000e+00 0.000e+00 0.000e+00
7.368e-03 0.000e+00 0.000e+00 0.000e+00 0.000e+00
8.000e-03 0.000e+00 0.000e+00 0.000e+00 0.000e+00
8.134e-03 0.000e+00 0.000e+00 0.000e+00 0.000e+00
8.979e-03 0.000e+00 0.000e+00 0.000e+00 0.000e+00
9.912e-03 0.000e+00 0.000e+00 0.000e+00 0.000e+00
1.000e-02 0.000e+00 0.000e+00 0.000e+00 0.000e+00
1.094e-02 0.000e+00 0.000e+00 0.000e+00 0.000e+00
1.208e-02 0.000e+00 0.000e+00 0.000e+00 0.000e+00
1.334e-02 0.000e+00 0.000e+00 0.000e+00 0.000e+00
1.472e-02 0.000e+00 0.000e+00 0.000e+00 0.000e+00
1.500e-02 0.000e+00 0.000e+00 0.000e+00 0.000e+00
1.625e-02 0.000e+00 0.000e+00 0.000e+00 0.000e+00
1.794e-02 0.000e+00 0.000e+00 0.000e+00 0.000e+00
1.980e-02 0.000e+00 0.000e+00 0.000e+00 0.000e+00
2.000e-02 0.000e+00 0.000e+00 0.000e+00 0.000e+00
2.186e-02 0.000e+00 0.000e+00 0.000e+00 0.000e+00
2.413e-02 0.000e+00 0.000e+00 0.000e+00 0.000e+00
2.664e-02 0.000e+00 0.000e+00 0.000e+00 0.000e+00
2.941e-02 0.000e+00 0.000e+00 0.000e+00 0.000e+00
3.000e-02 0.000e+00 0.000e+00 0.000e+00 0.000e+00
3.247e-02 0.000e+00 0.000e+00 0.000e+00 0.000e+00
3.584e-02 0.000e+00 0.000e+00 0.000e+00 0.000e+00
3.957e-02 0.000e+00 0.000e+00 0.000e+00 0.000e+00
4.000e-02 0.000e+00 0.000e+00 0.000e+00 0.000e+00
4.368e-02 0.000e+00 0.000e+00 0.000e+00 0.000e+00
4.822e-02 0.000e+00 0.000e+00 0.000e+00 0.000e+00
5.000e-02 0.000e+00 0.000e+00 0.000e+00 0.000e+00
5.323e-02 0.000e+00 0.000e+00 0.000e+00 0.000e+00
5.876e-02 0.000e+00 0.000e+00 0.000e+00 0.000e+00
6.000e-02 0.000e+00 0.000e+00 0.000e+00 0.000e+00
6.486e-02 0.000e+00 0.000e+00 0.000e+00 0.000e+00
7.161e-02 0.000e+00 0.000e+00 0.000e+00 0.000e+00
7.905e-02 0.000e+00 0.000e+00 0.000e+00 0.000e+00
8.000e-02 0.000e+00 0.000e+00 0.000e+00 0.000e+00
8.726e-02 0.000e+00 0.000e+00 0.000e+00 0.000e+00
9.633e-02 0.000e+00 0.000e+00 0.000e+00 0.000e+00
1.000e-01 0.000e+00 0.000e+00 0.000e+00 0.000e+00
1.063e-01 0.000e+00 0.000e+00 0.000e+00 0.000e+00
1.174e-01 0.000e+00 0.000e+00 0.000e+00 0.000e+00
1.296e-01 0.000e+00 0.000e+00 0.000e+00 0.000e+00
1.431e-01 0.000e+00 0.000e+00 0.000e+00 0.000e+00
1.500e-01 0.000e+00 0.000e+00 0.000e+00 0.000e+00
1.579e-01 0.000e+00 0.000e+00 0.000e+00 0.000e+00
1.743e-01 0.000e+00 0.000e+00 0.000e+00 0.000e+00
1.925e-01 0.000e+00 0.000e+00 0.000e+00 0.000e+00
2.000e-01 0.000e+00 0.000e+00 0.000e+00 0.000e+00
2.125e-01 0.000e+00 0.000e+00 0.000e+00 0.000e+00
2.345e-01 0.000e+00 0.000e+00 0.000e+00 0.000e+00
2.589e-01 0.000e+00 0.000e+00 0.000e+00 0.000e+00
2.858e-01 0.000e+00 0.000e+00 0.000e+00 0.000e+00
3.000e-01 0.000e+00 0.000e+00 0.000e+00 0.000e+00
3.155e-01 0.000e+00 0.000e+00 0.000e+00 0.000e+00
3.483e-01 0.000e+00 0.000e+00 0.000e+00 0.000e+00
3.845e-01 0.000e+00 0.000e+00 0.000e+00 0.000e+00
4.000e-01 0.000e+00 0.000e+00 0.000e+00 0.000e+00
4.245e-01 0.000e+00 0.000e+00 0.000e+00 0.000e+00
4.686e-01 0.000e+00 0.000e+00 0.000e+00 0.000e+00
5.000e-01 0.000e+00 0.000e+00 0.000e+00 0.000e+00
5.173e-01 0.000e+00 0.000e+00 0.000e+00 0.000e+00
5.710e-01 0.000e+00 0.000e+00 0.000e+00 0.000e+00
6.000e-01 0.000e+00 0.000e+00 0.000e+00 0.000e+00
6.304e-01 0.000e+00 0.000e+00 0.000e+00 0.000e+00
6.959e-01 0.000e+00 0.000e+00 0.000e+00 0.000e+00
7.682e-01 0.000e+00 0.000e+00 0.000e+00 0.000e+00
8.000e-01 0.000e+00 0.000e+00 0.000e+00 0.000e+00
8.480e-01 0.000e+00 0.000e+00 0.000e+00 0.000e+00
9.361e-01 0.000e+00 0.000e+00 0.000e+00 0.000e+00
1.000e+00 0.000e+00 0.000e+00 0.000e+00 0.000e+00
1.022e+00 0.000e+00 0.000e+00 0.000e+00 0.000e+00
1.033e+00 0.000e+00 0.000e+00 0.000e+00 0.000e+00
1.141e+00 0.000e+00 0.000e+00 0.000e+00 0.000e+00
1.250e+00 0.000e+00 0.000e+00 0.000e+00 0.000e+00
1.259e+00 0.000e+00 0.000e+00 0.000e+00 0.000e+00
1.390e+00 0.000e+00 0.000e+00 0.000e+00 0.000e+00
1.500e+00 0.000e+00 0.000e+00 0.000e+00 0.000e+00
1.535e+00 0.000e+00 0.000e+00 0.000e+00 0.000e+00
1.694e+00 0.000e+00 0.000e+00 0.000e+00 0.000e+00
1.870e+00 0.000e+00 0.000e+00 0.000e+00 0.000e+00
2.000e+00 0.000e+00 0.000e+00 0.000e+00 0.000e+00
2.044e+00 0.000e+00 0.000e+00 0.000e+00 0.000e+00
2.065e+00 0.000e+00 0.000e+00 0.000e+00 0.000e+00
2.279e+00 0.000e+00 0.000e+00 0.000e+00 0.000e+00
2.516e+00 0.000e+00 0.000e+00 0.000e+00 0.000e+00
2.778e+00 0.000e+00 0.000e+00 0.000e+00 0.000e+00
3.000e+00 0.000e+00 0.000e+00 0.000e+00 0.000e+00
3.066e+00 0.000e+00 0.000e+00 0.000e+00 0.000e+00
3.385e+00 0.000e+00 0.000e+00 0.000e+00 0.000e+00
3.737e+00 0.000e+00 0.000e+00 0.000e+00 0.000e+00
4.000e+00 0.000e+00 0.000e+00 0.000e+00 0.000e+00
4.125e+00 0.000e+00 0.000e+00 0.000e+00 0.000e+00
4.554e+00 0.000e+00 0.000e+00 0.000e+00 0.000e+00
5.000e+00 0.000e+00 0.000e+00 0.000e+00 0.000e+00
5.027e+00 0.000e+00 0.000e+00 0.000e+00 0.000e+00
5.549e+00 0.000e+00 0.000e+00 0.000e+00 0.000e+00
6.000e+00 0.000e+00 0.000e+00 0.000e+00 0.000e+00
6.126e+00 0.000e+00 0.000e+00 0.000e+00 0.000e+00
6.762e+00 0.000e+00 0.000e+00 0.000e+00 0.000e+00
7.000e+00 0.000e+00 0.000e+00 0.000e+00 0.000e+00
7.465e+00 0.000e+00 0.000e+00 0.000e+00 0.000e+00
8.000e+00 0.000e+00 0.000e+00 0.000e+00 0.000e+00
8.241e+00 0.000e+00 0.000e+00 0.000e+00 0.000e+00
9.000e+00 0.000e+00 0.000e+00 0.000e+00 0.000e+00
9.097e+00 0.000e+00 0.000e+00 0.000e+00 0.000e+00
1.000e+01 0.000e+00 0.000e+00 0.000e+00 0.000e+00
1.004e+01 0.000e+00 0.000e+00 0.000e+00 0.000e+00
1.100e+01 0.000e+00 0.000e+00 0.000e+00 0.000e+00
1.109e+01 0.000e+00 0.000e+00 0.000e+00 0.000e+00
1.200e+01 0.000e+00 0.000e+00 0.000e+00 0.000e+00
1.224e+01 0.000e+00 0.000e+00 0.000e+00 0.000e+00
1.300e+01 0.000e+00 0.000e+00 0.000e+00 0.000e+00
1.351e+01 0.000e+00 0.000e+00 0.000e+00 0.000e+00
1.400e+01 0.000e+00 0.000e+00 0.000e+00 0.000e+00
1.491e+01 0.000e+00 0.000e+00 0.000e+00 0.000e+00
1.500e+01 0.000e+00 0.000e+00 0.000e+00 0.000e+00
1.600e+01 0.000e+00 0.000e+00 0.000e+00 0.000e+00
1.646e+01 0.000e+00 0.000e+00 0.000e+00 0.000e+00
1.800e+01 0.000e+00 0.000e+00 0.000e+00 0.000e+00
1.818e+01 0.000e+00 0.000e+00 0.000e+00 0.000e+00
2.000e+01 0.000e+00 0.000e+00 0.000e+00 0.000e+00
