# SULFUR from NIST Database
2.000e+00 0.000e+00 0.000e+00 0.000e+00 0.000e+00
1.600e+01 1.000e+00 3.500e+00 0.000e+00 0.000e+00
0.000e+00 0.000e+00 0.000e+00 0.000e+00 0.000e+00
1.000e-03 2.947e+00 1.011e-02 2.426e+03 0.000e+00
1.020e-03 2.936e+00 1.045e-02 2.303e+03 0.000e+00
1.126e-03 2.881e+00 1.233e-02 1.773e+03 0.000e+00
1.243e-03 2.824e+00 1.451e-02 1.366e+03 0.000e+00
1.372e-03 2.760e+00 1.700e-02 1.052e+03 0.000e+00
1.500e-03 2.695e+00 1.951e-02 8.314e+02 0.000e+00
1.515e-03 2.687e+00 1.981e-02 8.094e+02 0.000e+00
1.672e-03 2.604e+00 2.288e-02 6.204e+02 0.000e+00
1.846e-03 2.510e+00 2.624e-02 4.751e+02 0.000e+00
2.000e-03 2.426e+00 2.917e-02 3.827e+02 0.000e+00
2.038e-03 2.406e+00 2.988e-02 3.636e+02 0.000e+00
2.250e-03 2.293e+00 3.378e-02 2.775e+02 0.000e+00
2.472e-03 2.182e+00 3.771e-02 2.147e+02 0.000e+00
2.472e-03 2.182e+00 3.771e-02 2.068e+03 0.000e+00
2.483e-03 2.177e+00 3.790e-02 2.048e+03 0.000e+00
2.741e-03 2.059e+00 4.225e-02 1.647e+03 0.000e+00
3.000e-03 1.949e+00 4.637e-02 1.337e+03 0.000e+00
3.026e-03 1.939e+00 4.677e-02 1.309e+03 0.000e+00
3.341e-03 1.817e+00 5.141e-02 1.021e+03 0.000e+00
3.688e-03 1.697e+00 5.612e-02 7.863e+02 0.000e+00
4.000e-03 1.600e+00 6.002e-02 6.321e+02 0.000e+00
4.071e-03 1.580e+00 6.087e-02 6.030e+02 0.000e+00
4.494e-03 1.468e+00 6.562e-02 4.628e+02 0.000e+00
4.961e-03 1.362e+00 7.035e-02 3.547e+02 0.000e+00
5.000e-03 1.353e+00 7.073e-02 3.473e+02 0.000e+00
5.477e-03 1.260e+00 7.509e-02 2.707e+02 0.000e+00
6.000e-03 1.172e+00 7.946e-02 2.103e+02 0.000e+00
6.046e-03 1.164e+00 7.983e-02 2.059e+02 0.000e+00
6.675e-03 1.072e+00 8.462e-02 1.562e+02 0.000e+00
7.368e-03 9.831e-01 8.948e-02 1.183e+02 0.000e+00
8.000e-03 9.109e-01 9.358e-02 9.364e+01 0.000e+00
8.134e-03 8.965e-01 9.442e-02 8.931e+01 0.000e+00
8.979e-03 8.121e-01 9.946e-02 6.729e+01 0.000e+00
9.912e-03 7.301e-01 1.046e-01 5.058e+01 0.000e+00
1.000e-02 7.229e-01 1.050e-01 4.930e+01 0.000e+00
1.094e-02 6.510e-01 1.097e-01 3.795e+01 0.000e+00
1.208e-02 5.757e-01 1.148e-01 2.838e+01 0.000e+00
1.334e-02 5.055e-01 1.198e-01 2.118e+01 0.000e+00
1.472e-02 4.416e-01 1.245e-01 1.581e+01 0.000e+00
1.500e-02 4.301e-01 1.254e-01 1.495e+01 0.000e+00
1.625e-02 3.836e-01 1.290e-01 1.176e+01 0.000e+00
1.794e-02 3.319e-01 1.331e-01 8.738e+00 0.000e+00
1.980e-02 2.864e-01 1.369e-01 6.484e+00 0.000e+00
2.000e-02 2.821e-01 1.372e-01 6.290e+00 0.000e+00
2.186e-02 2.466e-01 1.402e-01 4.799e+00 0.000e+00
2.413e-02 2.120e-01 1.430e-01 3.548e+00 0.000e+00
2.664e-02 1.820e-01 1.455e-01 2.617e+00 0.000e+00
2.941e-02 1.559e-01 1.475e-01 1.929e+00 0.000e+00
3.000e-02 1.512e-01 1.479e-01 1.814e+00 0.000e+00
3.247e-02 1.334e-01 1.492e-01 1.419e+00 0.000e+00
3.584e-02 1.140e-01 1.505e-01 1.043e+00 0.000e+00
3.957e-02 9.714e-02 1.514e-01 7.658e-01 0.000e+00
4.000e-02 9.544e-02 1.515e-01 7.403e-01 0.000e+00
4.368e-02 8.257e-02 1.519e-01 5.617e-01 0.000e+00
4.822e-02 6.996e-02 1.521e-01 4.114e-01 0.000e+00
5.000e-02 6.579e-02 1.521e-01 3.670e-01 0.000e+00
5.323e-02 5.909e-02 1.519e-01 3.011e-01 0.000e+00
5.876e-02 4.976e-02 1.514e-01 2.201e-01 0.000e+00
6.000e-02 4.797e-02 1.512e-01 2.060e-01 0.000e+00
6.486e-02 4.178e-02 1.505e-01 1.609e-01 0.000e+00
7.161e-02 3.498e-02 1.492e-01 1.175e-01 0.000e+00
7.905e-02 2.923e-02 1.476e-01 8.576e-02 0.000e+00
8.000e-02 2.860e-02 1.474e-01 8.256e-02 0.000e+00
8.726e-02 2.439e-02 1.457e-01 6.258e-02 0.000e+00
9.633e-02 2.031e-02 1.435e-01 4.564e-02 0.000e+00
1.000e-01 1.895e-02 1.425e-01 4.051e-02 0.000e+00
1.063e-01 1.691e-02 1.410e-01 3.333e-02 0.000e+00
1.174e-01 1.404e-02 1.382e-01 2.428e-02 0.000e+00
1.296e-01 1.165e-02 1.353e-01 1.773e-02 0.000e+00
1.431e-01 9.652e-03 1.322e-01 1.294e-02 0.000e+00
1.500e-01 8.823e-03 1.306e-01 1.114e-02 0.000e+00
1.579e-01 7.998e-03 1.289e-01 9.473e-03 0.000e+00
1.743e-01 6.615e-03 1.255e-01 6.936e-03 0.000e+00
1.925e-01 5.461e-03 1.220e-01 5.079e-03 0.000e+00
2.000e-01 5.071e-03 1.206e-01 4.507e-03 0.000e+00
2.125e-01 4.507e-03 1.184e-01 3.732e-03 0.000e+00
2.345e-01 3.720e-03 1.147e-01 2.753e-03 0.000e+00
2.589e-01 3.065e-03 1.110e-01 2.034e-03 0.000e+00
2.858e-01 2.525e-03 1.073e-01 1.509e-03 0.000e+00
3.000e-01 2.295e-03 1.055e-01 1.306e-03 0.000e+00
3.155e-01 2.078e-03 1.036e-01 1.125e-03 0.000e+00
3.483e-01 1.710e-03 9.992e-02 8.424e-04 0.000e+00
3.845e-01 1.406e-03 9.624e-02 6.343e-04 0.000e+00
4.000e-01 1.300e-03 9.478e-02 5.672e-04 0.000e+00
4.245e-01 1.156e-03 9.260e-02 4.803e-04 0.000e+00
4.686e-01 9.500e-04 8.900e-02 3.664e-04 0.000e+00
5.000e-01 8.352e-04 8.667e-02 3.082e-04 0.000e+00
5.173e-01 7.805e-04 8.546e-02 2.819e-04 0.000e+00
5.710e-01 6.413e-04 8.197e-02 2.187e-04 0.000e+00
6.000e-01 5.811e-04 8.025e-02 1.929e-04 0.000e+00
6.304e-01 5.267e-04 7.854e-02 1.703e-04 0.000e+00
6.959e-01 4.326e-04 7.518e-02 1.336e-04 0.000e+00
7.682e-01 3.552e-04 7.189e-02 1.066e-04 0.000e+00
8.000e-01 3.275e-04 7.056e-02 9.777e-05 0.000e+00
8.480e-01 2.914e-04 6.867e-02 8.699e-05 0.000e+00
9.361e-01 2.392e-04 6.553e-02 7.109e-05 0.000e+00
1.000e+00 2.098e-04 6.346e-02 6.077e-05 0.000e+00
1.022e+00 2.010e-04 6.278e-02 5.741e-05 0.000e+00
1.033e+00 1.967e-04 6.245e-02 5.589e-05 8.386e-09
1.141e+00 1.613e-04 5.944e-02 4.545e-05 7.758e-06
1.250e+00 1.343e-04 5.675e-02 3.889e-05 4.109e-05
1.259e+00 1.324e-04 5.655e-02 3.842e-05 4.515e-05
1.390e+00 1.086e-04 5.371e-02 3.226e-05 1.257e-04
1.500e+00 9.332e-05 5.159e-02 2.815e-05 2.210e-04
1.535e+00 8.912e-05 5.096e-02 2.704e-05 2.560e-04
1.694e+00 7.319e-05 4.831e-02 2.287e-05 4.379e-04
1.870e+00 6.006e-05 4.574e-02 1.947e-05 6.746e-04
2.000e+00 5.251e-05 4.404e-02 1.751e-05 8.665e-04
2.044e+00 5.028e-05 4.350e-02 1.693e-05 9.340e-04
2.065e+00 4.926e-05 4.324e-02 1.666e-05 9.664e-04
2.279e+00 4.045e-05 4.084e-02 1.434e-05 1.304e-03
2.516e+00 3.319e-05 3.853e-02 1.238e-05 1.686e-03
2.778e+00 2.722e-05 3.631e-02 1.074e-05 2.111e-03
3.000e+00 2.334e-05 3.465e-02 9.640e-06 2.467e-03
3.066e+00 2.235e-05 3.419e-02 9.354e-06 2.572e-03
3.385e+00 1.834e-05 3.215e-02 8.172e-06 3.076e-03
3.737e+00 1.504e-05 3.019e-02 7.163e-06 3.617e-03
4.000e+00 1.313e-05 2.890e-02 6.554e-06 4.009e-03
4.125e+00 1.235e-05 2.833e-02 6.299e-06 4.190e-03
4.554e+00 1.013e-05 2.656e-02 5.553e-06 4.794e-03
5.000e+00 8.404e-06 2.496e-02 4.939e-06 5.393e-03
5.027e+00 8.314e-06 2.487e-02 4.906e-06 5.428e-03
5.549e+00 6.824e-06 2.327e-02 4.344e-06 6.096e-03
6.000e+00 5.837e-06 2.207e-02 3.951e-06 6.642e-03
6.126e+00 5.599e-06 2.175e-02 3.854e-06 6.790e-03
6.762e+00 4.595e-06 2.032e-02 3.427e-06 7.505e-03
7.000e+00 4.288e-06 1.983e-02 3.290e-06 7.759e-03
7.465e+00 3.770e-06 1.896e-02 3.051e-06 8.241e-03
8.000e+00 3.283e-06 1.805e-02 2.815e-06 8.768e-03
8.241e+00 3.093e-06 1.767e-02 2.721e-06 8.997e-03
9.000e+00 2.594e-06 1.659e-02 2.460e-06 9.685e-03
9.097e+00 2.539e-06 1.646e-02 2.430e-06 9.770e-03
1.000e+01 2.102e-06 1.537e-02 2.182e-06 1.052e-02
1.004e+01 2.085e-06 1.533e-02 2.173e-06 1.055e-02
1.100e+01 1.736e-06 1.434e-02 1.963e-06 1.128e-02
1.109e+01 1.708e-06 1.425e-02 1.945e-06 1.134e-02
1.200e+01 1.459e-06 1.345e-02 1.781e-06 1.198e-02
1.224e+01 1.403e-06 1.325e-02 1.742e-06 1.214e-02
1.300e+01 1.243e-06 1.267e-02 1.631e-06 1.263e-02
1.351e+01 1.151e-06 1.231e-02 1.563e-06 1.294e-02
1.400e+01 1.072e-06 1.198e-02 1.503e-06 1.322e-02
1.491e+01 9.451e-07 1.143e-02 1.404e-06 1.374e-02
1.500e+01 9.338e-07 1.138e-02 1.395e-06 1.379e-02
1.600e+01 8.207e-07 1.083e-02 1.301e-06 1.431e-02
1.646e+01 7.755e-07 1.060e-02 1.261e-06 1.455e-02
1.800e+01 6.485e-07 9.903e-03 1.146e-06 1.529e-02
1.818e+01 6.357e-07 9.828e-03 1.133e-06 1.537e-02
2.000e+01 5.253e-07 9.131e-03 1.024e-06 1.616e-02
