# ANTIMONY from NIST Database
6.691e+00 0.000e+00 0.000e+00 0.000e+00 0.000e+00
5.100e+01 1.000e+00 3.500e+00 0.000e+00 0.000e+00
0.000e+00 0.000e+00 0.000e+00 0.000e+00 0.000e+00
1.000e-03 8.112e+00 5.025e-03 8.577e+03 0.000e+00
1.020e-03 8.093e+00 5.185e-03 8.208e+03 0.000e+00
1.126e-03 8.000e+00 6.055e-03 6.589e+03 0.000e+00
1.243e-03 7.900e+00 7.057e-03 5.289e+03 0.000e+00
1.372e-03 7.788e+00 8.190e-03 4.247e+03 0.000e+00
1.500e-03 7.672e+00 9.324e-03 3.483e+03 0.000e+00
1.515e-03 7.658e+00 9.456e-03 3.402e+03 0.000e+00
1.672e-03 7.507e+00 1.084e-02 2.692e+03 0.000e+00
1.846e-03 7.337e+00 1.235e-02 2.128e+03 0.000e+00
2.000e-03 7.187e+00 1.367e-02 1.760e+03 0.000e+00
2.038e-03 7.150e+00 1.399e-02 1.680e+03 0.000e+00
2.250e-03 6.948e+00 1.578e-02 1.316e+03 0.000e+00
2.483e-03 6.731e+00 1.772e-02 1.032e+03 0.000e+00
2.741e-03 6.497e+00 1.980e-02 8.085e+02 0.000e+00
3.000e-03 6.267e+00 2.182e-02 6.470e+02 0.000e+00
3.026e-03 6.244e+00 2.202e-02 6.329e+02 0.000e+00
3.341e-03 5.976e+00 2.436e-02 4.921e+02 0.000e+00
3.688e-03 5.697e+00 2.684e-02 3.828e+02 0.000e+00
4.000e-03 5.466e+00 2.899e-02 3.114e+02 0.000e+00
4.071e-03 5.415e+00 2.946e-02 2.976e+02 0.000e+00
4.132e-03 5.372e+00 2.987e-02 2.864e+02 0.000e+00
4.132e-03 5.372e+00 2.987e-02 8.641e+02 0.000e+00
4.254e-03 5.283e+00 3.067e-02 8.169e+02 0.000e+00
4.380e-03 5.194e+00 3.147e-02 7.721e+02 0.000e+00
4.380e-03 5.194e+00 3.147e-02 1.045e+03 0.000e+00
4.494e-03 5.116e+00 3.219e-02 9.847e+02 0.000e+00
4.698e-03 4.981e+00 3.348e-02 8.889e+02 0.000e+00
4.698e-03 4.981e+00 3.348e-02 1.024e+03 0.000e+00
4.961e-03 4.810e+00 3.508e-02 8.969e+02 0.000e+00
5.000e-03 4.785e+00 3.532e-02 8.799e+02 0.000e+00
5.477e-03 4.495e+00 3.811e-02 6.973e+02 0.000e+00
6.000e-03 4.205e+00 4.104e-02 5.525e+02 0.000e+00
6.046e-03 4.181e+00 4.129e-02 5.415e+02 0.000e+00
6.675e-03 3.867e+00 4.463e-02 4.177e+02 0.000e+00
7.368e-03 3.559e+00 4.814e-02 3.223e+02 0.000e+00
8.000e-03 3.311e+00 5.119e-02 2.597e+02 0.000e+00
8.134e-03 3.262e+00 5.183e-02 2.485e+02 0.000e+00
8.979e-03 2.979e+00 5.569e-02 1.908e+02 0.000e+00
9.912e-03 2.713e+00 5.969e-02 1.465e+02 0.000e+00
1.000e-02 2.690e+00 6.005e-02 1.431e+02 0.000e+00
1.094e-02 2.465e+00 6.374e-02 1.120e+02 0.000e+00
1.208e-02 2.233e+00 6.782e-02 8.549e+01 0.000e+00
1.334e-02 2.015e+00 7.188e-02 6.524e+01 0.000e+00
1.472e-02 1.811e+00 7.583e-02 4.988e+01 0.000e+00
1.500e-02 1.773e+00 7.657e-02 4.739e+01 0.000e+00
1.625e-02 1.618e+00 7.967e-02 3.795e+01 0.000e+00
1.794e-02 1.437e+00 8.336e-02 2.885e+01 0.000e+00
1.980e-02 1.269e+00 8.690e-02 2.194e+01 0.000e+00
2.000e-02 1.252e+00 8.725e-02 2.134e+01 0.000e+00
2.186e-02 1.113e+00 9.030e-02 1.662e+01 0.000e+00
2.413e-02 9.704e-01 9.353e-02 1.258e+01 0.000e+00
2.664e-02 8.424e-01 9.659e-02 9.527e+00 0.000e+00
2.941e-02 7.289e-01 9.946e-02 7.213e+00 0.000e+00
3.000e-02 7.078e-01 1.000e-01 6.821e+00 0.000e+00
3.049e-02 6.910e-01 1.005e-01 6.514e+00 0.000e+00
3.049e-02 6.910e-01 1.005e-01 3.994e+01 0.000e+00
3.247e-02 6.296e-01 1.021e-01 3.396e+01 0.000e+00
3.584e-02 5.439e-01 1.045e-01 2.629e+01 0.000e+00
3.957e-02 4.692e-01 1.065e-01 2.027e+01 0.000e+00
4.000e-02 4.616e-01 1.067e-01 1.970e+01 0.000e+00
4.368e-02 4.039e-01 1.083e-01 1.555e+01 0.000e+00
4.822e-02 3.466e-01 1.098e-01 1.188e+01 0.000e+00
5.000e-02 3.274e-01 1.103e-01 1.076e+01 0.000e+00
5.323e-02 2.964e-01 1.110e-01 9.066e+00 0.000e+00
5.876e-02 2.524e-01 1.119e-01 6.907e+00 0.000e+00
6.000e-02 2.438e-01 1.120e-01 6.519e+00 0.000e+00
6.486e-02 2.141e-01 1.124e-01 5.251e+00 0.000e+00
7.161e-02 1.810e-01 1.126e-01 3.981e+00 0.000e+00
7.905e-02 1.527e-01 1.124e-01 3.014e+00 0.000e+00
8.000e-02 1.495e-01 1.124e-01 2.914e+00 0.000e+00
8.726e-02 1.285e-01 1.119e-01 2.278e+00 0.000e+00
9.633e-02 1.081e-01 1.111e-01 1.720e+00 0.000e+00
1.000e-01 1.012e-01 1.107e-01 1.546e+00 0.000e+00
1.063e-01 9.087e-02 1.100e-01 1.298e+00 0.000e+00
1.174e-01 7.624e-02 1.086e-01 9.765e-01 0.000e+00
1.296e-01 6.395e-02 1.070e-01 7.351e-01 0.000e+00
1.431e-01 5.355e-02 1.051e-01 5.528e-01 0.000e+00
1.500e-01 4.919e-02 1.042e-01 4.828e-01 0.000e+00
1.579e-01 4.483e-02 1.031e-01 4.165e-01 0.000e+00
1.743e-01 3.744e-02 1.009e-01 3.135e-01 0.000e+00
1.925e-01 3.119e-02 9.854e-02 2.358e-01 0.000e+00
2.000e-01 2.905e-02 9.759e-02 2.114e-01 0.000e+00
2.125e-01 2.596e-02 9.606e-02 1.778e-01 0.000e+00
2.345e-01 2.159e-02 9.347e-02 1.344e-01 0.000e+00
2.589e-01 1.791e-02 9.079e-02 1.017e-01 0.000e+00
2.858e-01 1.484e-02 8.803e-02 7.716e-02 0.000e+00
3.000e-01 1.353e-02 8.666e-02 6.747e-02 0.000e+00
3.155e-01 1.229e-02 8.522e-02 5.874e-02 0.000e+00
3.483e-01 1.017e-02 8.238e-02 4.488e-02 0.000e+00
3.845e-01 8.403e-03 7.953e-02 3.444e-02 0.000e+00
4.000e-01 7.785e-03 7.840e-02 3.102e-02 0.000e+00
4.245e-01 6.940e-03 7.670e-02 2.654e-02 0.000e+00
4.686e-01 5.729e-03 7.387e-02 2.057e-02 0.000e+00
5.000e-01 5.050e-03 7.202e-02 1.746e-02 0.000e+00
5.173e-01 4.726e-03 7.105e-02 1.604e-02 0.000e+00
5.710e-01 3.897e-03 6.823e-02 1.258e-02 0.000e+00
6.000e-01 3.537e-03 6.682e-02 1.116e-02 0.000e+00
6.304e-01 3.210e-03 6.544e-02 9.918e-03 0.000e+00
6.959e-01 2.644e-03 6.270e-02 7.868e-03 0.000e+00
7.682e-01 2.177e-03 6.001e-02 6.304e-03 0.000e+00
8.000e-01 2.009e-03 5.891e-02 5.777e-03 0.000e+00
8.480e-01 1.791e-03 5.735e-02 5.116e-03 0.000e+00
9.361e-01 1.473e-03 5.475e-02 4.167e-03 0.000e+00
1.000e+00 1.292e-03 5.307e-02 3.607e-03 0.000e+00
1.022e+00 1.238e-03 5.253e-02 3.433e-03 0.000e+00
1.033e+00 1.212e-03 5.226e-02 3.352e-03 4.428e-08
1.141e+00 9.955e-04 4.977e-02 2.739e-03 3.669e-05
1.250e+00 8.305e-04 4.752e-02 2.315e-03 1.770e-04
1.259e+00 8.187e-04 4.735e-02 2.285e-03 1.931e-04
1.390e+00 6.724e-04 4.499e-02 1.905e-03 4.934e-04
1.500e+00 5.777e-04 4.323e-02 1.658e-03 8.211e-04
1.535e+00 5.518e-04 4.270e-02 1.591e-03 9.368e-04
1.694e+00 4.533e-04 4.049e-02 1.337e-03 1.517e-03
1.870e+00 3.722e-04 3.834e-02 1.129e-03 2.234e-03
2.000e+00 3.256e-04 3.692e-02 1.010e-03 2.794e-03
2.044e+00 3.118e-04 3.646e-02 9.739e-04 2.986e-03
2.065e+00 3.055e-04 3.625e-02 9.577e-04 3.078e-03
2.279e+00 2.510e-04 3.425e-02 8.168e-04 4.021e-03
2.516e+00 2.060e-04 3.231e-02 6.994e-04 5.062e-03
2.778e+00 1.690e-04 3.046e-02 6.013e-04 6.189e-03
3.000e+00 1.449e-04 2.906e-02 5.362e-04 7.118e-03
3.066e+00 1.388e-04 2.868e-02 5.193e-04 7.390e-03
3.385e+00 1.138e-04 2.697e-02 4.497e-04 8.668e-03
3.737e+00 9.343e-05 2.533e-02 3.908e-04 1.001e-02
4.000e+00 8.156e-05 2.425e-02 3.554e-04 1.098e-02
4.125e+00 7.670e-05 2.377e-02 3.407e-04 1.143e-02
4.554e+00 6.295e-05 2.229e-02 2.978e-04 1.289e-02
5.000e+00 5.223e-05 2.095e-02 2.630e-04 1.432e-02
5.027e+00 5.167e-05 2.087e-02 2.611e-04 1.440e-02
5.549e+00 4.241e-05 1.953e-02 2.296e-04 1.596e-02
6.000e+00 3.627e-05 1.852e-02 2.076e-04 1.722e-02
6.126e+00 3.479e-05 1.826e-02 2.022e-04 1.756e-02
6.762e+00 2.856e-05 1.705e-02 1.786e-04 1.921e-02
7.000e+00 2.665e-05 1.664e-02 1.710e-04 1.980e-02
7.465e+00 2.343e-05 1.591e-02 1.580e-04 2.091e-02
8.000e+00 2.040e-05 1.515e-02 1.452e-04 2.213e-02
8.241e+00 1.923e-05 1.483e-02 1.400e-04 2.265e-02
9.000e+00 1.612e-05 1.392e-02 1.260e-04 2.424e-02
9.097e+00 1.578e-05 1.382e-02 1.244e-04 2.444e-02
1.000e+01 1.306e-05 1.290e-02 1.112e-04 2.618e-02
1.004e+01 1.295e-05 1.287e-02 1.107e-04 2.625e-02
1.100e+01 1.079e-05 1.203e-02 9.947e-05 2.797e-02
1.109e+01 1.062e-05 1.196e-02 9.853e-05 2.812e-02
1.200e+01 9.072e-06 1.129e-02 8.992e-05 2.962e-02
1.224e+01 8.719e-06 1.112e-02 8.790e-05 3.000e-02
1.300e+01 7.726e-06 1.063e-02 8.206e-05 3.117e-02
1.351e+01 7.153e-06 1.033e-02 7.854e-05 3.190e-02
1.400e+01 6.663e-06 1.006e-02 7.543e-05 3.258e-02
1.491e+01 5.877e-06 9.595e-03 7.027e-05 3.377e-02
1.500e+01 5.807e-06 9.551e-03 6.979e-05 3.389e-02
1.600e+01 5.100e-06 9.096e-03 6.490e-05 3.510e-02
1.646e+01 4.818e-06 8.902e-03 6.287e-05 3.564e-02
1.800e+01 4.031e-06 8.315e-03 5.693e-05 3.733e-02
1.818e+01 3.952e-06 8.252e-03 5.631e-05 3.752e-02
2.000e+01 3.266e-06 7.667e-03 5.070e-05 3.932e-02
