# SCANDIUM from NIST Database
2.989e+00 0.000e+00 0.000e+00 0.000e+00 0.000e+00
2.100e+01 1.000e+00 3.500e+00 0.000e+00 0.000e+00
0.000e+00 0.000e+00 0.000e+00 0.000e+00 0.000e+00
1.000e-03 3.553e+00 1.301e-02 5.234e+03 0.000e+00
1.020e-03 3.539e+00 1.333e-02 4.975e+03 0.000e+00
1.126e-03 3.469e+00 1.506e-02 3.863e+03 0.000e+00
1.243e-03 3.397e+00 1.698e-02 2.999e+03 0.000e+00
1.372e-03 3.320e+00 1.905e-02 2.329e+03 0.000e+00
1.500e-03 3.244e+00 2.103e-02 1.854e+03 0.000e+00
1.515e-03 3.235e+00 2.126e-02 1.806e+03 0.000e+00
1.672e-03 3.142e+00 2.353e-02 1.392e+03 0.000e+00
1.846e-03 3.040e+00 2.591e-02 1.072e+03 0.000e+00
2.000e-03 2.952e+00 2.796e-02 8.675e+02 0.000e+00
2.038e-03 2.931e+00 2.846e-02 8.244e+02 0.000e+00
2.250e-03 2.818e+00 3.123e-02 6.308e+02 0.000e+00
2.483e-03 2.699e+00 3.421e-02 4.833e+02 0.000e+00
2.741e-03 2.574e+00 3.745e-02 3.699e+02 0.000e+00
3.000e-03 2.455e+00 4.062e-02 2.897e+02 0.000e+00
3.026e-03 2.444e+00 4.093e-02 2.829e+02 0.000e+00
3.341e-03 2.308e+00 4.465e-02 2.154e+02 0.000e+00
3.688e-03 2.168e+00 4.858e-02 1.640e+02 0.000e+00
4.000e-03 2.050e+00 5.199e-02 1.311e+02 0.000e+00
4.071e-03 2.023e+00 5.274e-02 1.249e+02 0.000e+00
4.493e-03 1.877e+00 5.709e-02 9.495e+01 0.000e+00
4.493e-03 1.877e+00 5.709e-02 8.128e+02 0.000e+00
4.494e-03 1.876e+00 5.710e-02 8.123e+02 0.000e+00
4.961e-03 1.731e+00 6.162e-02 6.410e+02 0.000e+00
5.000e-03 1.720e+00 6.198e-02 6.288e+02 0.000e+00
5.477e-03 1.589e+00 6.629e-02 4.985e+02 0.000e+00
6.000e-03 1.463e+00 7.069e-02 3.918e+02 0.000e+00
6.046e-03 1.452e+00 7.106e-02 3.840e+02 0.000e+00
6.675e-03 1.323e+00 7.587e-02 2.951e+02 0.000e+00
7.368e-03 1.201e+00 8.065e-02 2.267e+02 0.000e+00
8.000e-03 1.107e+00 8.458e-02 1.816e+02 0.000e+00
8.134e-03 1.089e+00 8.536e-02 1.737e+02 0.000e+00
8.979e-03 9.864e-01 8.995e-02 1.326e+02 0.000e+00
9.912e-03 8.918e-01 9.441e-02 1.010e+02 0.000e+00
1.000e-02 8.837e-01 9.480e-02 9.854e+01 0.000e+00
1.094e-02 8.046e-01 9.875e-02 7.673e+01 0.000e+00
1.208e-02 7.232e-01 1.030e-01 5.808e+01 0.000e+00
1.334e-02 6.468e-01 1.071e-01 4.384e+01 0.000e+00
1.472e-02 5.754e-01 1.112e-01 3.309e+01 0.000e+00
1.500e-02 5.622e-01 1.119e-01 3.135e+01 0.000e+00
1.625e-02 5.079e-01 1.151e-01 2.488e+01 0.000e+00
1.794e-02 4.450e-01 1.188e-01 1.867e+01 0.000e+00
1.980e-02 3.876e-01 1.224e-01 1.399e+01 0.000e+00
2.000e-02 3.820e-01 1.227e-01 1.358e+01 0.000e+00
2.186e-02 3.356e-01 1.257e-01 1.045e+01 0.000e+00
2.413e-02 2.893e-01 1.286e-01 7.801e+00 0.000e+00
2.664e-02 2.484e-01 1.312e-01 5.809e+00 0.000e+00
2.941e-02 2.128e-01 1.335e-01 4.319e+00 0.000e+00
3.000e-02 2.063e-01 1.338e-01 4.068e+00 0.000e+00
3.247e-02 1.820e-01 1.353e-01 3.205e+00 0.000e+00
3.584e-02 1.556e-01 1.367e-01 2.377e+00 0.000e+00
3.957e-02 1.327e-01 1.377e-01 1.758e+00 0.000e+00
4.000e-02 1.304e-01 1.378e-01 1.701e+00 0.000e+00
4.368e-02 1.131e-01 1.385e-01 1.300e+00 0.000e+00
4.822e-02 9.621e-02 1.389e-01 9.591e-01 0.000e+00
5.000e-02 9.062e-02 1.389e-01 8.577e-01 0.000e+00
5.323e-02 8.167e-02 1.389e-01 7.070e-01 0.000e+00
5.876e-02 6.916e-02 1.386e-01 5.207e-01 0.000e+00
6.000e-02 6.675e-02 1.385e-01 4.880e-01 0.000e+00
6.486e-02 5.841e-02 1.380e-01 3.831e-01 0.000e+00
7.161e-02 4.917e-02 1.371e-01 2.814e-01 0.000e+00
7.905e-02 4.129e-02 1.359e-01 2.066e-01 0.000e+00
8.000e-02 4.041e-02 1.357e-01 1.991e-01 0.000e+00
8.726e-02 3.457e-02 1.343e-01 1.517e-01 0.000e+00
9.633e-02 2.888e-02 1.325e-01 1.114e-01 0.000e+00
1.000e-01 2.697e-02 1.317e-01 9.906e-02 0.000e+00
1.063e-01 2.410e-02 1.304e-01 8.181e-02 0.000e+00
1.174e-01 2.005e-02 1.280e-01 5.993e-02 0.000e+00
1.296e-01 1.667e-02 1.255e-01 4.398e-02 0.000e+00
1.431e-01 1.383e-02 1.227e-01 3.226e-02 0.000e+00
1.500e-01 1.266e-02 1.214e-01 2.785e-02 0.000e+00
1.579e-01 1.149e-02 1.198e-01 2.373e-02 0.000e+00
1.743e-01 9.517e-03 1.168e-01 1.746e-02 0.000e+00
1.925e-01 7.871e-03 1.136e-01 1.284e-02 0.000e+00
2.000e-01 7.314e-03 1.123e-01 1.141e-02 0.000e+00
2.125e-01 6.509e-03 1.103e-01 9.477e-03 0.000e+00
2.345e-01 5.381e-03 1.070e-01 7.019e-03 0.000e+00
2.589e-01 4.441e-03 1.036e-01 5.207e-03 0.000e+00
2.858e-01 3.663e-03 1.002e-01 3.877e-03 0.000e+00
3.000e-01 3.331e-03 9.850e-02 3.360e-03 0.000e+00
3.155e-01 3.019e-03 9.675e-02 2.898e-03 0.000e+00
3.483e-01 2.486e-03 9.333e-02 2.176e-03 0.000e+00
3.845e-01 2.046e-03 8.993e-02 1.643e-03 0.000e+00
4.000e-01 1.893e-03 8.857e-02 1.471e-03 0.000e+00
4.245e-01 1.683e-03 8.654e-02 1.248e-03 0.000e+00
4.686e-01 1.385e-03 8.320e-02 9.543e-04 0.000e+00
5.000e-01 1.218e-03 8.103e-02 8.037e-04 0.000e+00
5.173e-01 1.138e-03 7.990e-02 7.356e-04 0.000e+00
5.710e-01 9.358e-04 7.665e-02 5.714e-04 0.000e+00
6.000e-01 8.481e-04 7.504e-02 5.043e-04 0.000e+00
6.304e-01 7.687e-04 7.345e-02 4.458e-04 0.000e+00
6.959e-01 6.315e-04 7.032e-02 3.504e-04 0.000e+00
7.682e-01 5.186e-04 6.725e-02 2.795e-04 0.000e+00
8.000e-01 4.784e-04 6.601e-02 2.563e-04 0.000e+00
8.480e-01 4.259e-04 6.425e-02 2.276e-04 0.000e+00
9.361e-01 3.497e-04 6.131e-02 1.857e-04 0.000e+00
1.000e+00 3.066e-04 5.938e-02 1.594e-04 0.000e+00
1.022e+00 2.936e-04 5.875e-02 1.510e-04 0.000e+00
1.033e+00 2.874e-04 5.845e-02 1.471e-04 1.144e-08
1.141e+00 2.357e-04 5.563e-02 1.199e-04 1.030e-05
1.250e+00 1.964e-04 5.311e-02 1.022e-04 5.335e-05
1.259e+00 1.936e-04 5.292e-02 1.009e-04 5.854e-05
1.390e+00 1.589e-04 5.027e-02 8.460e-05 1.601e-04
1.500e+00 1.365e-04 4.829e-02 7.382e-05 2.790e-04
1.535e+00 1.304e-04 4.770e-02 7.089e-05 3.225e-04
1.694e+00 1.070e-04 4.522e-02 5.991e-05 5.494e-04
1.870e+00 8.784e-05 4.281e-02 5.093e-05 8.456e-04
2.000e+00 7.680e-05 4.122e-02 4.572e-05 1.086e-03
2.044e+00 7.353e-05 4.071e-02 4.417e-05 1.170e-03
2.065e+00 7.204e-05 4.047e-02 4.346e-05 1.211e-03
2.279e+00 5.916e-05 3.823e-02 3.730e-05 1.630e-03
2.516e+00 4.854e-05 3.606e-02 3.216e-05 2.100e-03
2.778e+00 3.982e-05 3.399e-02 2.785e-05 2.615e-03
3.000e+00 3.415e-05 3.243e-02 2.497e-05 3.048e-03
3.066e+00 3.269e-05 3.200e-02 2.422e-05 3.176e-03
3.385e+00 2.682e-05 3.009e-02 2.112e-05 3.788e-03
3.737e+00 2.201e-05 2.827e-02 1.848e-05 4.447e-03
4.000e+00 1.921e-05 2.706e-02 1.689e-05 4.922e-03
4.125e+00 1.806e-05 2.652e-02 1.623e-05 5.143e-03
4.554e+00 1.482e-05 2.486e-02 1.428e-05 5.875e-03
5.000e+00 1.229e-05 2.336e-02 1.269e-05 6.598e-03
5.027e+00 1.216e-05 2.328e-02 1.260e-05 6.642e-03
5.549e+00 9.981e-06 2.178e-02 1.115e-05 7.445e-03
6.000e+00 8.537e-06 2.066e-02 1.013e-05 8.104e-03
6.126e+00 8.190e-06 2.036e-02 9.876e-06 8.282e-03
6.762e+00 6.722e-06 1.902e-02 8.769e-06 9.141e-03
7.000e+00 6.273e-06 1.857e-02 8.415e-06 9.447e-03
7.465e+00 5.516e-06 1.774e-02 7.799e-06 1.003e-02
8.000e+00 4.802e-06 1.689e-02 7.191e-06 1.066e-02
8.241e+00 4.526e-06 1.654e-02 6.947e-06 1.094e-02
9.000e+00 3.795e-06 1.553e-02 6.275e-06 1.176e-02
9.097e+00 3.714e-06 1.541e-02 6.198e-06 1.186e-02
1.000e+01 3.073e-06 1.439e-02 5.563e-06 1.276e-02
1.004e+01 3.049e-06 1.435e-02 5.538e-06 1.280e-02
1.100e+01 2.540e-06 1.342e-02 4.995e-06 1.367e-02
1.109e+01 2.499e-06 1.334e-02 4.950e-06 1.374e-02
1.200e+01 2.134e-06 1.259e-02 4.532e-06 1.450e-02
1.224e+01 2.051e-06 1.240e-02 4.433e-06 1.469e-02
1.300e+01 1.819e-06 1.186e-02 4.146e-06 1.528e-02
1.351e+01 1.685e-06 1.152e-02 3.974e-06 1.564e-02
1.400e+01 1.569e-06 1.122e-02 3.822e-06 1.599e-02
1.491e+01 1.383e-06 1.070e-02 3.567e-06 1.661e-02
1.500e+01 1.366e-06 1.065e-02 3.543e-06 1.667e-02
1.600e+01 1.201e-06 1.014e-02 3.302e-06 1.731e-02
1.646e+01 1.134e-06 9.927e-03 3.202e-06 1.758e-02
1.800e+01 9.487e-07 9.270e-03 2.907e-06 1.846e-02
1.818e+01 9.300e-07 9.199e-03 2.876e-06 1.856e-02
2.000e+01 7.684e-07 8.549e-03 2.596e-06 1.949e-02
