# SELENIUM from NIST Database
4.500e+00 0.000e+00 0.000e+00 0.000e+00 0.000e+00
3.400e+01 1.000e+00 3.500e+00 0.000e+00 0.000e+00
0.000e+00 0.000e+00 0.000e+00 0.000e+00 0.000e+00
1.000e-03 5.559e+00 5.391e-03 2.312e+03 0.000e+00
1.020e-03 5.547e+00 5.573e-03 2.205e+03 0.000e+00
1.126e-03 5.485e+00 6.570e-03 1.742e+03 0.000e+00
1.243e-03 5.416e+00 7.722e-03 1.376e+03 0.000e+00
1.372e-03 5.334e+00 9.028e-03 1.088e+03 0.000e+00
1.436e-03 5.290e+00 9.678e-03 9.762e+02 0.000e+00
1.436e-03 5.290e+00 9.678e-03 4.343e+03 0.000e+00
1.456e-03 5.276e+00 9.883e-03 4.117e+03 0.000e+00
1.476e-03 5.262e+00 1.009e-02 3.902e+03 0.000e+00
1.476e-03 5.262e+00 1.009e-02 5.589e+03 0.000e+00
1.500e-03 5.246e+00 1.033e-02 5.330e+03 0.000e+00
1.515e-03 5.236e+00 1.049e-02 5.220e+03 0.000e+00
1.654e-03 5.138e+00 1.191e-02 4.337e+03 0.000e+00
1.654e-03 5.138e+00 1.191e-02 4.910e+03 0.000e+00
1.672e-03 5.125e+00 1.209e-02 4.782e+03 0.000e+00
1.846e-03 5.004e+00 1.387e-02 3.759e+03 0.000e+00
2.000e-03 4.898e+00 1.544e-02 3.093e+03 0.000e+00
2.038e-03 4.872e+00 1.582e-02 2.950e+03 0.000e+00
2.250e-03 4.725e+00 1.794e-02 2.298e+03 0.000e+00
2.483e-03 4.566e+00 2.020e-02 1.792e+03 0.000e+00
2.741e-03 4.397e+00 2.264e-02 1.397e+03 0.000e+00
3.000e-03 4.234e+00 2.501e-02 1.112e+03 0.000e+00
3.026e-03 4.218e+00 2.524e-02 1.087e+03 0.000e+00
3.341e-03 4.031e+00 2.801e-02 8.376e+02 0.000e+00
3.688e-03 3.839e+00 3.092e-02 6.457e+02 0.000e+00
4.000e-03 3.677e+00 3.341e-02 5.214e+02 0.000e+00
4.071e-03 3.641e+00 3.397e-02 4.974e+02 0.000e+00
4.494e-03 3.440e+00 3.715e-02 3.814e+02 0.000e+00
4.961e-03 3.234e+00 4.047e-02 2.925e+02 0.000e+00
5.000e-03 3.218e+00 4.074e-02 2.864e+02 0.000e+00
5.477e-03 3.025e+00 4.394e-02 2.235e+02 0.000e+00
6.000e-03 2.830e+00 4.727e-02 1.744e+02 0.000e+00
6.046e-03 2.814e+00 4.756e-02 1.708e+02 0.000e+00
6.675e-03 2.599e+00 5.133e-02 1.300e+02 0.000e+00
7.368e-03 2.385e+00 5.526e-02 9.897e+01 0.000e+00
8.000e-03 2.207e+00 5.864e-02 7.886e+01 0.000e+00
8.134e-03 2.172e+00 5.934e-02 7.529e+01 0.000e+00
8.979e-03 1.963e+00 6.355e-02 5.715e+01 0.000e+00
9.912e-03 1.761e+00 6.790e-02 4.338e+01 0.000e+00
1.000e-02 1.743e+00 6.829e-02 4.232e+01 0.000e+00
1.094e-02 1.568e+00 7.235e-02 3.286e+01 0.000e+00
1.208e-02 1.388e+00 7.689e-02 2.486e+01 0.000e+00
1.266e-02 1.310e+00 7.901e-02 2.179e+01 0.000e+00
1.266e-02 1.310e+00 7.901e-02 1.575e+02 0.000e+00
1.334e-02 1.226e+00 8.138e-02 1.379e+02 0.000e+00
1.472e-02 1.082e+00 8.574e-02 1.072e+02 0.000e+00
1.500e-02 1.056e+00 8.656e-02 1.021e+02 0.000e+00
1.625e-02 9.519e-01 9.003e-02 8.280e+01 0.000e+00
1.794e-02 8.350e-01 9.419e-02 6.358e+01 0.000e+00
1.980e-02 7.312e-01 9.815e-02 4.868e+01 0.000e+00
2.000e-02 7.213e-01 9.854e-02 4.736e+01 0.000e+00
2.186e-02 6.391e-01 1.019e-01 3.715e+01 0.000e+00
2.413e-02 5.575e-01 1.053e-01 2.832e+01 0.000e+00
2.664e-02 4.847e-01 1.085e-01 2.153e+01 0.000e+00
2.941e-02 4.196e-01 1.113e-01 1.633e+01 0.000e+00
3.000e-02 4.073e-01 1.119e-01 1.544e+01 0.000e+00
3.247e-02 3.613e-01 1.139e-01 1.235e+01 0.000e+00
3.584e-02 3.097e-01 1.162e-01 9.326e+00 0.000e+00
3.957e-02 2.642e-01 1.180e-01 7.021e+00 0.000e+00
4.000e-02 2.596e-01 1.182e-01 6.806e+00 0.000e+00
4.368e-02 2.247e-01 1.195e-01 5.279e+00 0.000e+00
4.822e-02 1.906e-01 1.206e-01 3.961e+00 0.000e+00
5.000e-02 1.794e-01 1.209e-01 3.564e+00 0.000e+00
5.323e-02 1.614e-01 1.213e-01 2.968e+00 0.000e+00
5.876e-02 1.366e-01 1.216e-01 2.220e+00 0.000e+00
6.000e-02 1.318e-01 1.216e-01 2.087e+00 0.000e+00
6.486e-02 1.154e-01 1.216e-01 1.659e+00 0.000e+00
7.161e-02 9.735e-02 1.212e-01 1.237e+00 0.000e+00
7.905e-02 8.207e-02 1.205e-01 9.216e-01 0.000e+00
8.000e-02 8.039e-02 1.204e-01 8.893e-01 0.000e+00
8.726e-02 6.911e-02 1.195e-01 6.859e-01 0.000e+00
9.633e-02 5.810e-02 1.182e-01 5.099e-01 0.000e+00
1.000e-01 5.438e-02 1.177e-01 4.558e-01 0.000e+00
1.063e-01 4.877e-02 1.167e-01 3.793e-01 0.000e+00
1.174e-01 4.080e-02 1.149e-01 2.813e-01 0.000e+00
1.296e-01 3.408e-02 1.130e-01 2.089e-01 0.000e+00
1.431e-01 2.840e-02 1.108e-01 1.550e-01 0.000e+00
1.500e-01 2.603e-02 1.097e-01 1.345e-01 0.000e+00
1.579e-01 2.366e-02 1.084e-01 1.153e-01 0.000e+00
1.743e-01 1.966e-02 1.059e-01 8.574e-02 0.000e+00
1.925e-01 1.630e-02 1.032e-01 6.374e-02 0.000e+00
2.000e-01 1.516e-02 1.021e-01 5.688e-02 0.000e+00
2.125e-01 1.351e-02 1.004e-01 4.751e-02 0.000e+00
2.345e-01 1.120e-02 9.752e-02 3.552e-02 0.000e+00
2.589e-01 9.263e-03 9.456e-02 2.659e-02 0.000e+00
2.858e-01 7.658e-03 9.156e-02 1.997e-02 0.000e+00
3.000e-01 6.974e-03 9.007e-02 1.737e-02 0.000e+00
3.155e-01 6.326e-03 8.853e-02 1.505e-02 0.000e+00
3.483e-01 5.222e-03 8.549e-02 1.139e-02 0.000e+00
3.845e-01 4.307e-03 8.244e-02 8.658e-03 0.000e+00
4.000e-01 3.987e-03 8.123e-02 7.772e-03 0.000e+00
4.245e-01 3.550e-03 7.940e-02 6.618e-03 0.000e+00
4.686e-01 2.925e-03 7.638e-02 5.091e-03 0.000e+00
5.000e-01 2.575e-03 7.441e-02 4.302e-03 0.000e+00
5.173e-01 2.408e-03 7.339e-02 3.944e-03 0.000e+00
5.710e-01 1.982e-03 7.045e-02 3.076e-03 0.000e+00
6.000e-01 1.798e-03 6.898e-02 2.721e-03 0.000e+00
6.304e-01 1.631e-03 6.754e-02 2.411e-03 0.000e+00
6.959e-01 1.341e-03 6.467e-02 1.904e-03 0.000e+00
7.682e-01 1.103e-03 6.187e-02 1.521e-03 0.000e+00
8.000e-01 1.017e-03 6.073e-02 1.393e-03 0.000e+00
8.480e-01 9.061e-04 5.912e-02 1.233e-03 0.000e+00
9.361e-01 7.443e-04 5.644e-02 1.004e-03 0.000e+00
1.000e+00 6.527e-04 5.467e-02 8.672e-04 0.000e+00
1.022e+00 6.251e-04 5.409e-02 8.245e-04 0.000e+00
1.033e+00 6.120e-04 5.381e-02 8.047e-04 2.220e-08
1.141e+00 5.021e-04 5.122e-02 6.573e-04 1.908e-05
1.250e+00 4.186e-04 4.892e-02 5.568e-04 9.503e-05
1.259e+00 4.126e-04 4.874e-02 5.496e-04 1.040e-04
1.390e+00 3.387e-04 4.631e-02 4.594e-04 2.742e-04
1.500e+00 2.910e-04 4.448e-02 4.006e-04 4.672e-04
1.535e+00 2.779e-04 4.393e-02 3.845e-04 5.369e-04
1.694e+00 2.282e-04 4.165e-02 3.239e-04 8.953e-04
1.870e+00 1.873e-04 3.943e-02 2.743e-04 1.353e-03
2.000e+00 1.638e-04 3.797e-02 2.457e-04 1.716e-03
2.044e+00 1.569e-04 3.751e-02 2.373e-04 1.841e-03
2.065e+00 1.537e-04 3.729e-02 2.334e-04 1.901e-03
2.279e+00 1.263e-04 3.523e-02 1.998e-04 2.526e-03
2.516e+00 1.036e-04 3.324e-02 1.716e-04 3.232e-03
2.778e+00 8.498e-05 3.132e-02 1.480e-04 4.012e-03
3.000e+00 7.286e-05 2.989e-02 1.322e-04 4.662e-03
3.066e+00 6.975e-05 2.949e-02 1.282e-04 4.854e-03
3.385e+00 5.723e-05 2.773e-02 1.114e-04 5.755e-03
3.737e+00 4.696e-05 2.605e-02 9.711e-05 6.710e-03
4.000e+00 4.099e-05 2.494e-02 8.855e-05 7.398e-03
4.125e+00 3.855e-05 2.445e-02 8.496e-05 7.717e-03
4.554e+00 3.164e-05 2.292e-02 7.453e-05 8.776e-03
5.000e+00 2.624e-05 2.154e-02 6.602e-05 9.817e-03
5.027e+00 2.596e-05 2.146e-02 6.556e-05 9.878e-03
5.549e+00 2.130e-05 2.008e-02 5.781e-05 1.102e-02
6.000e+00 1.822e-05 1.904e-02 5.241e-05 1.194e-02
6.126e+00 1.748e-05 1.877e-02 5.107e-05 1.220e-02
6.762e+00 1.435e-05 1.753e-02 4.523e-05 1.343e-02
7.000e+00 1.339e-05 1.711e-02 4.337e-05 1.386e-02
7.465e+00 1.177e-05 1.636e-02 4.013e-05 1.468e-02
8.000e+00 1.025e-05 1.557e-02 3.694e-05 1.557e-02
8.241e+00 9.659e-06 1.525e-02 3.566e-05 1.596e-02
9.000e+00 8.100e-06 1.432e-02 3.214e-05 1.714e-02
9.097e+00 7.928e-06 1.421e-02 3.174e-05 1.729e-02
1.000e+01 6.561e-06 1.326e-02 2.843e-05 1.856e-02
1.004e+01 6.509e-06 1.322e-02 2.830e-05 1.861e-02
1.100e+01 5.423e-06 1.237e-02 2.548e-05 1.986e-02
1.109e+01 5.335e-06 1.230e-02 2.524e-05 1.997e-02
1.200e+01 4.556e-06 1.160e-02 2.308e-05 2.106e-02
1.224e+01 4.379e-06 1.143e-02 2.257e-05 2.132e-02
1.300e+01 3.882e-06 1.093e-02 2.109e-05 2.215e-02
1.351e+01 3.594e-06 1.062e-02 2.020e-05 2.268e-02
1.400e+01 3.347e-06 1.034e-02 1.941e-05 2.316e-02
1.491e+01 2.952e-06 9.860e-03 1.810e-05 2.403e-02
1.500e+01 2.916e-06 9.816e-03 1.798e-05 2.411e-02
1.600e+01 2.563e-06 9.350e-03 1.674e-05 2.500e-02
1.646e+01 2.422e-06 9.151e-03 1.623e-05 2.539e-02
1.800e+01 2.025e-06 8.542e-03 1.471e-05 2.663e-02
1.818e+01 1.985e-06 8.477e-03 1.455e-05 2.677e-02
2.000e+01 1.641e-06 7.879e-03 1.313e-05 2.809e-02
