# SILICON from NIST Database
2.330e+00 0.000e+00 0.000e+00 0.000e+00 0.000e+00
1.400e+01 1.000e+00 3.500e+00 0.000e+00 0.000e+00
0.000e+00 0.000e+00 0.000e+00 0.000e+00 0.000e+00
1.000e-03 2.528e+00 1.317e-02 1.567e+03 0.000e+00
1.020e-03 2.517e+00 1.358e-02 1.487e+03 0.000e+00
1.126e-03 2.464e+00 1.580e-02 1.143e+03 0.000e+00
1.243e-03 2.409e+00 1.834e-02 8.790e+02 0.000e+00
1.372e-03 2.347e+00 2.116e-02 6.760e+02 0.000e+00
1.500e-03 2.286e+00 2.393e-02 5.333e+02 0.000e+00
1.515e-03 2.278e+00 2.425e-02 5.191e+02 0.000e+00
1.672e-03 2.201e+00 2.750e-02 3.974e+02 0.000e+00
1.839e-03 2.121e+00 3.081e-02 3.071e+02 0.000e+00
1.839e-03 2.121e+00 3.081e-02 3.191e+03 0.000e+00
1.846e-03 2.118e+00 3.095e-02 3.171e+03 0.000e+00
2.000e-03 2.048e+00 3.388e-02 2.775e+03 0.000e+00
2.038e-03 2.032e+00 3.458e-02 2.677e+03 0.000e+00
2.250e-03 1.941e+00 3.833e-02 2.151e+03 0.000e+00
2.483e-03 1.849e+00 4.214e-02 1.665e+03 0.000e+00
2.741e-03 1.755e+00 4.603e-02 1.261e+03 0.000e+00
3.000e-03 1.669e+00 4.962e-02 9.767e+02 0.000e+00
3.026e-03 1.661e+00 4.996e-02 9.535e+02 0.000e+00
3.341e-03 1.568e+00 5.394e-02 7.286e+02 0.000e+00
3.688e-03 1.477e+00 5.797e-02 5.605e+02 0.000e+00
4.000e-03 1.404e+00 6.135e-02 4.514e+02 0.000e+00
4.071e-03 1.388e+00 6.209e-02 4.304e+02 0.000e+00
4.494e-03 1.301e+00 6.633e-02 3.283e+02 0.000e+00
4.961e-03 1.215e+00 7.074e-02 2.492e+02 0.000e+00
5.000e-03 1.208e+00 7.110e-02 2.438e+02 0.000e+00
5.477e-03 1.130e+00 7.537e-02 1.887e+02 0.000e+00
6.000e-03 1.051e+00 7.983e-02 1.458e+02 0.000e+00
6.046e-03 1.045e+00 8.021e-02 1.427e+02 0.000e+00
6.675e-03 9.590e-01 8.529e-02 1.076e+02 0.000e+00
7.368e-03 8.740e-01 9.056e-02 8.098e+01 0.000e+00
8.000e-03 8.039e-01 9.507e-02 6.379e+01 0.000e+00
8.134e-03 7.898e-01 9.600e-02 6.078e+01 0.000e+00
8.979e-03 7.078e-01 1.016e-01 4.552e+01 0.000e+00
9.912e-03 6.291e-01 1.071e-01 3.403e+01 0.000e+00
1.000e-02 6.223e-01 1.076e-01 3.315e+01 0.000e+00
1.094e-02 5.551e-01 1.127e-01 2.540e+01 0.000e+00
1.208e-02 4.864e-01 1.180e-01 1.890e+01 0.000e+00
1.334e-02 4.240e-01 1.232e-01 1.403e+01 0.000e+00
1.472e-02 3.684e-01 1.280e-01 1.043e+01 0.000e+00
1.500e-02 3.585e-01 1.289e-01 9.848e+00 0.000e+00
1.625e-02 3.190e-01 1.324e-01 7.722e+00 0.000e+00
1.794e-02 2.756e-01 1.363e-01 5.709e+00 0.000e+00
1.980e-02 2.377e-01 1.399e-01 4.217e+00 0.000e+00
2.000e-02 2.341e-01 1.402e-01 4.089e+00 0.000e+00
2.186e-02 2.047e-01 1.429e-01 3.108e+00 0.000e+00
2.413e-02 1.760e-01 1.456e-01 2.289e+00 0.000e+00
2.664e-02 1.511e-01 1.479e-01 1.683e+00 0.000e+00
2.941e-02 1.295e-01 1.498e-01 1.235e+00 0.000e+00
3.000e-02 1.255e-01 1.501e-01 1.161e+00 0.000e+00
3.247e-02 1.107e-01 1.513e-01 9.054e-01 0.000e+00
3.584e-02 9.443e-02 1.525e-01 6.633e-01 0.000e+00
3.957e-02 8.029e-02 1.534e-01 4.850e-01 0.000e+00
4.000e-02 7.886e-02 1.534e-01 4.687e-01 0.000e+00
4.368e-02 6.805e-02 1.538e-01 3.546e-01 0.000e+00
4.822e-02 5.748e-02 1.539e-01 2.590e-01 0.000e+00
5.000e-02 5.399e-02 1.538e-01 2.307e-01 0.000e+00
5.323e-02 4.841e-02 1.535e-01 1.889e-01 0.000e+00
5.876e-02 4.066e-02 1.528e-01 1.378e-01 0.000e+00
6.000e-02 3.917e-02 1.526e-01 1.288e-01 0.000e+00
6.486e-02 3.407e-02 1.518e-01 1.004e-01 0.000e+00
7.161e-02 2.847e-02 1.503e-01 7.309e-02 0.000e+00
7.905e-02 2.376e-02 1.486e-01 5.321e-02 0.000e+00
8.000e-02 2.324e-02 1.483e-01 5.120e-02 0.000e+00
8.726e-02 1.980e-02 1.465e-01 3.873e-02 0.000e+00
9.633e-02 1.648e-02 1.441e-01 2.817e-02 0.000e+00
1.000e-01 1.537e-02 1.432e-01 2.498e-02 0.000e+00
1.063e-01 1.371e-02 1.416e-01 2.052e-02 0.000e+00
1.174e-01 1.137e-02 1.387e-01 1.492e-02 0.000e+00
1.296e-01 9.422e-03 1.357e-01 1.086e-02 0.000e+00
1.431e-01 7.798e-03 1.325e-01 7.910e-03 0.000e+00
1.500e-01 7.125e-03 1.309e-01 6.806e-03 0.000e+00
1.579e-01 6.456e-03 1.292e-01 5.778e-03 0.000e+00
1.743e-01 5.335e-03 1.257e-01 4.222e-03 0.000e+00
1.925e-01 4.400e-03 1.221e-01 3.085e-03 0.000e+00
2.000e-01 4.085e-03 1.207e-01 2.736e-03 0.000e+00
2.125e-01 3.629e-03 1.185e-01 2.263e-03 0.000e+00
2.345e-01 2.993e-03 1.148e-01 1.667e-03 0.000e+00
2.589e-01 2.465e-03 1.111e-01 1.230e-03 0.000e+00
2.858e-01 2.029e-03 1.074e-01 9.116e-04 0.000e+00
3.000e-01 1.844e-03 1.055e-01 7.882e-04 0.000e+00
3.155e-01 1.669e-03 1.036e-01 6.784e-04 0.000e+00
3.483e-01 1.373e-03 9.991e-02 5.073e-04 0.000e+00
3.845e-01 1.128e-03 9.622e-02 3.814e-04 0.000e+00
4.000e-01 1.043e-03 9.475e-02 3.409e-04 0.000e+00
4.245e-01 9.272e-04 9.256e-02 2.885e-04 0.000e+00
4.686e-01 7.619e-04 8.896e-02 2.199e-04 0.000e+00
5.000e-01 6.696e-04 8.663e-02 1.849e-04 0.000e+00
5.173e-01 6.258e-04 8.541e-02 1.691e-04 0.000e+00
5.710e-01 5.140e-04 8.192e-02 1.311e-04 0.000e+00
6.000e-01 4.657e-04 8.019e-02 1.156e-04 0.000e+00
6.304e-01 4.221e-04 7.849e-02 1.021e-04 0.000e+00
6.959e-01 3.466e-04 7.513e-02 7.999e-05 0.000e+00
7.682e-01 2.846e-04 7.184e-02 6.377e-05 0.000e+00
8.000e-01 2.625e-04 7.050e-02 5.854e-05 0.000e+00
8.480e-01 2.336e-04 6.861e-02 5.214e-05 0.000e+00
9.361e-01 1.917e-04 6.545e-02 4.265e-05 0.000e+00
1.000e+00 1.680e-04 6.340e-02 3.639e-05 0.000e+00
1.022e+00 1.609e-04 6.274e-02 3.433e-05 0.000e+00
1.033e+00 1.575e-04 6.241e-02 3.340e-05 7.076e-09
1.141e+00 1.291e-04 5.941e-02 2.714e-05 6.602e-06
1.250e+00 1.076e-04 5.671e-02 2.326e-05 3.521e-05
1.259e+00 1.061e-04 5.651e-02 2.298e-05 3.870e-05
1.390e+00 8.704e-05 5.367e-02 1.930e-05 1.084e-04
1.500e+00 7.475e-05 5.155e-02 1.684e-05 1.912e-04
1.535e+00 7.137e-05 5.091e-02 1.617e-05 2.216e-04
1.694e+00 5.858e-05 4.826e-02 1.369e-05 3.801e-04
1.870e+00 4.807e-05 4.569e-02 1.167e-05 5.863e-04
2.000e+00 4.205e-05 4.400e-02 1.050e-05 7.533e-04
2.044e+00 4.027e-05 4.346e-02 1.016e-05 8.118e-04
2.065e+00 3.946e-05 4.321e-02 9.996e-06 8.400e-04
2.279e+00 3.242e-05 4.083e-02 8.605e-06 1.134e-03
2.516e+00 2.660e-05 3.851e-02 7.439e-06 1.467e-03
2.778e+00 2.181e-05 3.628e-02 6.457e-06 1.839e-03
3.000e+00 1.869e-05 3.461e-02 5.800e-06 2.151e-03
3.066e+00 1.790e-05 3.415e-02 5.629e-06 2.244e-03
3.385e+00 1.468e-05 3.211e-02 4.921e-06 2.686e-03
3.737e+00 1.205e-05 3.017e-02 4.317e-06 3.161e-03
4.000e+00 1.052e-05 2.888e-02 3.952e-06 3.505e-03
4.125e+00 9.888e-06 2.831e-02 3.799e-06 3.666e-03
4.554e+00 8.113e-06 2.654e-02 3.351e-06 4.199e-03
5.000e+00 6.731e-06 2.494e-02 2.983e-06 4.728e-03
5.027e+00 6.659e-06 2.485e-02 2.963e-06 4.759e-03
5.549e+00 5.465e-06 2.325e-02 2.625e-06 5.347e-03
6.000e+00 4.674e-06 2.204e-02 2.389e-06 5.829e-03
6.126e+00 4.484e-06 2.173e-02 2.330e-06 5.959e-03
6.762e+00 3.681e-06 2.030e-02 2.073e-06 6.590e-03
7.000e+00 3.435e-06 1.981e-02 1.990e-06 6.815e-03
7.465e+00 3.020e-06 1.894e-02 1.847e-06 7.240e-03
8.000e+00 2.629e-06 1.803e-02 1.705e-06 7.706e-03
8.241e+00 2.477e-06 1.765e-02 1.647e-06 7.908e-03
9.000e+00 2.077e-06 1.657e-02 1.490e-06 8.516e-03
9.097e+00 2.033e-06 1.645e-02 1.472e-06 8.591e-03
1.000e+01 1.683e-06 1.536e-02 1.323e-06 9.256e-03
1.004e+01 1.669e-06 1.531e-02 1.317e-06 9.284e-03
1.100e+01 1.391e-06 1.432e-02 1.189e-06 9.926e-03
1.109e+01 1.368e-06 1.424e-02 1.178e-06 9.984e-03
1.200e+01 1.169e-06 1.343e-02 1.080e-06 1.055e-02
1.224e+01 1.123e-06 1.324e-02 1.057e-06 1.069e-02
1.300e+01 9.958e-07 1.266e-02 9.889e-07 1.112e-02
1.351e+01 9.220e-07 1.230e-02 9.482e-07 1.140e-02
1.400e+01 8.585e-07 1.197e-02 9.121e-07 1.165e-02
1.491e+01 7.570e-07 1.142e-02 8.519e-07 1.211e-02
1.500e+01 7.479e-07 1.137e-02 8.463e-07 1.215e-02
1.600e+01 6.572e-07 1.082e-02 7.893e-07 1.262e-02
1.646e+01 6.210e-07 1.059e-02 7.655e-07 1.283e-02
1.800e+01 5.193e-07 9.893e-03 6.954e-07 1.349e-02
1.818e+01 5.091e-07 9.818e-03 6.880e-07 1.355e-02
2.000e+01 4.207e-07 9.124e-03 6.216e-07 1.426e-02
