# SILICON DIOXIDE from NIST Database
2.320e+00 0.000e+00 0.000e+00 0.000e+00 0.000e+00
8.000e+00 3.329e-02 3.500e+00 0.000e+00 0.000e+00
1.400e+01 1.664e-02 3.500e+00 0.000e+00 0.000e+00
0.000e+00 0.000e+00 0.000e+00 0.000e+00 0.000e+00
1.000e-03 1.981e+00 1.069e-02 3.176e+03 0.000e+00
1.020e-03 1.974e+00 1.105e-02 3.014e+03 0.000e+00
1.126e-03 1.937e+00 1.302e-02 2.318e+03 0.000e+00
1.243e-03 1.898e+00 1.532e-02 1.781e+03 0.000e+00
1.372e-03 1.854e+00 1.795e-02 1.366e+03 0.000e+00
1.500e-03 1.810e+00 2.060e-02 1.073e+03 0.000e+00
1.515e-03 1.804e+00 2.091e-02 1.045e+03 0.000e+00
1.672e-03 1.748e+00 2.418e-02 7.965e+02 0.000e+00
1.839e-03 1.687e+00 2.766e-02 6.117e+02 0.000e+00
1.839e-03 1.687e+00 2.766e-02 1.960e+03 0.000e+00
1.846e-03 1.685e+00 2.780e-02 1.945e+03 0.000e+00
2.000e-03 1.630e+00 3.099e-02 1.666e+03 0.000e+00
2.038e-03 1.617e+00 3.177e-02 1.602e+03 0.000e+00
2.250e-03 1.544e+00 3.607e-02 1.270e+03 0.000e+00
2.483e-03 1.468e+00 4.067e-02 9.774e+02 0.000e+00
2.741e-03 1.388e+00 4.558e-02 7.392e+02 0.000e+00
3.000e-03 1.314e+00 5.029e-02 5.716e+02 0.000e+00
3.026e-03 1.307e+00 5.076e-02 5.579e+02 0.000e+00
3.341e-03 1.224e+00 5.617e-02 4.244e+02 0.000e+00
3.688e-03 1.141e+00 6.176e-02 3.246e+02 0.000e+00
4.000e-03 1.073e+00 6.648e-02 2.601e+02 0.000e+00
4.071e-03 1.059e+00 6.752e-02 2.478e+02 0.000e+00
4.494e-03 9.784e-01 7.339e-02 1.881e+02 0.000e+00
4.961e-03 9.000e-01 7.933e-02 1.422e+02 0.000e+00
5.000e-03 8.939e-01 7.980e-02 1.391e+02 0.000e+00
5.477e-03 8.242e-01 8.528e-02 1.073e+02 0.000e+00
6.000e-03 7.565e-01 9.074e-02 8.261e+01 0.000e+00
6.046e-03 7.510e-01 9.119e-02 8.081e+01 0.000e+00
6.675e-03 6.804e-01 9.703e-02 6.071e+01 0.000e+00
7.368e-03 6.129e-01 1.027e-01 4.553e+01 0.000e+00
8.000e-03 5.593e-01 1.074e-01 3.577e+01 0.000e+00
8.134e-03 5.488e-01 1.083e-01 3.406e+01 0.000e+00
8.979e-03 4.884e-01 1.136e-01 2.543e+01 0.000e+00
9.912e-03 4.323e-01 1.188e-01 1.895e+01 0.000e+00
1.000e-02 4.275e-01 1.193e-01 1.846e+01 0.000e+00
1.094e-02 3.807e-01 1.237e-01 1.411e+01 0.000e+00
1.208e-02 3.335e-01 1.284e-01 1.047e+01 0.000e+00
1.334e-02 2.910e-01 1.329e-01 7.753e+00 0.000e+00
1.472e-02 2.534e-01 1.369e-01 5.746e+00 0.000e+00
1.500e-02 2.467e-01 1.377e-01 5.425e+00 0.000e+00
1.625e-02 2.200e-01 1.407e-01 4.245e+00 0.000e+00
1.794e-02 1.904e-01 1.442e-01 3.131e+00 0.000e+00
1.980e-02 1.646e-01 1.473e-01 2.308e+00 0.000e+00
2.000e-02 1.621e-01 1.476e-01 2.237e+00 0.000e+00
2.186e-02 1.418e-01 1.500e-01 1.698e+00 0.000e+00
2.413e-02 1.219e-01 1.523e-01 1.248e+00 0.000e+00
2.664e-02 1.045e-01 1.543e-01 9.152e-01 0.000e+00
2.941e-02 8.939e-02 1.558e-01 6.706e-01 0.000e+00
3.000e-02 8.660e-02 1.561e-01 6.299e-01 0.000e+00
3.247e-02 7.623e-02 1.570e-01 4.907e-01 0.000e+00
3.584e-02 6.485e-02 1.578e-01 3.589e-01 0.000e+00
3.957e-02 5.498e-02 1.582e-01 2.620e-01 0.000e+00
4.000e-02 5.398e-02 1.582e-01 2.532e-01 0.000e+00
4.368e-02 4.648e-02 1.582e-01 1.913e-01 0.000e+00
4.822e-02 3.918e-02 1.578e-01 1.395e-01 0.000e+00
5.000e-02 3.677e-02 1.576e-01 1.242e-01 0.000e+00
5.323e-02 3.294e-02 1.571e-01 1.016e-01 0.000e+00
5.876e-02 2.762e-02 1.560e-01 7.398e-02 0.000e+00
6.000e-02 2.661e-02 1.557e-01 6.918e-02 0.000e+00
6.486e-02 2.312e-02 1.545e-01 5.385e-02 0.000e+00
7.161e-02 1.930e-02 1.527e-01 3.915e-02 0.000e+00
7.905e-02 1.608e-02 1.507e-01 2.847e-02 0.000e+00
8.000e-02 1.573e-02 1.504e-01 2.739e-02 0.000e+00
8.726e-02 1.339e-02 1.483e-01 2.070e-02 0.000e+00
9.633e-02 1.113e-02 1.457e-01 1.504e-02 0.000e+00
1.000e-01 1.037e-02 1.447e-01 1.333e-02 0.000e+00
1.063e-01 9.244e-03 1.429e-01 1.095e-02 0.000e+00
1.174e-01 7.657e-03 1.399e-01 7.949e-03 0.000e+00
1.296e-01 6.340e-03 1.367e-01 5.784e-03 0.000e+00
1.431e-01 5.242e-03 1.334e-01 4.208e-03 0.000e+00
1.500e-01 4.787e-03 1.318e-01 3.619e-03 0.000e+00
1.579e-01 4.335e-03 1.300e-01 3.072e-03 0.000e+00
1.743e-01 3.579e-03 1.264e-01 2.243e-03 0.000e+00
1.925e-01 2.949e-03 1.227e-01 1.638e-03 0.000e+00
2.000e-01 2.737e-03 1.213e-01 1.452e-03 0.000e+00
2.125e-01 2.431e-03 1.190e-01 1.201e-03 0.000e+00
2.345e-01 2.003e-03 1.153e-01 8.839e-04 0.000e+00
2.589e-01 1.649e-03 1.115e-01 6.519e-04 0.000e+00
2.858e-01 1.356e-03 1.077e-01 4.828e-04 0.000e+00
3.000e-01 1.233e-03 1.059e-01 4.174e-04 0.000e+00
3.155e-01 1.116e-03 1.040e-01 3.592e-04 0.000e+00
3.483e-01 9.171e-04 1.002e-01 2.684e-04 0.000e+00
3.845e-01 7.537e-04 9.648e-02 2.018e-04 0.000e+00
4.000e-01 6.968e-04 9.501e-02 1.803e-04 0.000e+00
4.245e-01 6.191e-04 9.280e-02 1.526e-04 0.000e+00
4.686e-01 5.086e-04 8.919e-02 1.162e-04 0.000e+00
5.000e-01 4.470e-04 8.684e-02 9.773e-05 0.000e+00
5.173e-01 4.177e-04 8.561e-02 8.938e-05 0.000e+00
5.710e-01 3.431e-04 8.210e-02 6.930e-05 0.000e+00
6.000e-01 3.108e-04 8.036e-02 6.109e-05 0.000e+00
6.304e-01 2.816e-04 7.865e-02 5.389e-05 0.000e+00
6.959e-01 2.313e-04 7.527e-02 4.221e-05 0.000e+00
7.682e-01 1.899e-04 7.197e-02 3.366e-05 0.000e+00
8.000e-01 1.751e-04 7.064e-02 3.091e-05 0.000e+00
8.480e-01 1.558e-04 6.875e-02 2.757e-05 0.000e+00
9.361e-01 1.279e-04 6.560e-02 2.258e-05 0.000e+00
1.000e+00 1.121e-04 6.353e-02 1.922e-05 0.000e+00
1.022e+00 1.073e-04 6.286e-02 1.810e-05 0.000e+00
1.033e+00 1.051e-04 6.253e-02 1.760e-05 5.331e-09
1.141e+00 8.615e-05 5.952e-02 1.429e-05 5.002e-06
1.250e+00 7.178e-05 5.682e-02 1.227e-05 2.680e-05
1.259e+00 7.076e-05 5.661e-02 1.212e-05 2.947e-05
1.390e+00 5.806e-05 5.376e-02 1.019e-05 8.284e-05
1.500e+00 4.986e-05 5.164e-02 8.884e-06 1.465e-04
1.535e+00 4.761e-05 5.101e-02 8.532e-06 1.699e-04
1.694e+00 3.908e-05 4.837e-02 7.225e-06 2.920e-04
1.870e+00 3.207e-05 4.580e-02 6.163e-06 4.510e-04
2.000e+00 2.805e-05 4.408e-02 5.547e-06 5.794e-04
2.044e+00 2.686e-05 4.353e-02 5.363e-06 6.244e-04
2.065e+00 2.632e-05 4.327e-02 5.279e-06 6.461e-04
2.279e+00 2.161e-05 4.086e-02 4.546e-06 8.726e-04
2.516e+00 1.773e-05 3.854e-02 3.931e-06 1.130e-03
2.778e+00 1.454e-05 3.633e-02 3.414e-06 1.419e-03
3.000e+00 1.247e-05 3.467e-02 3.067e-06 1.662e-03
3.066e+00 1.194e-05 3.421e-02 2.977e-06 1.734e-03
3.385e+00 9.793e-06 3.217e-02 2.604e-06 2.078e-03
3.737e+00 8.036e-06 3.022e-02 2.284e-06 2.450e-03
4.000e+00 7.014e-06 2.893e-02 2.092e-06 2.719e-03
4.125e+00 6.595e-06 2.836e-02 2.011e-06 2.844e-03
4.554e+00 5.411e-06 2.658e-02 1.774e-06 3.261e-03
5.000e+00 4.489e-06 2.498e-02 1.579e-06 3.676e-03
5.027e+00 4.441e-06 2.489e-02 1.569e-06 3.700e-03
5.549e+00 3.645e-06 2.329e-02 1.390e-06 4.163e-03
6.000e+00 3.117e-06 2.208e-02 1.265e-06 4.543e-03
6.126e+00 2.991e-06 2.177e-02 1.234e-06 4.645e-03
6.762e+00 2.455e-06 2.033e-02 1.098e-06 5.142e-03
7.000e+00 2.291e-06 1.985e-02 1.055e-06 5.319e-03
7.465e+00 2.014e-06 1.897e-02 9.788e-07 5.655e-03
8.000e+00 1.753e-06 1.806e-02 9.036e-07 6.022e-03
8.241e+00 1.652e-06 1.768e-02 8.733e-07 6.182e-03
9.000e+00 1.386e-06 1.660e-02 7.899e-07 6.663e-03
9.097e+00 1.356e-06 1.647e-02 7.803e-07 6.723e-03
1.000e+01 1.122e-06 1.538e-02 7.014e-07 7.247e-03
1.004e+01 1.113e-06 1.534e-02 6.983e-07 7.268e-03
1.100e+01 9.275e-07 1.435e-02 6.307e-07 7.778e-03
1.109e+01 9.125e-07 1.426e-02 6.250e-07 7.824e-03
1.200e+01 7.794e-07 1.346e-02 5.728e-07 8.268e-03
1.224e+01 7.491e-07 1.326e-02 5.605e-07 8.380e-03
1.300e+01 6.641e-07 1.267e-02 5.246e-07 8.724e-03
1.351e+01 6.149e-07 1.231e-02 5.030e-07 8.943e-03
1.400e+01 5.726e-07 1.199e-02 4.839e-07 9.148e-03
1.491e+01 5.049e-07 1.144e-02 4.519e-07 9.510e-03
1.500e+01 4.988e-07 1.138e-02 4.490e-07 9.544e-03
1.600e+01 4.383e-07 1.084e-02 4.188e-07 9.919e-03
1.646e+01 4.142e-07 1.061e-02 4.062e-07 1.008e-02
1.800e+01 3.464e-07 9.909e-03 3.690e-07 1.060e-02
1.818e+01 3.395e-07 9.833e-03 3.651e-07 1.066e-02
2.000e+01 2.806e-07 9.138e-03 3.299e-07 1.122e-02
