# SILVER CHLORIDE from NIST Database
5.560e+00 0.000e+00 0.000e+00 0.000e+00 0.000e+00
1.700e+01 6.978e-03 3.500e+00 0.000e+00 0.000e+00
4.700e+01 6.977e-03 3.500e+00 0.000e+00 0.000e+00
0.000e+00 0.000e+00 0.000e+00 0.000e+00 0.000e+00
1.000e-03 6.646e+00 5.865e-03 5.990e+03 0.000e+00
1.020e-03 6.631e+00 6.056e-03 5.720e+03 0.000e+00
1.126e-03 6.558e+00 7.101e-03 4.546e+03 0.000e+00
1.243e-03 6.480e+00 8.311e-03 3.613e+03 0.000e+00
1.372e-03 6.392e+00 9.690e-03 2.873e+03 0.000e+00
1.500e-03 6.301e+00 1.108e-02 2.336e+03 0.000e+00
1.515e-03 6.290e+00 1.125e-02 2.280e+03 0.000e+00
1.672e-03 6.171e+00 1.296e-02 1.793e+03 0.000e+00
1.846e-03 6.033e+00 1.485e-02 1.410e+03 0.000e+00
2.000e-03 5.908e+00 1.652e-02 1.160e+03 0.000e+00
2.038e-03 5.877e+00 1.693e-02 1.106e+03 0.000e+00
2.250e-03 5.703e+00 1.920e-02 8.627e+02 0.000e+00
2.483e-03 5.512e+00 2.165e-02 6.734e+02 0.000e+00
2.741e-03 5.306e+00 2.430e-02 5.253e+02 0.000e+00
2.822e-03 5.242e+00 2.511e-02 4.880e+02 0.000e+00
2.822e-03 5.242e+00 2.511e-02 8.490e+02 0.000e+00
3.000e-03 5.105e+00 2.686e-02 7.457e+02 0.000e+00
3.026e-03 5.085e+00 2.711e-02 7.314e+02 0.000e+00
3.341e-03 4.850e+00 3.010e-02 5.756e+02 0.000e+00
3.351e-03 4.842e+00 3.019e-02 5.712e+02 0.000e+00
3.351e-03 4.842e+00 3.019e-02 1.238e+03 0.000e+00
3.436e-03 4.780e+00 3.098e-02 1.162e+03 0.000e+00
3.524e-03 4.717e+00 3.178e-02 1.090e+03 0.000e+00
3.524e-03 4.717e+00 3.178e-02 1.407e+03 0.000e+00
3.688e-03 4.600e+00 3.325e-02 1.255e+03 0.000e+00
3.806e-03 4.519e+00 3.428e-02 1.160e+03 0.000e+00
3.806e-03 4.519e+00 3.428e-02 1.300e+03 0.000e+00
4.000e-03 4.388e+00 3.596e-02 1.152e+03 0.000e+00
4.071e-03 4.342e+00 3.655e-02 1.101e+03 0.000e+00
4.494e-03 4.077e+00 4.000e-02 8.532e+02 0.000e+00
4.961e-03 3.811e+00 4.357e-02 6.619e+02 0.000e+00
5.000e-03 3.789e+00 4.386e-02 6.487e+02 0.000e+00
5.477e-03 3.545e+00 4.730e-02 5.113e+02 0.000e+00
6.000e-03 3.304e+00 5.087e-02 4.026e+02 0.000e+00
6.046e-03 3.284e+00 5.117e-02 3.945e+02 0.000e+00
6.675e-03 3.030e+00 5.521e-02 3.030e+02 0.000e+00
7.368e-03 2.788e+00 5.937e-02 2.328e+02 0.000e+00
8.000e-03 2.594e+00 6.292e-02 1.868e+02 0.000e+00
8.134e-03 2.556e+00 6.365e-02 1.786e+02 0.000e+00
8.979e-03 2.337e+00 6.801e-02 1.364e+02 0.000e+00
9.912e-03 2.130e+00 7.241e-02 1.042e+02 0.000e+00
1.000e-02 2.112e+00 7.281e-02 1.017e+02 0.000e+00
1.094e-02 1.935e+00 7.680e-02 7.932e+01 0.000e+00
1.208e-02 1.749e+00 8.117e-02 6.026e+01 0.000e+00
1.334e-02 1.572e+00 8.548e-02 4.576e+01 0.000e+00
1.472e-02 1.405e+00 8.964e-02 3.481e+01 0.000e+00
1.500e-02 1.374e+00 9.042e-02 3.304e+01 0.000e+00
1.625e-02 1.247e+00 9.369e-02 2.637e+01 0.000e+00
1.794e-02 1.099e+00 9.758e-02 1.995e+01 0.000e+00
1.980e-02 9.628e-01 1.013e-01 1.510e+01 0.000e+00
2.000e-02 9.496e-01 1.017e-01 1.468e+01 0.000e+00
2.186e-02 8.392e-01 1.048e-01 1.140e+01 0.000e+00
2.413e-02 7.290e-01 1.081e-01 8.599e+00 0.000e+00
2.551e-02 6.727e-01 1.099e-01 7.335e+00 0.000e+00
2.551e-02 6.727e-01 1.099e-01 4.186e+01 0.000e+00
2.664e-02 6.320e-01 1.111e-01 3.747e+01 0.000e+00
2.941e-02 5.473e-01 1.139e-01 2.903e+01 0.000e+00
3.000e-02 5.316e-01 1.144e-01 2.756e+01 0.000e+00
3.247e-02 4.734e-01 1.163e-01 2.237e+01 0.000e+00
3.584e-02 4.089e-01 1.185e-01 1.718e+01 0.000e+00
3.957e-02 3.522e-01 1.203e-01 1.313e+01 0.000e+00
4.000e-02 3.465e-01 1.205e-01 1.275e+01 0.000e+00
4.368e-02 3.025e-01 1.219e-01 1.002e+01 0.000e+00
4.822e-02 2.588e-01 1.231e-01 7.631e+00 0.000e+00
5.000e-02 2.442e-01 1.234e-01 6.902e+00 0.000e+00
5.323e-02 2.205e-01 1.240e-01 5.798e+00 0.000e+00
5.876e-02 1.871e-01 1.245e-01 4.394e+00 0.000e+00
6.000e-02 1.807e-01 1.245e-01 4.143e+00 0.000e+00
6.486e-02 1.583e-01 1.246e-01 3.325e+00 0.000e+00
7.161e-02 1.335e-01 1.244e-01 2.509e+00 0.000e+00
7.905e-02 1.125e-01 1.238e-01 1.891e+00 0.000e+00
8.000e-02 1.102e-01 1.237e-01 1.828e+00 0.000e+00
8.726e-02 9.464e-02 1.229e-01 1.424e+00 0.000e+00
9.633e-02 7.953e-02 1.217e-01 1.071e+00 0.000e+00
1.000e-01 7.446e-02 1.211e-01 9.612e-01 0.000e+00
1.063e-01 6.683e-02 1.201e-01 8.053e-01 0.000e+00
1.174e-01 5.602e-02 1.184e-01 6.037e-01 0.000e+00
1.296e-01 4.694e-02 1.163e-01 4.529e-01 0.000e+00
1.431e-01 3.925e-02 1.141e-01 3.395e-01 0.000e+00
1.500e-01 3.604e-02 1.130e-01 2.960e-01 0.000e+00
1.579e-01 3.281e-02 1.117e-01 2.550e-01 0.000e+00
1.743e-01 2.736e-02 1.091e-01 1.913e-01 0.000e+00
1.925e-01 2.276e-02 1.064e-01 1.435e-01 0.000e+00
2.000e-01 2.119e-02 1.053e-01 1.285e-01 0.000e+00
2.125e-01 1.891e-02 1.036e-01 1.079e-01 0.000e+00
2.345e-01 1.570e-02 1.007e-01 8.134e-02 0.000e+00
2.589e-01 1.301e-02 9.767e-02 6.138e-02 0.000e+00
2.858e-01 1.077e-02 9.461e-02 4.646e-02 0.000e+00
3.000e-01 9.818e-03 9.310e-02 4.058e-02 0.000e+00
3.155e-01 8.912e-03 9.151e-02 3.528e-02 0.000e+00
3.483e-01 7.366e-03 8.838e-02 2.689e-02 0.000e+00
3.845e-01 6.085e-03 8.524e-02 2.058e-02 0.000e+00
4.000e-01 5.636e-03 8.400e-02 1.852e-02 0.000e+00
4.245e-01 5.022e-03 8.212e-02 1.583e-02 0.000e+00
4.686e-01 4.143e-03 7.904e-02 1.225e-02 0.000e+00
5.000e-01 3.650e-03 7.703e-02 1.038e-02 0.000e+00
5.173e-01 3.416e-03 7.598e-02 9.532e-03 0.000e+00
5.710e-01 2.815e-03 7.297e-02 7.469e-03 0.000e+00
6.000e-01 2.554e-03 7.147e-02 6.621e-03 0.000e+00
6.304e-01 2.318e-03 6.998e-02 5.878e-03 0.000e+00
6.959e-01 1.908e-03 6.703e-02 4.657e-03 0.000e+00
7.682e-01 1.570e-03 6.412e-02 3.727e-03 0.000e+00
8.000e-01 1.449e-03 6.295e-02 3.416e-03 0.000e+00
8.480e-01 1.291e-03 6.128e-02 3.025e-03 0.000e+00
9.361e-01 1.061e-03 5.849e-02 2.463e-03 0.000e+00
1.000e+00 9.313e-04 5.666e-02 2.131e-03 0.000e+00
1.022e+00 8.919e-04 5.606e-02 2.027e-03 0.000e+00
1.033e+00 8.732e-04 5.577e-02 1.979e-03 3.217e-08
1.141e+00 7.169e-04 5.310e-02 1.618e-03 2.693e-05
1.250e+00 5.980e-04 5.071e-02 1.368e-03 1.312e-04
1.259e+00 5.895e-04 5.052e-02 1.350e-03 1.433e-04
1.390e+00 4.840e-04 4.800e-02 1.126e-03 3.699e-04
1.500e+00 4.158e-04 4.612e-02 9.807e-04 6.209e-04
1.535e+00 3.971e-04 4.555e-02 9.411e-04 7.102e-04
1.694e+00 3.263e-04 4.319e-02 7.918e-04 1.163e-03
1.870e+00 2.679e-04 4.089e-02 6.692e-04 1.730e-03
2.000e+00 2.343e-04 3.938e-02 5.981e-04 2.178e-03
2.044e+00 2.243e-04 3.889e-02 5.769e-04 2.332e-03
2.065e+00 2.198e-04 3.867e-02 5.673e-04 2.406e-03
2.279e+00 1.805e-04 3.653e-02 4.838e-04 3.168e-03
2.516e+00 1.482e-04 3.447e-02 4.146e-04 4.015e-03
2.778e+00 1.216e-04 3.248e-02 3.569e-04 4.939e-03
3.000e+00 1.043e-04 3.099e-02 3.185e-04 5.703e-03
3.066e+00 9.982e-05 3.058e-02 3.085e-04 5.927e-03
3.385e+00 8.190e-05 2.876e-02 2.675e-04 6.982e-03
3.737e+00 6.721e-05 2.701e-02 2.326e-04 8.097e-03
4.000e+00 5.867e-05 2.586e-02 2.117e-04 8.897e-03
4.125e+00 5.517e-05 2.535e-02 2.029e-04 9.268e-03
4.554e+00 4.527e-05 2.376e-02 1.776e-04 1.050e-02
5.000e+00 3.756e-05 2.233e-02 1.569e-04 1.170e-02
5.027e+00 3.715e-05 2.225e-02 1.558e-04 1.177e-02
5.549e+00 3.050e-05 2.082e-02 1.371e-04 1.307e-02
6.000e+00 2.609e-05 1.974e-02 1.240e-04 1.414e-02
6.126e+00 2.502e-05 1.946e-02 1.208e-04 1.442e-02
6.762e+00 2.054e-05 1.818e-02 1.068e-04 1.581e-02
7.000e+00 1.917e-05 1.774e-02 1.023e-04 1.631e-02
7.465e+00 1.685e-05 1.696e-02 9.452e-05 1.724e-02
8.000e+00 1.467e-05 1.615e-02 8.689e-05 1.827e-02
8.241e+00 1.383e-05 1.581e-02 8.383e-05 1.872e-02
9.000e+00 1.159e-05 1.485e-02 7.544e-05 2.006e-02
9.097e+00 1.135e-05 1.473e-02 7.449e-05 2.023e-02
1.000e+01 9.393e-06 1.376e-02 6.662e-05 2.169e-02
1.004e+01 9.319e-06 1.372e-02 6.631e-05 2.175e-02
1.100e+01 7.764e-06 1.283e-02 5.962e-05 2.319e-02
1.109e+01 7.638e-06 1.275e-02 5.906e-05 2.333e-02
1.200e+01 6.523e-06 1.203e-02 5.394e-05 2.458e-02
1.224e+01 6.270e-06 1.186e-02 5.273e-05 2.490e-02
1.300e+01 5.558e-06 1.133e-02 4.923e-05 2.585e-02
1.351e+01 5.145e-06 1.101e-02 4.711e-05 2.647e-02
1.400e+01 4.791e-06 1.072e-02 4.524e-05 2.705e-02
1.491e+01 4.225e-06 1.023e-02 4.216e-05 2.804e-02
1.500e+01 4.174e-06 1.018e-02 4.188e-05 2.814e-02
1.600e+01 3.669e-06 9.698e-03 3.897e-05 2.917e-02
1.646e+01 3.467e-06 9.492e-03 3.776e-05 2.961e-02
1.800e+01 2.899e-06 8.863e-03 3.421e-05 3.104e-02
1.818e+01 2.842e-06 8.795e-03 3.384e-05 3.120e-02
2.000e+01 2.348e-06 8.171e-03 3.047e-05 3.272e-02
