# SILVER HALIDES IN PHOTOGRAPHIC EMULSION from NIST Database
6.470e+00 0.000e+00 0.000e+00 0.000e+00 0.000e+00
3.500e+01 5.292e-03 3.500e+00 0.000e+00 0.000e+00
4.700e+01 5.319e-03 3.500e+00 0.000e+00 0.000e+00
5.300e+01 2.645e-05 3.500e+00 0.000e+00 0.000e+00
0.000e+00 0.000e+00 0.000e+00 0.000e+00 0.000e+00
1.000e-03 6.989e+00 5.061e-03 5.171e+03 0.000e+00
1.020e-03 6.975e+00 5.226e-03 4.940e+03 0.000e+00
1.072e-03 6.938e+00 5.664e-03 4.404e+03 0.000e+00
1.072e-03 6.938e+00 5.664e-03 4.405e+03 0.000e+00
1.126e-03 6.900e+00 6.130e-03 3.934e+03 0.000e+00
1.243e-03 6.820e+00 7.174e-03 3.132e+03 0.000e+00
1.372e-03 6.729e+00 8.362e-03 2.495e+03 0.000e+00
1.500e-03 6.634e+00 9.554e-03 2.031e+03 0.000e+00
1.515e-03 6.622e+00 9.694e-03 1.983e+03 0.000e+00
1.550e-03 6.595e+00 1.002e-02 1.877e+03 0.000e+00
1.550e-03 6.595e+00 1.002e-02 3.309e+03 0.000e+00
1.573e-03 6.577e+00 1.023e-02 3.099e+03 0.000e+00
1.596e-03 6.558e+00 1.045e-02 2.904e+03 0.000e+00
1.596e-03 6.558e+00 1.045e-02 3.542e+03 0.000e+00
1.672e-03 6.498e+00 1.117e-02 3.179e+03 0.000e+00
1.782e-03 6.410e+00 1.219e-02 2.740e+03 0.000e+00
1.782e-03 6.410e+00 1.219e-02 2.962e+03 0.000e+00
1.846e-03 6.357e+00 1.279e-02 2.722e+03 0.000e+00
2.000e-03 6.228e+00 1.423e-02 2.245e+03 0.000e+00
2.038e-03 6.196e+00 1.458e-02 2.141e+03 0.000e+00
2.250e-03 6.018e+00 1.654e-02 1.671e+03 0.000e+00
2.483e-03 5.823e+00 1.865e-02 1.305e+03 0.000e+00
2.741e-03 5.612e+00 2.095e-02 1.019e+03 0.000e+00
3.000e-03 5.406e+00 2.319e-02 8.122e+02 0.000e+00
3.026e-03 5.386e+00 2.341e-02 7.942e+02 0.000e+00
3.341e-03 5.146e+00 2.604e-02 6.145e+02 0.000e+00
3.351e-03 5.138e+00 2.612e-02 6.097e+02 0.000e+00
3.351e-03 5.138e+00 2.612e-02 1.118e+03 0.000e+00
3.436e-03 5.075e+00 2.681e-02 1.049e+03 0.000e+00
3.524e-03 5.010e+00 2.752e-02 9.846e+02 0.000e+00
3.524e-03 5.010e+00 2.752e-02 1.226e+03 0.000e+00
3.688e-03 4.892e+00 2.883e-02 1.094e+03 0.000e+00
3.806e-03 4.809e+00 2.975e-02 1.012e+03 0.000e+00
3.806e-03 4.809e+00 2.975e-02 1.119e+03 0.000e+00
4.000e-03 4.676e+00 3.125e-02 9.912e+02 0.000e+00
4.071e-03 4.629e+00 3.179e-02 9.470e+02 0.000e+00
4.494e-03 4.359e+00 3.491e-02 7.332e+02 0.000e+00
4.557e-03 4.321e+00 3.536e-02 7.073e+02 0.000e+00
4.557e-03 4.321e+00 3.536e-02 7.089e+02 0.000e+00
4.702e-03 4.234e+00 3.639e-02 6.537e+02 0.000e+00
4.852e-03 4.147e+00 3.743e-02 6.028e+02 0.000e+00
4.852e-03 4.147e+00 3.743e-02 6.035e+02 0.000e+00
4.961e-03 4.086e+00 3.818e-02 5.699e+02 0.000e+00
5.000e-03 4.064e+00 3.845e-02 5.585e+02 0.000e+00
5.188e-03 3.961e+00 3.972e-02 5.068e+02 0.000e+00
5.188e-03 3.961e+00 3.972e-02 5.072e+02 0.000e+00
5.477e-03 3.811e+00 4.163e-02 4.399e+02 0.000e+00
6.000e-03 3.559e+00 4.497e-02 3.462e+02 0.000e+00
6.046e-03 3.538e+00 4.525e-02 3.392e+02 0.000e+00
6.675e-03 3.269e+00 4.906e-02 2.604e+02 0.000e+00
7.368e-03 3.008e+00 5.303e-02 1.999e+02 0.000e+00
8.000e-03 2.797e+00 5.644e-02 1.605e+02 0.000e+00
8.134e-03 2.755e+00 5.714e-02 1.534e+02 0.000e+00
8.979e-03 2.512e+00 6.136e-02 1.172e+02 0.000e+00
9.912e-03 2.281e+00 6.566e-02 8.954e+01 0.000e+00
1.000e-02 2.261e+00 6.605e-02 8.741e+01 0.000e+00
1.094e-02 2.061e+00 7.000e-02 6.818e+01 0.000e+00
1.208e-02 1.852e+00 7.435e-02 5.183e+01 0.000e+00
1.334e-02 1.657e+00 7.866e-02 3.940e+01 0.000e+00
1.347e-02 1.638e+00 7.909e-02 3.832e+01 0.000e+00
1.347e-02 1.638e+00 7.909e-02 9.131e+01 0.000e+00
1.472e-02 1.477e+00 8.285e-02 7.240e+01 0.000e+00
1.500e-02 1.444e+00 8.364e-02 6.890e+01 0.000e+00
1.625e-02 1.308e+00 8.697e-02 5.568e+01 0.000e+00
1.794e-02 1.152e+00 9.097e-02 4.269e+01 0.000e+00
1.980e-02 1.010e+00 9.483e-02 3.268e+01 0.000e+00
2.000e-02 9.961e-01 9.521e-02 3.179e+01 0.000e+00
2.186e-02 8.815e-01 9.852e-02 2.492e+01 0.000e+00
2.413e-02 7.673e-01 1.020e-01 1.897e+01 0.000e+00
2.551e-02 7.087e-01 1.039e-01 1.625e+01 0.000e+00
2.551e-02 7.087e-01 1.039e-01 4.257e+01 0.000e+00
2.664e-02 6.662e-01 1.052e-01 3.803e+01 0.000e+00
2.941e-02 5.774e-01 1.082e-01 2.932e+01 0.000e+00
3.000e-02 5.609e-01 1.087e-01 2.782e+01 0.000e+00
3.247e-02 4.992e-01 1.109e-01 2.251e+01 0.000e+00
3.317e-02 4.836e-01 1.114e-01 2.125e+01 0.000e+00
3.317e-02 4.836e-01 1.114e-01 2.135e+01 0.000e+00
3.584e-02 4.305e-01 1.133e-01 1.730e+01 0.000e+00
3.957e-02 3.700e-01 1.153e-01 1.319e+01 0.000e+00
4.000e-02 3.639e-01 1.155e-01 1.280e+01 0.000e+00
4.368e-02 3.170e-01 1.171e-01 1.004e+01 0.000e+00
4.822e-02 2.706e-01 1.184e-01 7.625e+00 0.000e+00
5.000e-02 2.551e-01 1.188e-01 6.890e+00 0.000e+00
5.323e-02 2.302e-01 1.194e-01 5.778e+00 0.000e+00
5.876e-02 1.952e-01 1.201e-01 4.369e+00 0.000e+00
6.000e-02 1.885e-01 1.202e-01 4.117e+00 0.000e+00
6.486e-02 1.651e-01 1.203e-01 3.297e+00 0.000e+00
7.161e-02 1.394e-01 1.202e-01 2.483e+00 0.000e+00
7.905e-02 1.175e-01 1.198e-01 1.868e+00 0.000e+00
8.000e-02 1.151e-01 1.197e-01 1.804e+00 0.000e+00
8.726e-02 9.890e-02 1.190e-01 1.403e+00 0.000e+00
9.633e-02 8.316e-02 1.179e-01 1.053e+00 0.000e+00
1.000e-01 7.786e-02 1.174e-01 9.445e-01 0.000e+00
1.063e-01 6.989e-02 1.166e-01 7.904e-01 0.000e+00
1.174e-01 5.857e-02 1.149e-01 5.914e-01 0.000e+00
1.296e-01 4.906e-02 1.131e-01 4.429e-01 0.000e+00
1.431e-01 4.101e-02 1.110e-01 3.314e-01 0.000e+00
1.500e-01 3.764e-02 1.099e-01 2.887e-01 0.000e+00
1.579e-01 3.426e-02 1.087e-01 2.484e-01 0.000e+00
1.743e-01 2.855e-02 1.063e-01 1.861e-01 0.000e+00
1.925e-01 2.373e-02 1.037e-01 1.394e-01 0.000e+00
2.000e-01 2.209e-02 1.027e-01 1.247e-01 0.000e+00
2.125e-01 1.972e-02 1.010e-01 1.046e-01 0.000e+00
2.345e-01 1.637e-02 9.819e-02 7.878e-02 0.000e+00
2.589e-01 1.356e-02 9.530e-02 5.936e-02 0.000e+00
2.858e-01 1.122e-02 9.234e-02 4.487e-02 0.000e+00
3.000e-01 1.023e-02 9.087e-02 3.916e-02 0.000e+00
3.155e-01 9.282e-03 8.934e-02 3.403e-02 0.000e+00
3.483e-01 7.671e-03 8.631e-02 2.590e-02 0.000e+00
3.845e-01 6.335e-03 8.327e-02 1.981e-02 0.000e+00
4.000e-01 5.867e-03 8.206e-02 1.782e-02 0.000e+00
4.245e-01 5.227e-03 8.023e-02 1.522e-02 0.000e+00
4.686e-01 4.312e-03 7.722e-02 1.176e-02 0.000e+00
5.000e-01 3.798e-03 7.526e-02 9.964e-03 0.000e+00
5.173e-01 3.554e-03 7.424e-02 9.146e-03 0.000e+00
5.710e-01 2.928e-03 7.130e-02 7.161e-03 0.000e+00
6.000e-01 2.657e-03 6.984e-02 6.346e-03 0.000e+00
6.304e-01 2.411e-03 6.838e-02 5.632e-03 0.000e+00
6.959e-01 1.984e-03 6.550e-02 4.459e-03 0.000e+00
7.682e-01 1.632e-03 6.267e-02 3.568e-03 0.000e+00
8.000e-01 1.506e-03 6.152e-02 3.269e-03 0.000e+00
8.480e-01 1.342e-03 5.989e-02 2.895e-03 0.000e+00
9.361e-01 1.103e-03 5.717e-02 2.357e-03 0.000e+00
1.000e+00 9.680e-04 5.539e-02 2.039e-03 0.000e+00
1.022e+00 9.271e-04 5.480e-02 1.939e-03 0.000e+00
1.033e+00 9.076e-04 5.452e-02 1.894e-03 3.306e-08
1.141e+00 7.450e-04 5.190e-02 1.547e-03 2.773e-05
1.250e+00 6.214e-04 4.957e-02 1.309e-03 1.353e-04
1.259e+00 6.125e-04 4.939e-02 1.292e-03 1.478e-04
1.390e+00 5.029e-04 4.693e-02 1.078e-03 3.822e-04
1.500e+00 4.321e-04 4.508e-02 9.389e-04 6.424e-04
1.535e+00 4.127e-04 4.453e-02 9.010e-04 7.352e-04
1.694e+00 3.390e-04 4.223e-02 7.582e-04 1.206e-03
1.870e+00 2.783e-04 3.998e-02 6.410e-04 1.800e-03
2.000e+00 2.434e-04 3.850e-02 5.732e-04 2.267e-03
2.044e+00 2.331e-04 3.802e-02 5.530e-04 2.428e-03
2.065e+00 2.284e-04 3.780e-02 5.438e-04 2.505e-03
2.279e+00 1.875e-04 3.571e-02 4.640e-04 3.302e-03
2.516e+00 1.539e-04 3.369e-02 3.978e-04 4.191e-03
2.778e+00 1.263e-04 3.175e-02 3.425e-04 5.162e-03
3.000e+00 1.083e-04 3.030e-02 3.057e-04 5.967e-03
3.066e+00 1.037e-04 2.990e-02 2.962e-04 6.202e-03
3.385e+00 8.508e-05 2.812e-02 2.569e-04 7.313e-03
3.737e+00 6.982e-05 2.641e-02 2.235e-04 8.486e-03
4.000e+00 6.094e-05 2.528e-02 2.035e-04 9.328e-03
4.125e+00 5.731e-05 2.479e-02 1.951e-04 9.719e-03
4.554e+00 4.703e-05 2.323e-02 1.708e-04 1.101e-02
5.000e+00 3.901e-05 2.184e-02 1.509e-04 1.228e-02
5.027e+00 3.860e-05 2.176e-02 1.499e-04 1.235e-02
5.549e+00 3.168e-05 2.036e-02 1.319e-04 1.372e-02
6.000e+00 2.710e-05 1.930e-02 1.194e-04 1.484e-02
6.126e+00 2.599e-05 1.903e-02 1.163e-04 1.515e-02
6.762e+00 2.134e-05 1.777e-02 1.028e-04 1.662e-02
7.000e+00 1.991e-05 1.735e-02 9.853e-05 1.714e-02
7.465e+00 1.751e-05 1.658e-02 9.106e-05 1.813e-02
8.000e+00 1.524e-05 1.579e-02 8.374e-05 1.921e-02
8.241e+00 1.436e-05 1.546e-02 8.080e-05 1.967e-02
9.000e+00 1.204e-05 1.452e-02 7.273e-05 2.109e-02
9.097e+00 1.179e-05 1.440e-02 7.181e-05 2.126e-02
1.000e+01 9.757e-06 1.345e-02 6.424e-05 2.282e-02
1.004e+01 9.680e-06 1.341e-02 6.394e-05 2.288e-02
1.100e+01 8.064e-06 1.254e-02 5.751e-05 2.439e-02
1.109e+01 7.934e-06 1.247e-02 5.697e-05 2.453e-02
1.200e+01 6.775e-06 1.177e-02 5.203e-05 2.585e-02
1.224e+01 6.513e-06 1.159e-02 5.087e-05 2.618e-02
1.300e+01 5.774e-06 1.108e-02 4.750e-05 2.718e-02
1.351e+01 5.345e-06 1.077e-02 4.546e-05 2.783e-02
1.400e+01 4.977e-06 1.049e-02 4.367e-05 2.843e-02
1.491e+01 4.389e-06 9.999e-03 4.070e-05 2.947e-02
1.500e+01 4.336e-06 9.953e-03 4.043e-05 2.958e-02
1.600e+01 3.811e-06 9.482e-03 3.762e-05 3.066e-02
1.646e+01 3.601e-06 9.280e-03 3.645e-05 3.113e-02
1.800e+01 3.011e-06 8.664e-03 3.303e-05 3.263e-02
1.818e+01 2.952e-06 8.598e-03 3.267e-05 3.279e-02
2.000e+01 2.439e-06 7.991e-03 2.943e-05 3.439e-02
