# SKIN (ICRP) from NIST Database
1.100e+00 0.000e+00 0.000e+00 0.000e+00 0.000e+00
1.000e+00 9.979e-02 3.500e+00 0.000e+00 0.000e+00
6.000e+00 1.900e-02 3.500e+00 0.000e+00 0.000e+00
7.000e+00 3.314e-03 3.500e+00 0.000e+00 0.000e+00
8.000e+00 3.869e-02 3.500e+00 0.000e+00 0.000e+00
1.500e+01 1.065e-05 3.500e+00 0.000e+00 0.000e+00
1.600e+01 4.958e-05 3.500e+00 0.000e+00 0.000e+00
1.700e+01 7.532e-05 3.500e+00 0.000e+00 0.000e+00
1.900e+01 2.174e-05 3.500e+00 0.000e+00 0.000e+00
2.000e+01 3.743e-06 3.500e+00 0.000e+00 0.000e+00
0.000e+00 0.000e+00 0.000e+00 0.000e+00 0.000e+00
1.000e-03 1.288e+00 1.378e-02 3.516e+03 0.000e+00
1.020e-03 1.283e+00 1.428e-02 3.334e+03 0.000e+00
1.126e-03 1.261e+00 1.700e-02 2.557e+03 0.000e+00
1.243e-03 1.236e+00 2.020e-02 1.960e+03 0.000e+00
1.372e-03 1.209e+00 2.391e-02 1.499e+03 0.000e+00
1.500e-03 1.181e+00 2.773e-02 1.174e+03 0.000e+00
1.515e-03 1.177e+00 2.818e-02 1.142e+03 0.000e+00
1.672e-03 1.140e+00 3.298e-02 8.678e+02 0.000e+00
1.846e-03 1.098e+00 3.835e-02 6.567e+02 0.000e+00
2.000e-03 1.060e+00 4.311e-02 5.231e+02 0.000e+00
2.038e-03 1.050e+00 4.428e-02 4.958e+02 0.000e+00
2.145e-03 1.024e+00 4.758e-02 4.280e+02 0.000e+00
2.145e-03 1.024e+00 4.758e-02 4.287e+02 0.000e+00
2.250e-03 9.980e-01 5.075e-02 3.740e+02 0.000e+00
2.472e-03 9.446e-01 5.737e-02 2.851e+02 0.000e+00
2.472e-03 9.446e-01 5.737e-02 2.881e+02 0.000e+00
2.483e-03 9.420e-01 5.769e-02 2.844e+02 0.000e+00
2.741e-03 8.824e-01 6.509e-02 2.136e+02 0.000e+00
2.822e-03 8.642e-01 6.734e-02 1.961e+02 0.000e+00
2.822e-03 8.642e-01 6.734e-02 2.000e+02 0.000e+00
3.000e-03 8.256e-01 7.213e-02 1.676e+02 0.000e+00
3.026e-03 8.201e-01 7.281e-02 1.634e+02 0.000e+00
3.341e-03 7.560e-01 8.076e-02 1.223e+02 0.000e+00
3.607e-03 7.059e-01 8.699e-02 9.744e+01 0.000e+00
3.607e-03 7.059e-01 8.699e-02 9.835e+01 0.000e+00
3.688e-03 6.915e-01 8.879e-02 9.211e+01 0.000e+00
4.000e-03 6.391e-01 9.538e-02 7.233e+01 0.000e+00
4.038e-03 6.330e-01 9.614e-02 7.031e+01 0.000e+00
4.038e-03 6.330e-01 9.614e-02 7.045e+01 0.000e+00
4.071e-03 6.278e-01 9.680e-02 6.877e+01 0.000e+00
4.494e-03 5.660e-01 1.047e-01 5.117e+01 0.000e+00
4.961e-03 5.073e-01 1.123e-01 3.802e+01 0.000e+00
5.000e-03 5.028e-01 1.128e-01 3.713e+01 0.000e+00
5.477e-03 4.524e-01 1.195e-01 2.818e+01 0.000e+00
6.000e-03 4.055e-01 1.258e-01 2.135e+01 0.000e+00
6.046e-03 4.018e-01 1.263e-01 2.086e+01 0.000e+00
6.675e-03 3.556e-01 1.327e-01 1.541e+01 0.000e+00
7.368e-03 3.139e-01 1.385e-01 1.138e+01 0.000e+00
8.000e-03 2.826e-01 1.430e-01 8.823e+00 0.000e+00
8.134e-03 2.767e-01 1.439e-01 8.381e+00 0.000e+00
8.979e-03 2.436e-01 1.489e-01 6.167e+00 0.000e+00
9.912e-03 2.143e-01 1.534e-01 4.531e+00 0.000e+00
1.000e-02 2.119e-01 1.538e-01 4.407e+00 0.000e+00
1.094e-02 1.885e-01 1.575e-01 3.326e+00 0.000e+00
1.208e-02 1.654e-01 1.614e-01 2.434e+00 0.000e+00
1.334e-02 1.450e-01 1.649e-01 1.779e+00 0.000e+00
1.472e-02 1.269e-01 1.681e-01 1.302e+00 0.000e+00
1.500e-02 1.236e-01 1.687e-01 1.226e+00 0.000e+00
1.625e-02 1.107e-01 1.711e-01 9.499e-01 0.000e+00
1.794e-02 9.620e-02 1.737e-01 6.923e-01 0.000e+00
1.980e-02 8.332e-02 1.760e-01 5.045e-01 0.000e+00
2.000e-02 8.208e-02 1.763e-01 4.885e-01 0.000e+00
2.186e-02 7.180e-02 1.780e-01 3.668e-01 0.000e+00
2.413e-02 6.161e-02 1.796e-01 2.666e-01 0.000e+00
2.664e-02 5.263e-02 1.808e-01 1.935e-01 0.000e+00
2.941e-02 4.478e-02 1.815e-01 1.403e-01 0.000e+00
3.000e-02 4.333e-02 1.816e-01 1.315e-01 0.000e+00
3.247e-02 3.795e-02 1.819e-01 1.017e-01 0.000e+00
3.584e-02 3.207e-02 1.818e-01 7.365e-02 0.000e+00
3.957e-02 2.702e-02 1.814e-01 5.328e-02 0.000e+00
4.000e-02 2.651e-02 1.813e-01 5.143e-02 0.000e+00
4.368e-02 2.271e-02 1.806e-01 3.855e-02 0.000e+00
4.822e-02 1.905e-02 1.793e-01 2.787e-02 0.000e+00
5.000e-02 1.785e-02 1.788e-01 2.474e-02 0.000e+00
5.323e-02 1.595e-02 1.778e-01 2.014e-02 0.000e+00
5.876e-02 1.332e-02 1.759e-01 1.455e-02 0.000e+00
6.000e-02 1.282e-02 1.755e-01 1.358e-02 0.000e+00
6.486e-02 1.111e-02 1.737e-01 1.051e-02 0.000e+00
7.161e-02 9.248e-03 1.712e-01 7.584e-03 0.000e+00
7.905e-02 7.686e-03 1.685e-01 5.477e-03 0.000e+00
8.000e-02 7.515e-03 1.681e-01 5.266e-03 0.000e+00
8.726e-02 6.378e-03 1.655e-01 3.956e-03 0.000e+00
9.633e-02 5.284e-03 1.623e-01 2.857e-03 0.000e+00
1.000e-01 4.919e-03 1.610e-01 2.527e-03 0.000e+00
1.063e-01 4.375e-03 1.589e-01 2.068e-03 0.000e+00
1.174e-01 3.613e-03 1.553e-01 1.493e-03 0.000e+00
1.296e-01 2.983e-03 1.516e-01 1.080e-03 0.000e+00
1.431e-01 2.460e-03 1.478e-01 7.822e-04 0.000e+00
1.500e-01 2.243e-03 1.459e-01 6.712e-04 0.000e+00
1.579e-01 2.029e-03 1.438e-01 5.683e-04 0.000e+00
1.743e-01 1.671e-03 1.397e-01 4.130e-04 0.000e+00
1.925e-01 1.374e-03 1.356e-01 3.004e-04 0.000e+00
2.000e-01 1.274e-03 1.340e-01 2.659e-04 0.000e+00
2.125e-01 1.131e-03 1.314e-01 2.193e-04 0.000e+00
2.345e-01 9.304e-04 1.272e-01 1.608e-04 0.000e+00
2.589e-01 7.646e-04 1.230e-01 1.182e-04 0.000e+00
2.858e-01 6.284e-04 1.188e-01 8.728e-05 0.000e+00
3.000e-01 5.707e-04 1.167e-01 7.534e-05 0.000e+00
3.155e-01 5.163e-04 1.146e-01 6.474e-05 0.000e+00
3.483e-01 4.241e-04 1.104e-01 4.826e-05 0.000e+00
3.845e-01 3.483e-04 1.063e-01 3.618e-05 0.000e+00
4.000e-01 3.219e-04 1.047e-01 3.230e-05 0.000e+00
4.245e-01 2.859e-04 1.022e-01 2.729e-05 0.000e+00
4.686e-01 2.348e-04 9.823e-02 2.075e-05 0.000e+00
5.000e-01 2.063e-04 9.563e-02 1.743e-05 0.000e+00
5.173e-01 1.927e-04 9.428e-02 1.594e-05 0.000e+00
5.710e-01 1.583e-04 9.039e-02 1.234e-05 0.000e+00
6.000e-01 1.433e-04 8.847e-02 1.086e-05 0.000e+00
6.304e-01 1.299e-04 8.658e-02 9.560e-06 0.000e+00
6.959e-01 1.066e-04 8.286e-02 7.451e-06 0.000e+00
7.682e-01 8.751e-05 7.922e-02 5.949e-06 0.000e+00
8.000e-01 8.069e-05 7.775e-02 5.485e-06 0.000e+00
8.480e-01 7.181e-05 7.566e-02 4.937e-06 0.000e+00
9.361e-01 5.893e-05 7.218e-02 4.073e-06 0.000e+00
1.000e+00 5.166e-05 6.992e-02 3.410e-06 0.000e+00
1.022e+00 4.946e-05 6.919e-02 3.180e-06 0.000e+00
1.033e+00 4.842e-05 6.883e-02 3.079e-06 3.280e-09
1.141e+00 3.970e-05 6.551e-02 2.479e-06 3.110e-06
1.250e+00 3.308e-05 6.252e-02 2.159e-06 1.680e-05
1.259e+00 3.260e-05 6.229e-02 2.134e-06 1.849e-05
1.390e+00 2.674e-05 5.916e-02 1.799e-06 5.233e-05
1.500e+00 2.296e-05 5.683e-02 1.566e-06 9.293e-05
1.535e+00 2.193e-05 5.613e-02 1.503e-06 1.079e-04
1.694e+00 1.801e-05 5.323e-02 1.274e-06 1.860e-04
1.870e+00 1.478e-05 5.040e-02 1.091e-06 2.878e-04
2.000e+00 1.292e-05 4.850e-02 9.836e-07 3.699e-04
2.044e+00 1.237e-05 4.789e-02 9.514e-07 3.986e-04
2.065e+00 1.212e-05 4.761e-02 9.367e-07 4.125e-04
2.279e+00 9.945e-06 4.494e-02 8.083e-07 5.576e-04
2.516e+00 8.161e-06 4.240e-02 7.005e-07 7.241e-04
2.778e+00 6.696e-06 3.997e-02 6.096e-07 9.115e-04
3.000e+00 5.743e-06 3.815e-02 5.486e-07 1.071e-03
3.066e+00 5.498e-06 3.764e-02 5.327e-07 1.118e-03
3.385e+00 4.511e-06 3.540e-02 4.669e-07 1.346e-03
3.737e+00 3.702e-06 3.325e-02 4.104e-07 1.591e-03
4.000e+00 3.231e-06 3.182e-02 3.762e-07 1.771e-03
4.125e+00 3.038e-06 3.120e-02 3.618e-07 1.854e-03
4.554e+00 2.492e-06 2.924e-02 3.197e-07 2.132e-03
5.000e+00 2.067e-06 2.748e-02 2.850e-07 2.411e-03
5.027e+00 2.045e-06 2.738e-02 2.832e-07 2.427e-03
5.549e+00 1.678e-06 2.562e-02 2.513e-07 2.738e-03
6.000e+00 1.436e-06 2.429e-02 2.290e-07 2.995e-03
6.126e+00 1.377e-06 2.395e-02 2.235e-07 3.065e-03
6.762e+00 1.130e-06 2.237e-02 1.991e-07 3.402e-03
7.000e+00 1.055e-06 2.183e-02 1.913e-07 3.523e-03
7.465e+00 9.274e-07 2.087e-02 1.776e-07 3.750e-03
8.000e+00 8.076e-07 1.987e-02 1.641e-07 4.000e-03
8.241e+00 7.611e-07 1.946e-02 1.586e-07 4.111e-03
9.000e+00 6.381e-07 1.827e-02 1.436e-07 4.440e-03
9.097e+00 6.246e-07 1.813e-02 1.419e-07 4.480e-03
1.000e+01 5.169e-07 1.692e-02 1.277e-07 4.839e-03
1.004e+01 5.128e-07 1.688e-02 1.271e-07 4.854e-03
1.100e+01 4.271e-07 1.578e-02 1.149e-07 5.205e-03
1.109e+01 4.202e-07 1.569e-02 1.139e-07 5.236e-03
1.200e+01 3.589e-07 1.480e-02 1.044e-07 5.542e-03
1.224e+01 3.450e-07 1.459e-02 1.022e-07 5.620e-03
1.300e+01 3.058e-07 1.394e-02 9.569e-08 5.857e-03
1.351e+01 2.832e-07 1.355e-02 9.177e-08 6.010e-03
1.400e+01 2.637e-07 1.319e-02 8.830e-08 6.151e-03
1.491e+01 2.325e-07 1.258e-02 8.251e-08 6.402e-03
1.500e+01 2.297e-07 1.253e-02 8.198e-08 6.425e-03
1.600e+01 2.019e-07 1.193e-02 7.649e-08 6.686e-03
1.646e+01 1.908e-07 1.167e-02 7.421e-08 6.801e-03
1.800e+01 1.595e-07 1.090e-02 6.747e-08 7.162e-03
1.818e+01 1.564e-07 1.082e-02 6.675e-08 7.202e-03
2.000e+01 1.292e-07 1.005e-02 6.033e-08 7.590e-03
