# SAMARIUM from NIST Database
7.460e+00 0.000e+00 0.000e+00 0.000e+00 0.000e+00
6.200e+01 1.000e+00 3.500e+00 0.000e+00 0.000e+00
0.000e+00 0.000e+00 0.000e+00 0.000e+00 0.000e+00
1.000e-03 9.668e+00 5.936e-03 2.097e+03 0.000e+00
1.020e-03 9.648e+00 6.090e-03 2.021e+03 0.000e+00
1.080e-03 9.588e+00 6.556e-03 1.818e+03 0.000e+00
1.080e-03 9.588e+00 6.556e-03 2.514e+03 0.000e+00
1.093e-03 9.576e+00 6.656e-03 3.743e+03 0.000e+00
1.106e-03 9.564e+00 6.757e-03 5.551e+03 0.000e+00
1.106e-03 9.564e+00 6.757e-03 6.785e+03 0.000e+00
1.126e-03 9.546e+00 6.910e-03 6.661e+03 0.000e+00
1.243e-03 9.435e+00 7.784e-03 6.020e+03 0.000e+00
1.372e-03 9.306e+00 8.725e-03 5.442e+03 0.000e+00
1.420e-03 9.256e+00 9.076e-03 5.255e+03 0.000e+00
1.420e-03 9.256e+00 9.076e-03 6.064e+03 0.000e+00
1.500e-03 9.172e+00 9.672e-03 5.347e+03 0.000e+00
1.515e-03 9.157e+00 9.785e-03 5.230e+03 0.000e+00
1.541e-03 9.132e+00 9.977e-03 5.038e+03 0.000e+00
1.541e-03 9.132e+00 9.977e-03 5.347e+03 0.000e+00
1.672e-03 8.997e+00 1.095e-02 4.466e+03 0.000e+00
1.723e-03 8.943e+00 1.132e-02 4.181e+03 0.000e+00
1.723e-03 8.943e+00 1.132e-02 4.370e+03 0.000e+00
1.846e-03 8.818e+00 1.222e-02 3.734e+03 0.000e+00
2.000e-03 8.663e+00 1.333e-02 3.112e+03 0.000e+00
2.038e-03 8.625e+00 1.361e-02 2.975e+03 0.000e+00
2.250e-03 8.411e+00 1.514e-02 2.351e+03 0.000e+00
2.483e-03 8.176e+00 1.682e-02 1.860e+03 0.000e+00
2.741e-03 7.917e+00 1.864e-02 1.470e+03 0.000e+00
3.000e-03 7.662e+00 2.045e-02 1.186e+03 0.000e+00
3.026e-03 7.636e+00 2.062e-02 1.161e+03 0.000e+00
3.341e-03 7.334e+00 2.276e-02 9.076e+02 0.000e+00
3.688e-03 7.013e+00 2.504e-02 7.101e+02 0.000e+00
4.000e-03 6.737e+00 2.703e-02 5.803e+02 0.000e+00
4.071e-03 6.675e+00 2.748e-02 5.550e+02 0.000e+00
4.494e-03 6.323e+00 3.007e-02 4.320e+02 0.000e+00
4.961e-03 5.961e+00 3.280e-02 3.363e+02 0.000e+00
5.000e-03 5.932e+00 3.302e-02 3.297e+02 0.000e+00
5.477e-03 5.592e+00 3.565e-02 2.608e+02 0.000e+00
6.000e-03 5.251e+00 3.837e-02 2.062e+02 0.000e+00
6.046e-03 5.222e+00 3.860e-02 2.022e+02 0.000e+00
6.675e-03 4.853e+00 4.166e-02 1.564e+02 0.000e+00
6.716e-03 4.830e+00 4.185e-02 1.539e+02 0.000e+00
6.716e-03 4.830e+00 4.185e-02 4.286e+02 0.000e+00
7.008e-03 4.674e+00 4.318e-02 3.845e+02 0.000e+00
7.312e-03 4.518e+00 4.454e-02 3.450e+02 0.000e+00
7.312e-03 4.518e+00 4.454e-02 4.710e+02 0.000e+00
7.368e-03 4.489e+00 4.479e-02 4.622e+02 0.000e+00
7.737e-03 4.310e+00 4.638e-02 4.097e+02 0.000e+00
7.737e-03 4.310e+00 4.638e-02 4.734e+02 0.000e+00
8.000e-03 4.189e+00 4.746e-02 4.358e+02 0.000e+00
8.134e-03 4.130e+00 4.800e-02 4.177e+02 0.000e+00
8.979e-03 3.780e+00 5.132e-02 3.245e+02 0.000e+00
9.912e-03 3.440e+00 5.479e-02 2.521e+02 0.000e+00
1.000e-02 3.410e+00 5.511e-02 2.465e+02 0.000e+00
1.094e-02 3.115e+00 5.837e-02 1.942e+02 0.000e+00
1.208e-02 2.809e+00 6.206e-02 1.493e+02 0.000e+00
1.334e-02 2.524e+00 6.582e-02 1.147e+02 0.000e+00
1.472e-02 2.264e+00 6.960e-02 8.834e+01 0.000e+00
1.500e-02 2.216e+00 7.033e-02 8.403e+01 0.000e+00
1.625e-02 2.025e+00 7.343e-02 6.767e+01 0.000e+00
1.794e-02 1.807e+00 7.723e-02 5.177e+01 0.000e+00
1.980e-02 1.608e+00 8.093e-02 3.965e+01 0.000e+00
2.000e-02 1.588e+00 8.130e-02 3.858e+01 0.000e+00
2.186e-02 1.423e+00 8.449e-02 3.020e+01 0.000e+00
2.413e-02 1.254e+00 8.786e-02 2.300e+01 0.000e+00
2.664e-02 1.099e+00 9.101e-02 1.752e+01 0.000e+00
2.941e-02 9.572e-01 9.393e-02 1.334e+01 0.000e+00
3.000e-02 9.304e-01 9.448e-02 1.263e+01 0.000e+00
3.247e-02 8.290e-01 9.659e-02 1.012e+01 0.000e+00
3.584e-02 7.150e-01 9.900e-02 7.685e+00 0.000e+00
3.957e-02 6.152e-01 1.012e-01 5.829e+00 0.000e+00
4.000e-02 6.052e-01 1.014e-01 5.655e+00 0.000e+00
4.368e-02 5.292e-01 1.030e-01 4.415e+00 0.000e+00
4.683e-02 4.754e-01 1.042e-01 3.629e+00 0.000e+00
4.683e-02 4.754e-01 1.042e-01 2.042e+01 0.000e+00
4.822e-02 4.543e-01 1.046e-01 1.892e+01 0.000e+00
5.000e-02 4.294e-01 1.051e-01 1.721e+01 0.000e+00
5.323e-02 3.894e-01 1.059e-01 1.460e+01 0.000e+00
5.876e-02 3.335e-01 1.069e-01 1.125e+01 0.000e+00
6.000e-02 3.227e-01 1.071e-01 1.064e+01 0.000e+00
6.486e-02 2.848e-01 1.076e-01 8.644e+00 0.000e+00
7.161e-02 2.422e-01 1.079e-01 6.622e+00 0.000e+00
7.905e-02 2.052e-01 1.080e-01 5.064e+00 0.000e+00
8.000e-02 2.011e-01 1.080e-01 4.902e+00 0.000e+00
8.726e-02 1.734e-01 1.077e-01 3.867e+00 0.000e+00
9.633e-02 1.461e-01 1.072e-01 2.947e+00 0.000e+00
1.000e-01 1.368e-01 1.069e-01 2.658e+00 0.000e+00
1.063e-01 1.229e-01 1.063e-01 2.244e+00 0.000e+00
1.174e-01 1.032e-01 1.052e-01 1.703e+00 0.000e+00
1.296e-01 8.654e-02 1.037e-01 1.293e+00 0.000e+00
1.431e-01 7.251e-02 1.021e-01 9.801e-01 0.000e+00
1.500e-01 6.665e-02 1.012e-01 8.591e-01 0.000e+00
1.579e-01 6.078e-02 1.002e-01 7.442e-01 0.000e+00
1.743e-01 5.086e-02 9.818e-02 5.645e-01 0.000e+00
1.925e-01 4.247e-02 9.597e-02 4.278e-01 0.000e+00
2.000e-01 3.961e-02 9.508e-02 3.845e-01 0.000e+00
2.125e-01 3.544e-02 9.364e-02 3.249e-01 0.000e+00
2.345e-01 2.955e-02 9.121e-02 2.473e-01 0.000e+00
2.589e-01 2.458e-02 8.867e-02 1.884e-01 0.000e+00
2.858e-01 2.042e-02 8.605e-02 1.439e-01 0.000e+00
3.000e-01 1.864e-02 8.475e-02 1.262e-01 0.000e+00
3.155e-01 1.694e-02 8.338e-02 1.102e-01 0.000e+00
3.483e-01 1.404e-02 8.066e-02 8.474e-02 0.000e+00
3.845e-01 1.162e-02 7.792e-02 6.540e-02 0.000e+00
4.000e-01 1.077e-02 7.682e-02 5.904e-02 0.000e+00
4.245e-01 9.610e-03 7.516e-02 5.068e-02 0.000e+00
4.686e-01 7.941e-03 7.241e-02 3.948e-02 0.000e+00
5.000e-01 7.005e-03 7.061e-02 3.360e-02 0.000e+00
5.173e-01 6.559e-03 6.967e-02 3.091e-02 0.000e+00
5.710e-01 5.416e-03 6.696e-02 2.435e-02 0.000e+00
6.000e-01 4.918e-03 6.560e-02 2.166e-02 0.000e+00
6.304e-01 4.467e-03 6.426e-02 1.929e-02 0.000e+00
6.959e-01 3.682e-03 6.159e-02 1.538e-02 0.000e+00
7.682e-01 3.034e-03 5.897e-02 1.234e-02 0.000e+00
8.000e-01 2.802e-03 5.791e-02 1.129e-02 0.000e+00
8.480e-01 2.499e-03 5.641e-02 9.963e-03 0.000e+00
9.361e-01 2.057e-03 5.388e-02 8.094e-03 0.000e+00
1.000e+00 1.806e-03 5.219e-02 7.069e-03 0.000e+00
1.022e+00 1.730e-03 5.163e-02 6.765e-03 0.000e+00
1.033e+00 1.694e-03 5.135e-02 6.621e-03 5.971e-08
1.141e+00 1.392e-03 4.890e-02 5.437e-03 5.005e-05
1.250e+00 1.162e-03 4.674e-02 4.562e-03 2.432e-04
1.259e+00 1.145e-03 4.657e-02 4.500e-03 2.655e-04
1.390e+00 9.411e-04 4.427e-02 3.742e-03 6.789e-04
1.500e+00 8.090e-04 4.253e-02 3.259e-03 1.124e-03
1.535e+00 7.729e-04 4.202e-02 3.127e-03 1.279e-03
1.694e+00 6.359e-04 3.984e-02 2.627e-03 2.040e-03
1.870e+00 5.225e-04 3.772e-02 2.216e-03 2.950e-03
2.000e+00 4.566e-04 3.632e-02 1.978e-03 3.645e-03
2.044e+00 4.370e-04 3.588e-02 1.908e-03 3.883e-03
2.065e+00 4.281e-04 3.567e-02 1.876e-03 3.996e-03
2.279e+00 3.512e-04 3.371e-02 1.597e-03 5.147e-03
2.516e+00 2.884e-04 3.181e-02 1.365e-03 6.398e-03
2.778e+00 2.369e-04 2.998e-02 1.172e-03 7.737e-03
3.000e+00 2.033e-04 2.860e-02 1.043e-03 8.829e-03
3.066e+00 1.947e-04 2.822e-02 1.010e-03 9.147e-03
3.385e+00 1.599e-04 2.654e-02 8.734e-04 1.063e-02
3.737e+00 1.312e-04 2.493e-02 7.577e-04 1.219e-02
4.000e+00 1.145e-04 2.387e-02 6.885e-04 1.330e-02
4.125e+00 1.077e-04 2.340e-02 6.596e-04 1.381e-02
4.554e+00 8.835e-05 2.194e-02 5.756e-04 1.549e-02
5.000e+00 7.329e-05 2.062e-02 5.075e-04 1.713e-02
5.027e+00 7.251e-05 2.054e-02 5.038e-04 1.723e-02
5.549e+00 5.951e-05 1.922e-02 4.421e-04 1.900e-02
6.000e+00 5.091e-05 1.822e-02 3.994e-04 2.044e-02
6.126e+00 4.883e-05 1.797e-02 3.888e-04 2.083e-02
6.762e+00 4.009e-05 1.678e-02 3.429e-04 2.271e-02
7.000e+00 3.741e-05 1.638e-02 3.283e-04 2.338e-02
7.465e+00 3.290e-05 1.566e-02 3.029e-04 2.464e-02
8.000e+00 2.864e-05 1.491e-02 2.781e-04 2.602e-02
8.241e+00 2.699e-05 1.460e-02 2.681e-04 2.662e-02
9.000e+00 2.263e-05 1.371e-02 2.409e-04 2.842e-02
9.097e+00 2.215e-05 1.360e-02 2.378e-04 2.864e-02
1.000e+01 1.834e-05 1.270e-02 2.124e-04 3.062e-02
1.004e+01 1.819e-05 1.266e-02 2.113e-04 3.070e-02
1.100e+01 1.515e-05 1.185e-02 1.897e-04 3.265e-02
1.109e+01 1.491e-05 1.178e-02 1.879e-04 3.283e-02
1.200e+01 1.273e-05 1.111e-02 1.714e-04 3.454e-02
1.224e+01 1.224e-05 1.095e-02 1.675e-04 3.497e-02
1.300e+01 1.085e-05 1.047e-02 1.562e-04 3.630e-02
1.351e+01 1.005e-05 1.017e-02 1.495e-04 3.715e-02
1.400e+01 9.356e-06 9.901e-03 1.435e-04 3.794e-02
1.491e+01 8.249e-06 9.443e-03 1.336e-04 3.932e-02
1.500e+01 8.150e-06 9.400e-03 1.327e-04 3.946e-02
1.600e+01 7.161e-06 8.952e-03 1.234e-04 4.084e-02
1.646e+01 6.766e-06 8.761e-03 1.195e-04 4.146e-02
1.800e+01 5.659e-06 8.183e-03 1.081e-04 4.342e-02
1.818e+01 5.548e-06 8.120e-03 1.069e-04 4.364e-02
2.000e+01 4.586e-06 7.546e-03 9.624e-05 4.571e-02
