# TIN from NIST Database
7.310e+00 0.000e+00 0.000e+00 0.000e+00 0.000e+00
5.000e+01 1.000e+00 3.500e+00 0.000e+00 0.000e+00
0.000e+00 0.000e+00 0.000e+00 0.000e+00 0.000e+00
1.000e-03 8.000e+00 5.271e-03 8.147e+03 0.000e+00
1.020e-03 7.982e+00 5.435e-03 7.794e+03 0.000e+00
1.126e-03 7.889e+00 6.334e-03 6.247e+03 0.000e+00
1.243e-03 7.790e+00 7.365e-03 5.007e+03 0.000e+00
1.372e-03 7.681e+00 8.527e-03 4.015e+03 0.000e+00
1.500e-03 7.569e+00 9.684e-03 3.288e+03 0.000e+00
1.515e-03 7.555e+00 9.819e-03 3.211e+03 0.000e+00
1.672e-03 7.412e+00 1.122e-02 2.539e+03 0.000e+00
1.846e-03 7.248e+00 1.273e-02 2.006e+03 0.000e+00
2.000e-03 7.102e+00 1.405e-02 1.658e+03 0.000e+00
2.038e-03 7.066e+00 1.437e-02 1.582e+03 0.000e+00
2.250e-03 6.867e+00 1.614e-02 1.239e+03 0.000e+00
2.483e-03 6.652e+00 1.803e-02 9.706e+02 0.000e+00
2.741e-03 6.424e+00 2.006e-02 7.599e+02 0.000e+00
3.000e-03 6.204e+00 2.202e-02 6.077e+02 0.000e+00
3.026e-03 6.183e+00 2.222e-02 5.945e+02 0.000e+00
3.341e-03 5.929e+00 2.451e-02 4.621e+02 0.000e+00
3.688e-03 5.655e+00 2.694e-02 3.594e+02 0.000e+00
3.929e-03 5.464e+00 2.858e-02 3.060e+02 0.000e+00
3.929e-03 5.464e+00 2.858e-02 9.202e+02 0.000e+00
4.000e-03 5.408e+00 2.906e-02 9.339e+02 0.000e+00
4.071e-03 5.356e+00 2.953e-02 8.903e+02 0.000e+00
4.156e-03 5.296e+00 3.009e-02 8.416e+02 0.000e+00
4.156e-03 5.296e+00 3.009e-02 1.139e+03 0.000e+00
4.308e-03 5.189e+00 3.108e-02 1.049e+03 0.000e+00
4.465e-03 5.078e+00 3.208e-02 9.659e+02 0.000e+00
4.465e-03 5.078e+00 3.208e-02 1.112e+03 0.000e+00
4.494e-03 5.058e+00 3.227e-02 1.094e+03 0.000e+00
4.961e-03 4.747e+00 3.517e-02 8.585e+02 0.000e+00
5.000e-03 4.722e+00 3.540e-02 8.421e+02 0.000e+00
5.477e-03 4.433e+00 3.824e-02 6.650e+02 0.000e+00
6.000e-03 4.142e+00 4.122e-02 5.251e+02 0.000e+00
6.046e-03 4.117e+00 4.148e-02 5.146e+02 0.000e+00
6.675e-03 3.805e+00 4.490e-02 3.969e+02 0.000e+00
7.368e-03 3.501e+00 4.850e-02 3.062e+02 0.000e+00
8.000e-03 3.256e+00 5.164e-02 2.467e+02 0.000e+00
8.134e-03 3.208e+00 5.229e-02 2.360e+02 0.000e+00
8.979e-03 2.931e+00 5.624e-02 1.811e+02 0.000e+00
9.912e-03 2.670e+00 6.031e-02 1.390e+02 0.000e+00
1.000e-02 2.647e+00 6.067e-02 1.357e+02 0.000e+00
1.094e-02 2.427e+00 6.441e-02 1.062e+02 0.000e+00
1.208e-02 2.198e+00 6.852e-02 8.098e+01 0.000e+00
1.334e-02 1.983e+00 7.260e-02 6.175e+01 0.000e+00
1.472e-02 1.781e+00 7.657e-02 4.719e+01 0.000e+00
1.500e-02 1.744e+00 7.731e-02 4.482e+01 0.000e+00
1.625e-02 1.590e+00 8.043e-02 3.588e+01 0.000e+00
1.794e-02 1.410e+00 8.415e-02 2.725e+01 0.000e+00
1.980e-02 1.243e+00 8.771e-02 2.072e+01 0.000e+00
2.000e-02 1.227e+00 8.807e-02 2.014e+01 0.000e+00
2.186e-02 1.088e+00 9.113e-02 1.568e+01 0.000e+00
2.413e-02 9.478e-01 9.438e-02 1.187e+01 0.000e+00
2.664e-02 8.223e-01 9.745e-02 8.986e+00 0.000e+00
2.920e-02 7.193e-01 1.001e-01 6.940e+00 0.000e+00
2.920e-02 7.193e-01 1.001e-01 4.277e+01 0.000e+00
2.941e-02 7.118e-01 1.003e-01 4.214e+01 0.000e+00
3.000e-02 6.914e-01 1.009e-01 4.042e+01 0.000e+00
3.247e-02 6.156e-01 1.030e-01 3.356e+01 0.000e+00
3.584e-02 5.320e-01 1.054e-01 2.574e+01 0.000e+00
3.957e-02 4.588e-01 1.075e-01 1.945e+01 0.000e+00
4.000e-02 4.513e-01 1.077e-01 1.887e+01 0.000e+00
4.368e-02 3.948e-01 1.093e-01 1.480e+01 0.000e+00
4.822e-02 3.387e-01 1.108e-01 1.133e+01 0.000e+00
5.000e-02 3.199e-01 1.113e-01 1.027e+01 0.000e+00
5.323e-02 2.894e-01 1.120e-01 8.654e+00 0.000e+00
5.876e-02 2.462e-01 1.128e-01 6.586e+00 0.000e+00
6.000e-02 2.378e-01 1.129e-01 6.214e+00 0.000e+00
6.486e-02 2.087e-01 1.133e-01 5.001e+00 0.000e+00
7.161e-02 1.763e-01 1.135e-01 3.788e+00 0.000e+00
7.905e-02 1.487e-01 1.133e-01 2.865e+00 0.000e+00
8.000e-02 1.456e-01 1.132e-01 2.770e+00 0.000e+00
8.726e-02 1.252e-01 1.128e-01 2.164e+00 0.000e+00
9.633e-02 1.053e-01 1.119e-01 1.632e+00 0.000e+00
1.000e-01 9.862e-02 1.115e-01 1.467e+00 0.000e+00
1.063e-01 8.856e-02 1.108e-01 1.231e+00 0.000e+00
1.174e-01 7.429e-02 1.093e-01 9.251e-01 0.000e+00
1.296e-01 6.229e-02 1.077e-01 6.957e-01 0.000e+00
1.431e-01 5.215e-02 1.058e-01 5.228e-01 0.000e+00
1.500e-01 4.790e-02 1.049e-01 4.564e-01 0.000e+00
1.579e-01 4.364e-02 1.038e-01 3.936e-01 0.000e+00
1.743e-01 3.644e-02 1.015e-01 2.961e-01 0.000e+00
1.925e-01 3.035e-02 9.917e-02 2.226e-01 0.000e+00
2.000e-01 2.827e-02 9.821e-02 1.995e-01 0.000e+00
2.125e-01 2.525e-02 9.666e-02 1.678e-01 0.000e+00
2.345e-01 2.099e-02 9.406e-02 1.267e-01 0.000e+00
2.589e-01 1.741e-02 9.136e-02 9.581e-02 0.000e+00
2.858e-01 1.443e-02 8.858e-02 7.266e-02 0.000e+00
3.000e-01 1.315e-02 8.720e-02 6.351e-02 0.000e+00
3.155e-01 1.195e-02 8.576e-02 5.528e-02 0.000e+00
3.483e-01 9.879e-03 8.290e-02 4.221e-02 0.000e+00
3.845e-01 8.164e-03 8.003e-02 3.237e-02 0.000e+00
4.000e-01 7.564e-03 7.888e-02 2.915e-02 0.000e+00
4.245e-01 6.742e-03 7.716e-02 2.493e-02 0.000e+00
4.686e-01 5.565e-03 7.431e-02 1.931e-02 0.000e+00
5.000e-01 4.906e-03 7.244e-02 1.639e-02 0.000e+00
5.173e-01 4.591e-03 7.146e-02 1.506e-02 0.000e+00
5.710e-01 3.785e-03 6.863e-02 1.181e-02 0.000e+00
6.000e-01 3.435e-03 6.722e-02 1.048e-02 0.000e+00
6.304e-01 3.118e-03 6.582e-02 9.310e-03 0.000e+00
6.959e-01 2.568e-03 6.306e-02 7.383e-03 0.000e+00
7.682e-01 2.114e-03 6.035e-02 5.913e-03 0.000e+00
8.000e-01 1.951e-03 5.925e-02 5.418e-03 0.000e+00
8.480e-01 1.739e-03 5.769e-02 4.797e-03 0.000e+00
9.361e-01 1.430e-03 5.508e-02 3.907e-03 0.000e+00
1.000e+00 1.255e-03 5.337e-02 3.381e-03 0.000e+00
1.022e+00 1.202e-03 5.281e-02 3.217e-03 0.000e+00
1.033e+00 1.177e-03 5.254e-02 3.141e-03 4.305e-08
1.141e+00 9.666e-04 5.003e-02 2.567e-03 3.567e-05
1.250e+00 8.061e-04 4.779e-02 2.170e-03 1.721e-04
1.259e+00 7.947e-04 4.762e-02 2.141e-03 1.878e-04
1.390e+00 6.524e-04 4.525e-02 1.786e-03 4.800e-04
1.500e+00 5.606e-04 4.347e-02 1.554e-03 7.995e-04
1.535e+00 5.354e-04 4.294e-02 1.491e-03 9.125e-04
1.694e+00 4.400e-04 4.072e-02 1.253e-03 1.480e-03
1.870e+00 3.614e-04 3.855e-02 1.058e-03 2.185e-03
2.000e+00 3.161e-04 3.712e-02 9.466e-04 2.734e-03
2.044e+00 3.027e-04 3.667e-02 9.136e-04 2.923e-03
2.065e+00 2.965e-04 3.645e-02 8.986e-04 3.013e-03
2.279e+00 2.435e-04 3.444e-02 7.672e-04 3.939e-03
2.516e+00 1.999e-04 3.250e-02 6.569e-04 4.964e-03
2.778e+00 1.640e-04 3.063e-02 5.645e-04 6.077e-03
3.000e+00 1.407e-04 2.923e-02 5.031e-04 6.995e-03
3.066e+00 1.347e-04 2.884e-02 4.872e-04 7.264e-03
3.385e+00 1.105e-04 2.712e-02 4.220e-04 8.528e-03
3.737e+00 9.072e-05 2.547e-02 3.668e-04 9.859e-03
4.000e+00 7.919e-05 2.439e-02 3.337e-04 1.081e-02
4.125e+00 7.447e-05 2.391e-02 3.199e-04 1.126e-02
4.554e+00 6.110e-05 2.241e-02 2.797e-04 1.270e-02
5.000e+00 5.069e-05 2.106e-02 2.471e-04 1.412e-02
5.027e+00 5.015e-05 2.099e-02 2.453e-04 1.420e-02
5.549e+00 4.116e-05 1.964e-02 2.157e-04 1.574e-02
6.000e+00 3.521e-05 1.862e-02 1.951e-04 1.699e-02
6.126e+00 3.377e-05 1.835e-02 1.900e-04 1.732e-02
6.762e+00 2.772e-05 1.714e-02 1.678e-04 1.896e-02
7.000e+00 2.587e-05 1.674e-02 1.608e-04 1.954e-02
7.465e+00 2.274e-05 1.600e-02 1.485e-04 2.064e-02
8.000e+00 1.980e-05 1.523e-02 1.365e-04 2.184e-02
8.241e+00 1.866e-05 1.492e-02 1.316e-04 2.236e-02
9.000e+00 1.565e-05 1.400e-02 1.185e-04 2.395e-02
9.097e+00 1.532e-05 1.389e-02 1.170e-04 2.414e-02
1.000e+01 1.268e-05 1.297e-02 1.046e-04 2.586e-02
1.004e+01 1.258e-05 1.293e-02 1.041e-04 2.594e-02
1.100e+01 1.048e-05 1.210e-02 9.350e-05 2.763e-02
1.109e+01 1.031e-05 1.203e-02 9.261e-05 2.778e-02
1.200e+01 8.802e-06 1.135e-02 8.457e-05 2.927e-02
1.224e+01 8.461e-06 1.118e-02 8.267e-05 2.964e-02
1.300e+01 7.503e-06 1.069e-02 7.716e-05 3.079e-02
1.351e+01 6.946e-06 1.039e-02 7.384e-05 3.151e-02
1.400e+01 6.468e-06 1.012e-02 7.092e-05 3.219e-02
1.491e+01 5.704e-06 9.647e-03 6.609e-05 3.337e-02
1.500e+01 5.636e-06 9.603e-03 6.564e-05 3.348e-02
1.600e+01 4.952e-06 9.147e-03 6.108e-05 3.469e-02
1.646e+01 4.678e-06 8.952e-03 5.918e-05 3.521e-02
1.800e+01 3.913e-06 8.360e-03 5.357e-05 3.689e-02
1.818e+01 3.836e-06 8.296e-03 5.298e-05 3.707e-02
2.000e+01 3.169e-06 7.706e-03 4.772e-05 3.886e-02
