# SODIUM MONOXIDE from NIST Database
2.270e+00 0.000e+00 0.000e+00 0.000e+00 0.000e+00
8.000e+00 1.613e-02 3.500e+00 0.000e+00 0.000e+00
1.100e+01 3.227e-02 3.500e+00 0.000e+00 0.000e+00
0.000e+00 0.000e+00 0.000e+00 0.000e+00 0.000e+00
1.000e-03 1.811e+00 1.162e-02 1.668e+03 0.000e+00
1.020e-03 1.806e+00 1.194e-02 1.583e+03 0.000e+00
1.072e-03 1.791e+00 1.277e-02 1.386e+03 0.000e+00
1.072e-03 1.791e+00 1.277e-02 5.757e+03 0.000e+00
1.126e-03 1.777e+00 1.362e-02 5.201e+03 0.000e+00
1.243e-03 1.745e+00 1.544e-02 4.226e+03 0.000e+00
1.372e-03 1.710e+00 1.742e-02 3.406e+03 0.000e+00
1.500e-03 1.676e+00 1.936e-02 2.768e+03 0.000e+00
1.515e-03 1.672e+00 1.958e-02 2.702e+03 0.000e+00
1.672e-03 1.630e+00 2.195e-02 2.108e+03 0.000e+00
1.846e-03 1.584e+00 2.458e-02 1.622e+03 0.000e+00
2.000e-03 1.544e+00 2.691e-02 1.306e+03 0.000e+00
2.038e-03 1.534e+00 2.750e-02 1.241e+03 0.000e+00
2.250e-03 1.480e+00 3.076e-02 9.488e+02 0.000e+00
2.483e-03 1.423e+00 3.438e-02 7.255e+02 0.000e+00
2.741e-03 1.360e+00 3.839e-02 5.532e+02 0.000e+00
3.000e-03 1.299e+00 4.242e-02 4.308e+02 0.000e+00
3.026e-03 1.293e+00 4.283e-02 4.206e+02 0.000e+00
3.341e-03 1.222e+00 4.768e-02 3.185e+02 0.000e+00
3.688e-03 1.146e+00 5.293e-02 2.406e+02 0.000e+00
4.000e-03 1.081e+00 5.752e-02 1.907e+02 0.000e+00
4.071e-03 1.067e+00 5.855e-02 1.813e+02 0.000e+00
4.494e-03 9.853e-01 6.449e-02 1.363e+02 0.000e+00
4.961e-03 9.024e-01 7.071e-02 1.023e+02 0.000e+00
5.000e-03 8.959e-01 7.121e-02 9.994e+01 0.000e+00
5.477e-03 8.197e-01 7.713e-02 7.652e+01 0.000e+00
6.000e-03 7.448e-01 8.314e-02 5.847e+01 0.000e+00
6.046e-03 7.386e-01 8.365e-02 5.717e+01 0.000e+00
6.675e-03 6.604e-01 9.020e-02 4.261e+01 0.000e+00
7.368e-03 5.865e-01 9.665e-02 3.172e+01 0.000e+00
8.000e-03 5.289e-01 1.019e-01 2.476e+01 0.000e+00
8.134e-03 5.178e-01 1.029e-01 2.355e+01 0.000e+00
8.979e-03 4.549e-01 1.089e-01 1.746e+01 0.000e+00
9.912e-03 3.980e-01 1.146e-01 1.293e+01 0.000e+00
1.000e-02 3.933e-01 1.151e-01 1.258e+01 0.000e+00
1.094e-02 3.474e-01 1.199e-01 9.556e+00 0.000e+00
1.208e-02 3.023e-01 1.248e-01 7.045e+00 0.000e+00
1.334e-02 2.624e-01 1.292e-01 5.184e+00 0.000e+00
1.472e-02 2.277e-01 1.333e-01 3.818e+00 0.000e+00
1.500e-02 2.216e-01 1.340e-01 3.601e+00 0.000e+00
1.625e-02 1.973e-01 1.369e-01 2.805e+00 0.000e+00
1.794e-02 1.706e-01 1.402e-01 2.057e+00 0.000e+00
1.980e-02 1.473e-01 1.432e-01 1.508e+00 0.000e+00
2.000e-02 1.451e-01 1.434e-01 1.461e+00 0.000e+00
2.186e-02 1.269e-01 1.458e-01 1.103e+00 0.000e+00
2.413e-02 1.091e-01 1.480e-01 8.063e-01 0.000e+00
2.664e-02 9.348e-02 1.499e-01 5.883e-01 0.000e+00
2.941e-02 7.985e-02 1.515e-01 4.289e-01 0.000e+00
3.000e-02 7.732e-02 1.518e-01 4.025e-01 0.000e+00
3.247e-02 6.794e-02 1.527e-01 3.123e-01 0.000e+00
3.584e-02 5.763e-02 1.535e-01 2.273e-01 0.000e+00
3.957e-02 4.870e-02 1.539e-01 1.652e-01 0.000e+00
4.000e-02 4.781e-02 1.539e-01 1.595e-01 0.000e+00
4.368e-02 4.105e-02 1.539e-01 1.200e-01 0.000e+00
4.822e-02 3.450e-02 1.535e-01 8.709e-02 0.000e+00
5.000e-02 3.235e-02 1.533e-01 7.743e-02 0.000e+00
5.323e-02 2.893e-02 1.527e-01 6.319e-02 0.000e+00
5.876e-02 2.421e-02 1.516e-01 4.583e-02 0.000e+00
6.000e-02 2.331e-02 1.514e-01 4.282e-02 0.000e+00
6.486e-02 2.022e-02 1.502e-01 3.322e-02 0.000e+00
7.161e-02 1.686e-02 1.484e-01 2.405e-02 0.000e+00
7.905e-02 1.404e-02 1.464e-01 1.742e-02 0.000e+00
8.000e-02 1.373e-02 1.461e-01 1.675e-02 0.000e+00
8.726e-02 1.167e-02 1.441e-01 1.262e-02 0.000e+00
9.633e-02 9.693e-03 1.415e-01 9.141e-03 0.000e+00
1.000e-01 9.031e-03 1.405e-01 8.092e-03 0.000e+00
1.063e-01 8.043e-03 1.388e-01 6.631e-03 0.000e+00
1.174e-01 6.655e-03 1.358e-01 4.799e-03 0.000e+00
1.296e-01 5.505e-03 1.327e-01 3.481e-03 0.000e+00
1.431e-01 4.546e-03 1.295e-01 2.525e-03 0.000e+00
1.500e-01 4.149e-03 1.279e-01 2.169e-03 0.000e+00
1.579e-01 3.755e-03 1.261e-01 1.839e-03 0.000e+00
1.743e-01 3.097e-03 1.226e-01 1.340e-03 0.000e+00
1.925e-01 2.550e-03 1.191e-01 9.761e-04 0.000e+00
2.000e-01 2.366e-03 1.177e-01 8.647e-04 0.000e+00
2.125e-01 2.100e-03 1.154e-01 7.140e-04 0.000e+00
2.345e-01 1.730e-03 1.118e-01 5.243e-04 0.000e+00
2.589e-01 1.423e-03 1.081e-01 3.857e-04 0.000e+00
2.858e-01 1.170e-03 1.045e-01 2.851e-04 0.000e+00
3.000e-01 1.063e-03 1.027e-01 2.462e-04 0.000e+00
3.155e-01 9.622e-04 1.008e-01 2.117e-04 0.000e+00
3.483e-01 7.906e-04 9.717e-02 1.581e-04 0.000e+00
3.845e-01 6.495e-04 9.356e-02 1.187e-04 0.000e+00
4.000e-01 6.004e-04 9.213e-02 1.060e-04 0.000e+00
4.245e-01 5.334e-04 9.000e-02 8.964e-05 0.000e+00
4.686e-01 4.381e-04 8.648e-02 6.823e-05 0.000e+00
5.000e-01 3.850e-04 8.420e-02 5.732e-05 0.000e+00
5.173e-01 3.598e-04 8.302e-02 5.240e-05 0.000e+00
5.710e-01 2.954e-04 7.960e-02 4.058e-05 0.000e+00
6.000e-01 2.676e-04 7.792e-02 3.575e-05 0.000e+00
6.304e-01 2.425e-04 7.625e-02 3.151e-05 0.000e+00
6.959e-01 1.991e-04 7.297e-02 2.463e-05 0.000e+00
7.682e-01 1.634e-04 6.977e-02 1.965e-05 0.000e+00
8.000e-01 1.507e-04 6.848e-02 1.807e-05 0.000e+00
8.480e-01 1.341e-04 6.665e-02 1.616e-05 0.000e+00
9.361e-01 1.101e-04 6.361e-02 1.326e-05 0.000e+00
1.000e+00 9.648e-05 6.159e-02 1.123e-05 0.000e+00
1.022e+00 9.237e-05 6.093e-02 1.055e-05 0.000e+00
1.033e+00 9.042e-05 6.061e-02 1.024e-05 4.763e-09
1.141e+00 7.413e-05 5.768e-02 8.291e-06 4.494e-06
1.250e+00 6.178e-05 5.507e-02 7.154e-06 2.419e-05
1.259e+00 6.090e-05 5.487e-02 7.070e-06 2.661e-05
1.390e+00 4.996e-05 5.212e-02 5.947e-06 7.510e-05
1.500e+00 4.291e-05 5.006e-02 5.186e-06 1.331e-04
1.535e+00 4.098e-05 4.945e-02 4.981e-06 1.544e-04
1.694e+00 3.366e-05 4.689e-02 4.221e-06 2.659e-04
1.870e+00 2.763e-05 4.439e-02 3.607e-06 4.111e-04
2.000e+00 2.414e-05 4.272e-02 3.249e-06 5.286e-04
2.044e+00 2.311e-05 4.219e-02 3.142e-06 5.698e-04
2.065e+00 2.264e-05 4.194e-02 3.093e-06 5.896e-04
2.279e+00 1.857e-05 3.960e-02 2.666e-06 7.970e-04
2.516e+00 1.524e-05 3.737e-02 2.308e-06 1.033e-03
2.778e+00 1.251e-05 3.523e-02 2.007e-06 1.296e-03
3.000e+00 1.073e-05 3.362e-02 1.805e-06 1.520e-03
3.066e+00 1.027e-05 3.318e-02 1.752e-06 1.586e-03
3.385e+00 8.428e-06 3.119e-02 1.534e-06 1.902e-03
3.737e+00 6.914e-06 2.929e-02 1.347e-06 2.243e-03
4.000e+00 6.035e-06 2.804e-02 1.234e-06 2.491e-03
4.125e+00 5.675e-06 2.748e-02 1.187e-06 2.606e-03
4.554e+00 4.656e-06 2.576e-02 1.048e-06 2.990e-03
5.000e+00 3.863e-06 2.422e-02 9.340e-07 3.372e-03
5.027e+00 3.822e-06 2.413e-02 9.278e-07 3.394e-03
5.549e+00 3.137e-06 2.257e-02 8.230e-07 3.819e-03
6.000e+00 2.683e-06 2.140e-02 7.496e-07 4.168e-03
6.126e+00 2.574e-06 2.110e-02 7.314e-07 4.262e-03
6.762e+00 2.112e-06 1.971e-02 6.511e-07 4.720e-03
7.000e+00 1.971e-06 1.924e-02 6.254e-07 4.883e-03
7.465e+00 1.733e-06 1.839e-02 5.805e-07 5.194e-03
8.000e+00 1.509e-06 1.751e-02 5.362e-07 5.533e-03
8.241e+00 1.422e-06 1.714e-02 5.184e-07 5.680e-03
9.000e+00 1.192e-06 1.609e-02 4.691e-07 6.122e-03
9.097e+00 1.167e-06 1.597e-02 4.635e-07 6.177e-03
1.000e+01 9.657e-07 1.491e-02 4.167e-07 6.662e-03
1.004e+01 9.580e-07 1.487e-02 4.149e-07 6.682e-03
1.100e+01 7.981e-07 1.391e-02 3.750e-07 7.152e-03
1.109e+01 7.852e-07 1.383e-02 3.716e-07 7.195e-03
1.200e+01 6.705e-07 1.304e-02 3.406e-07 7.604e-03
1.224e+01 6.445e-07 1.285e-02 3.333e-07 7.708e-03
1.300e+01 5.714e-07 1.229e-02 3.122e-07 8.024e-03
1.351e+01 5.291e-07 1.194e-02 2.993e-07 8.227e-03
1.400e+01 4.927e-07 1.162e-02 2.879e-07 8.416e-03
1.491e+01 4.343e-07 1.109e-02 2.690e-07 8.751e-03
1.500e+01 4.291e-07 1.104e-02 2.672e-07 8.783e-03
1.600e+01 3.772e-07 1.051e-02 2.494e-07 9.127e-03
1.646e+01 3.564e-07 1.029e-02 2.419e-07 9.279e-03
1.800e+01 2.980e-07 9.606e-03 2.197e-07 9.761e-03
1.818e+01 2.921e-07 9.533e-03 2.174e-07 9.814e-03
2.000e+01 2.414e-07 8.858e-03 1.965e-07 1.033e-02
