# SODIUM IODIDE from NIST Database
3.667e+00 0.000e+00 0.000e+00 0.000e+00 0.000e+00
1.100e+01 6.671e-03 3.500e+00 0.000e+00 0.000e+00
5.300e+01 6.672e-03 3.500e+00 0.000e+00 0.000e+00
0.000e+00 0.000e+00 0.000e+00 0.000e+00 0.000e+00
1.000e-03 7.422e+00 5.916e-03 7.794e+03 0.000e+00
1.020e-03 7.406e+00 6.100e-03 7.477e+03 0.000e+00
1.072e-03 7.366e+00 6.586e-03 6.736e+03 0.000e+00
1.072e-03 7.366e+00 6.586e-03 7.021e+03 0.000e+00
1.072e-03 7.366e+00 6.586e-03 7.925e+03 0.000e+00
1.072e-03 7.366e+00 6.587e-03 7.021e+03 0.000e+00
1.072e-03 7.366e+00 6.587e-03 7.924e+03 0.000e+00
1.126e-03 7.324e+00 7.093e-03 7.124e+03 0.000e+00
1.243e-03 7.230e+00 8.201e-03 5.746e+03 0.000e+00
1.372e-03 7.121e+00 9.430e-03 4.629e+03 0.000e+00
1.500e-03 7.010e+00 1.065e-02 3.801e+03 0.000e+00
1.515e-03 6.996e+00 1.080e-02 3.713e+03 0.000e+00
1.672e-03 6.855e+00 1.229e-02 2.940e+03 0.000e+00
1.846e-03 6.696e+00 1.395e-02 2.322e+03 0.000e+00
2.000e-03 6.555e+00 1.541e-02 1.917e+03 0.000e+00
2.038e-03 6.521e+00 1.577e-02 1.830e+03 0.000e+00
2.250e-03 6.329e+00 1.776e-02 1.431e+03 0.000e+00
2.483e-03 6.123e+00 1.993e-02 1.121e+03 0.000e+00
2.741e-03 5.901e+00 2.228e-02 8.766e+02 0.000e+00
3.000e-03 5.687e+00 2.459e-02 7.003e+02 0.000e+00
3.026e-03 5.666e+00 2.482e-02 6.850e+02 0.000e+00
3.341e-03 5.419e+00 2.755e-02 5.316e+02 0.000e+00
3.688e-03 5.163e+00 3.044e-02 4.127e+02 0.000e+00
4.000e-03 4.947e+00 3.292e-02 3.351e+02 0.000e+00
4.071e-03 4.899e+00 3.348e-02 3.201e+02 0.000e+00
4.494e-03 4.630e+00 3.665e-02 2.475e+02 0.000e+00
4.557e-03 4.592e+00 3.712e-02 2.387e+02 0.000e+00
4.557e-03 4.592e+00 3.712e-02 6.585e+02 0.000e+00
4.702e-03 4.506e+00 3.816e-02 6.166e+02 0.000e+00
4.852e-03 4.419e+00 3.923e-02 5.774e+02 0.000e+00
4.852e-03 4.419e+00 3.923e-02 7.719e+02 0.000e+00
4.961e-03 4.357e+00 3.999e-02 7.389e+02 0.000e+00
5.000e-03 4.335e+00 4.026e-02 7.277e+02 0.000e+00
5.188e-03 4.229e+00 4.155e-02 6.611e+02 0.000e+00
5.188e-03 4.229e+00 4.155e-02 7.604e+02 0.000e+00
5.477e-03 4.075e+00 4.348e-02 6.645e+02 0.000e+00
6.000e-03 3.816e+00 4.679e-02 5.297e+02 0.000e+00
6.046e-03 3.794e+00 4.708e-02 5.192e+02 0.000e+00
6.675e-03 3.512e+00 5.081e-02 4.004e+02 0.000e+00
7.368e-03 3.235e+00 5.468e-02 3.089e+02 0.000e+00
8.000e-03 3.009e+00 5.799e-02 2.489e+02 0.000e+00
8.134e-03 2.964e+00 5.867e-02 2.381e+02 0.000e+00
8.979e-03 2.704e+00 6.277e-02 1.831e+02 0.000e+00
9.912e-03 2.458e+00 6.693e-02 1.408e+02 0.000e+00
1.000e-02 2.437e+00 6.731e-02 1.375e+02 0.000e+00
1.094e-02 2.229e+00 7.111e-02 1.077e+02 0.000e+00
1.208e-02 2.015e+00 7.528e-02 8.230e+01 0.000e+00
1.334e-02 1.816e+00 7.939e-02 6.285e+01 0.000e+00
1.472e-02 1.632e+00 8.336e-02 4.810e+01 0.000e+00
1.500e-02 1.598e+00 8.410e-02 4.570e+01 0.000e+00
1.625e-02 1.460e+00 8.718e-02 3.662e+01 0.000e+00
1.794e-02 1.300e+00 9.083e-02 2.785e+01 0.000e+00
1.980e-02 1.150e+00 9.429e-02 2.120e+01 0.000e+00
2.000e-02 1.136e+00 9.463e-02 2.062e+01 0.000e+00
2.186e-02 1.010e+00 9.758e-02 1.606e+01 0.000e+00
2.413e-02 8.819e-01 1.007e-01 1.217e+01 0.000e+00
2.664e-02 7.661e-01 1.035e-01 9.221e+00 0.000e+00
2.941e-02 6.634e-01 1.062e-01 6.986e+00 0.000e+00
3.000e-02 6.443e-01 1.067e-01 6.607e+00 0.000e+00
3.247e-02 5.734e-01 1.085e-01 5.281e+00 0.000e+00
3.317e-02 5.556e-01 1.090e-01 4.972e+00 0.000e+00
3.317e-02 5.556e-01 1.090e-01 2.976e+01 0.000e+00
3.584e-02 4.950e-01 1.106e-01 2.431e+01 0.000e+00
3.957e-02 4.265e-01 1.125e-01 1.876e+01 0.000e+00
4.000e-02 4.196e-01 1.127e-01 1.824e+01 0.000e+00
4.368e-02 3.670e-01 1.140e-01 1.445e+01 0.000e+00
4.822e-02 3.151e-01 1.153e-01 1.110e+01 0.000e+00
5.000e-02 2.978e-01 1.157e-01 1.006e+01 0.000e+00
5.323e-02 2.697e-01 1.162e-01 8.488e+00 0.000e+00
5.876e-02 2.299e-01 1.168e-01 6.473e+00 0.000e+00
6.000e-02 2.221e-01 1.169e-01 6.111e+00 0.000e+00
6.486e-02 1.952e-01 1.170e-01 4.928e+00 0.000e+00
7.161e-02 1.651e-01 1.170e-01 3.743e+00 0.000e+00
7.905e-02 1.393e-01 1.166e-01 2.840e+00 0.000e+00
8.000e-02 1.365e-01 1.165e-01 2.746e+00 0.000e+00
8.726e-02 1.174e-01 1.159e-01 2.151e+00 0.000e+00
9.633e-02 9.871e-02 1.148e-01 1.626e+00 0.000e+00
1.000e-01 9.243e-02 1.144e-01 1.462e+00 0.000e+00
1.063e-01 8.299e-02 1.135e-01 1.229e+00 0.000e+00
1.174e-01 6.961e-02 1.120e-01 9.256e-01 0.000e+00
1.296e-01 5.838e-02 1.102e-01 6.978e-01 0.000e+00
1.431e-01 4.888e-02 1.081e-01 5.255e-01 0.000e+00
1.500e-01 4.491e-02 1.071e-01 4.592e-01 0.000e+00
1.579e-01 4.092e-02 1.059e-01 3.965e-01 0.000e+00
1.743e-01 3.418e-02 1.036e-01 2.989e-01 0.000e+00
1.925e-01 2.848e-02 1.010e-01 2.251e-01 0.000e+00
2.000e-01 2.654e-02 1.000e-01 2.019e-01 0.000e+00
2.125e-01 2.371e-02 9.840e-02 1.700e-01 0.000e+00
2.345e-01 1.973e-02 9.568e-02 1.287e-01 0.000e+00
2.589e-01 1.637e-02 9.288e-02 9.749e-02 0.000e+00
2.858e-01 1.357e-02 9.002e-02 7.408e-02 0.000e+00
3.000e-01 1.238e-02 8.860e-02 6.481e-02 0.000e+00
3.155e-01 1.124e-02 8.712e-02 5.645e-02 0.000e+00
3.483e-01 9.302e-03 8.420e-02 4.317e-02 0.000e+00
3.845e-01 7.691e-03 8.127e-02 3.315e-02 0.000e+00
4.000e-01 7.126e-03 8.009e-02 2.987e-02 0.000e+00
4.245e-01 6.352e-03 7.833e-02 2.557e-02 0.000e+00
4.686e-01 5.244e-03 7.541e-02 1.983e-02 0.000e+00
5.000e-01 4.622e-03 7.351e-02 1.684e-02 0.000e+00
5.173e-01 4.326e-03 7.252e-02 1.548e-02 0.000e+00
5.710e-01 3.568e-03 6.965e-02 1.216e-02 0.000e+00
6.000e-01 3.238e-03 6.822e-02 1.079e-02 0.000e+00
6.304e-01 2.940e-03 6.680e-02 9.589e-03 0.000e+00
6.959e-01 2.422e-03 6.399e-02 7.609e-03 0.000e+00
7.682e-01 1.994e-03 6.123e-02 6.097e-03 0.000e+00
8.000e-01 1.840e-03 6.012e-02 5.588e-03 0.000e+00
8.480e-01 1.640e-03 5.854e-02 4.949e-03 0.000e+00
9.361e-01 1.349e-03 5.590e-02 4.032e-03 0.000e+00
1.000e+00 1.184e-03 5.413e-02 3.491e-03 0.000e+00
1.022e+00 1.134e-03 5.355e-02 3.323e-03 0.000e+00
1.033e+00 1.111e-03 5.327e-02 3.244e-03 4.072e-08
1.141e+00 9.121e-04 5.071e-02 2.652e-03 3.382e-05
1.250e+00 7.607e-04 4.846e-02 2.240e-03 1.634e-04
1.259e+00 7.499e-04 4.828e-02 2.211e-03 1.784e-04
1.390e+00 6.159e-04 4.588e-02 1.843e-03 4.562e-04
1.500e+00 5.293e-04 4.407e-02 1.604e-03 7.594e-04
1.535e+00 5.055e-04 4.353e-02 1.538e-03 8.664e-04
1.694e+00 4.155e-04 4.128e-02 1.293e-03 1.402e-03
1.870e+00 3.412e-04 3.909e-02 1.092e-03 2.061e-03
2.000e+00 2.985e-04 3.764e-02 9.761e-04 2.575e-03
2.044e+00 2.858e-04 3.717e-02 9.415e-04 2.751e-03
2.065e+00 2.800e-04 3.696e-02 9.258e-04 2.835e-03
2.279e+00 2.300e-04 3.492e-02 7.892e-04 3.698e-03
2.516e+00 1.888e-04 3.295e-02 6.757e-04 4.650e-03
2.778e+00 1.549e-04 3.105e-02 5.808e-04 5.680e-03
3.000e+00 1.329e-04 2.963e-02 5.178e-04 6.528e-03
3.066e+00 1.272e-04 2.924e-02 5.014e-04 6.776e-03
3.385e+00 1.044e-04 2.749e-02 4.341e-04 7.945e-03
3.737e+00 8.569e-05 2.582e-02 3.770e-04 9.176e-03
4.000e+00 7.480e-05 2.472e-02 3.428e-04 1.005e-02
4.125e+00 7.034e-05 2.423e-02 3.285e-04 1.047e-02
4.554e+00 5.771e-05 2.272e-02 2.871e-04 1.180e-02
5.000e+00 4.787e-05 2.135e-02 2.535e-04 1.311e-02
5.027e+00 4.736e-05 2.128e-02 2.517e-04 1.320e-02
5.549e+00 3.887e-05 1.991e-02 2.212e-04 1.461e-02
6.000e+00 3.325e-05 1.887e-02 2.000e-04 1.576e-02
6.126e+00 3.190e-05 1.861e-02 1.948e-04 1.607e-02
6.762e+00 2.618e-05 1.738e-02 1.720e-04 1.758e-02
7.000e+00 2.443e-05 1.697e-02 1.647e-04 1.812e-02
7.465e+00 2.148e-05 1.622e-02 1.521e-04 1.914e-02
8.000e+00 1.871e-05 1.544e-02 1.398e-04 2.026e-02
8.241e+00 1.763e-05 1.512e-02 1.348e-04 2.074e-02
9.000e+00 1.478e-05 1.420e-02 1.212e-04 2.219e-02
9.097e+00 1.447e-05 1.409e-02 1.197e-04 2.236e-02
1.000e+01 1.197e-05 1.315e-02 1.069e-04 2.396e-02
1.004e+01 1.188e-05 1.311e-02 1.064e-04 2.403e-02
1.100e+01 9.896e-06 1.227e-02 9.565e-05 2.560e-02
1.109e+01 9.736e-06 1.219e-02 9.475e-05 2.573e-02
1.200e+01 8.315e-06 1.150e-02 8.648e-05 2.710e-02
1.224e+01 7.992e-06 1.134e-02 8.453e-05 2.745e-02
1.300e+01 7.085e-06 1.084e-02 7.888e-05 2.851e-02
1.351e+01 6.562e-06 1.053e-02 7.549e-05 2.918e-02
1.400e+01 6.111e-06 1.025e-02 7.249e-05 2.981e-02
1.491e+01 5.385e-06 9.781e-03 6.752e-05 3.090e-02
1.500e+01 5.321e-06 9.737e-03 6.706e-05 3.101e-02
1.600e+01 4.677e-06 9.271e-03 6.240e-05 3.212e-02
1.646e+01 4.420e-06 9.072e-03 6.046e-05 3.262e-02
1.800e+01 3.696e-06 8.471e-03 5.472e-05 3.417e-02
1.818e+01 3.623e-06 8.407e-03 5.412e-05 3.433e-02
2.000e+01 2.994e-06 7.811e-03 4.873e-05 3.599e-02
