# SODIUM CARBONATE from NIST Database
2.532e+00 0.000e+00 0.000e+00 0.000e+00 0.000e+00
6.000e+00 9.436e-03 3.500e+00 0.000e+00 0.000e+00
8.000e+00 2.830e-02 3.500e+00 0.000e+00 0.000e+00
1.100e+01 1.887e-02 3.500e+00 0.000e+00 0.000e+00
0.000e+00 0.000e+00 0.000e+00 0.000e+00 0.000e+00
1.000e-03 1.635e+00 1.080e-02 2.611e+03 0.000e+00
1.020e-03 1.630e+00 1.113e-02 2.477e+03 0.000e+00
1.072e-03 1.616e+00 1.200e-02 2.168e+03 0.000e+00
1.072e-03 1.616e+00 1.200e-02 4.724e+03 0.000e+00
1.126e-03 1.603e+00 1.292e-02 4.231e+03 0.000e+00
1.243e-03 1.574e+00 1.494e-02 3.384e+03 0.000e+00
1.372e-03 1.541e+00 1.721e-02 2.690e+03 0.000e+00
1.500e-03 1.509e+00 1.950e-02 2.165e+03 0.000e+00
1.515e-03 1.505e+00 1.977e-02 2.112e+03 0.000e+00
1.672e-03 1.464e+00 2.262e-02 1.637e+03 0.000e+00
1.846e-03 1.419e+00 2.583e-02 1.254e+03 0.000e+00
2.000e-03 1.378e+00 2.871e-02 1.007e+03 0.000e+00
2.038e-03 1.369e+00 2.942e-02 9.566e+02 0.000e+00
2.250e-03 1.314e+00 3.342e-02 7.288e+02 0.000e+00
2.483e-03 1.256e+00 3.782e-02 5.551e+02 0.000e+00
2.741e-03 1.193e+00 4.265e-02 4.217e+02 0.000e+00
3.000e-03 1.132e+00 4.743e-02 3.273e+02 0.000e+00
3.026e-03 1.126e+00 4.791e-02 3.194e+02 0.000e+00
3.341e-03 1.055e+00 5.355e-02 2.411e+02 0.000e+00
3.688e-03 9.824e-01 5.952e-02 1.816e+02 0.000e+00
4.000e-03 9.210e-01 6.464e-02 1.436e+02 0.000e+00
4.071e-03 9.076e-01 6.577e-02 1.364e+02 0.000e+00
4.494e-03 8.320e-01 7.222e-02 1.023e+02 0.000e+00
4.961e-03 7.571e-01 7.879e-02 7.655e+01 0.000e+00
5.000e-03 7.512e-01 7.931e-02 7.481e+01 0.000e+00
5.477e-03 6.839e-01 8.539e-02 5.715e+01 0.000e+00
6.000e-03 6.189e-01 9.142e-02 4.357e+01 0.000e+00
6.046e-03 6.136e-01 9.192e-02 4.259e+01 0.000e+00
6.675e-03 5.470e-01 9.832e-02 3.167e+01 0.000e+00
7.368e-03 4.850e-01 1.045e-01 2.352e+01 0.000e+00
8.000e-03 4.371e-01 1.094e-01 1.833e+01 0.000e+00
8.134e-03 4.279e-01 1.104e-01 1.743e+01 0.000e+00
8.979e-03 3.761e-01 1.160e-01 1.290e+01 0.000e+00
9.912e-03 3.297e-01 1.213e-01 9.529e+00 0.000e+00
1.000e-02 3.258e-01 1.217e-01 9.273e+00 0.000e+00
1.094e-02 2.884e-01 1.261e-01 7.031e+00 0.000e+00
1.208e-02 2.516e-01 1.307e-01 5.174e+00 0.000e+00
1.334e-02 2.190e-01 1.349e-01 3.800e+00 0.000e+00
1.472e-02 1.906e-01 1.387e-01 2.794e+00 0.000e+00
1.500e-02 1.855e-01 1.394e-01 2.634e+00 0.000e+00
1.625e-02 1.654e-01 1.422e-01 2.049e+00 0.000e+00
1.794e-02 1.433e-01 1.454e-01 1.501e+00 0.000e+00
1.980e-02 1.239e-01 1.482e-01 1.098e+00 0.000e+00
2.000e-02 1.221e-01 1.485e-01 1.064e+00 0.000e+00
2.186e-02 1.068e-01 1.507e-01 8.022e-01 0.000e+00
2.413e-02 9.173e-02 1.528e-01 5.855e-01 0.000e+00
2.664e-02 7.853e-02 1.546e-01 4.266e-01 0.000e+00
2.941e-02 6.700e-02 1.560e-01 3.106e-01 0.000e+00
3.000e-02 6.487e-02 1.562e-01 2.914e-01 0.000e+00
3.247e-02 5.695e-02 1.570e-01 2.258e-01 0.000e+00
3.584e-02 4.825e-02 1.576e-01 1.642e-01 0.000e+00
3.957e-02 4.073e-02 1.577e-01 1.192e-01 0.000e+00
4.000e-02 3.998e-02 1.577e-01 1.151e-01 0.000e+00
4.368e-02 3.430e-02 1.576e-01 8.648e-02 0.000e+00
4.822e-02 2.881e-02 1.570e-01 6.270e-02 0.000e+00
5.000e-02 2.701e-02 1.567e-01 5.572e-02 0.000e+00
5.323e-02 2.415e-02 1.560e-01 4.545e-02 0.000e+00
5.876e-02 2.020e-02 1.547e-01 3.292e-02 0.000e+00
6.000e-02 1.944e-02 1.544e-01 3.075e-02 0.000e+00
6.486e-02 1.686e-02 1.531e-01 2.384e-02 0.000e+00
7.161e-02 1.405e-02 1.512e-01 1.725e-02 0.000e+00
7.905e-02 1.169e-02 1.490e-01 1.248e-02 0.000e+00
8.000e-02 1.143e-02 1.488e-01 1.201e-02 0.000e+00
8.726e-02 9.717e-03 1.466e-01 9.036e-03 0.000e+00
9.633e-02 8.063e-03 1.439e-01 6.540e-03 0.000e+00
1.000e-01 7.511e-03 1.429e-01 5.788e-03 0.000e+00
1.063e-01 6.686e-03 1.411e-01 4.741e-03 0.000e+00
1.174e-01 5.529e-03 1.380e-01 3.429e-03 0.000e+00
1.296e-01 4.571e-03 1.348e-01 2.485e-03 0.000e+00
1.431e-01 3.773e-03 1.315e-01 1.802e-03 0.000e+00
1.500e-01 3.443e-03 1.298e-01 1.548e-03 0.000e+00
1.579e-01 3.115e-03 1.280e-01 1.311e-03 0.000e+00
1.743e-01 2.568e-03 1.245e-01 9.547e-04 0.000e+00
1.925e-01 2.114e-03 1.208e-01 6.954e-04 0.000e+00
2.000e-01 1.961e-03 1.194e-01 6.159e-04 0.000e+00
2.125e-01 1.740e-03 1.171e-01 5.084e-04 0.000e+00
2.345e-01 1.433e-03 1.134e-01 3.732e-04 0.000e+00
2.589e-01 1.178e-03 1.097e-01 2.744e-04 0.000e+00
2.858e-01 9.690e-04 1.060e-01 2.028e-04 0.000e+00
3.000e-01 8.802e-04 1.041e-01 1.751e-04 0.000e+00
3.155e-01 7.965e-04 1.022e-01 1.505e-04 0.000e+00
3.483e-01 6.543e-04 9.853e-02 1.123e-04 0.000e+00
3.845e-01 5.375e-04 9.487e-02 8.432e-05 0.000e+00
4.000e-01 4.968e-04 9.342e-02 7.531e-05 0.000e+00
4.245e-01 4.414e-04 9.125e-02 6.366e-05 0.000e+00
4.686e-01 3.625e-04 8.768e-02 4.845e-05 0.000e+00
5.000e-01 3.185e-04 8.537e-02 4.070e-05 0.000e+00
5.173e-01 2.976e-04 8.416e-02 3.721e-05 0.000e+00
5.710e-01 2.444e-04 8.070e-02 2.881e-05 0.000e+00
6.000e-01 2.214e-04 7.899e-02 2.537e-05 0.000e+00
6.304e-01 2.006e-04 7.730e-02 2.235e-05 0.000e+00
6.959e-01 1.647e-04 7.397e-02 1.747e-05 0.000e+00
7.682e-01 1.352e-04 7.073e-02 1.393e-05 0.000e+00
8.000e-01 1.247e-04 6.942e-02 1.282e-05 0.000e+00
8.480e-01 1.110e-04 6.756e-02 1.148e-05 0.000e+00
9.361e-01 9.106e-05 6.447e-02 9.434e-06 0.000e+00
1.000e+00 7.981e-05 6.244e-02 7.969e-06 0.000e+00
1.022e+00 7.641e-05 6.177e-02 7.472e-06 0.000e+00
1.033e+00 7.480e-05 6.145e-02 7.252e-06 4.248e-09
1.141e+00 6.132e-05 5.848e-02 5.864e-06 4.015e-06
1.250e+00 5.110e-05 5.583e-02 5.070e-06 2.164e-05
1.259e+00 5.037e-05 5.562e-02 5.011e-06 2.381e-05
1.390e+00 4.133e-05 5.283e-02 4.217e-06 6.725e-05
1.500e+00 3.549e-05 5.074e-02 3.676e-06 1.193e-04
1.535e+00 3.389e-05 5.013e-02 3.530e-06 1.384e-04
1.694e+00 2.784e-05 4.753e-02 2.992e-06 2.385e-04
1.870e+00 2.285e-05 4.500e-02 2.557e-06 3.687e-04
2.000e+00 1.997e-05 4.331e-02 2.305e-06 4.741e-04
2.044e+00 1.911e-05 4.277e-02 2.229e-06 5.110e-04
2.065e+00 1.872e-05 4.251e-02 2.194e-06 5.287e-04
2.279e+00 1.536e-05 4.014e-02 1.892e-06 7.147e-04
2.516e+00 1.261e-05 3.787e-02 1.638e-06 9.269e-04
2.778e+00 1.035e-05 3.570e-02 1.425e-06 1.165e-03
3.000e+00 8.873e-06 3.408e-02 1.282e-06 1.365e-03
3.066e+00 8.496e-06 3.363e-02 1.244e-06 1.425e-03
3.385e+00 6.971e-06 3.162e-02 1.090e-06 1.711e-03
3.737e+00 5.719e-06 2.969e-02 9.573e-07 2.019e-03
4.000e+00 4.992e-06 2.842e-02 8.771e-07 2.243e-03
4.125e+00 4.694e-06 2.786e-02 8.435e-07 2.346e-03
4.554e+00 3.851e-06 2.611e-02 7.449e-07 2.694e-03
5.000e+00 3.195e-06 2.455e-02 6.639e-07 3.039e-03
5.027e+00 3.161e-06 2.446e-02 6.595e-07 3.059e-03
5.549e+00 2.594e-06 2.288e-02 5.852e-07 3.445e-03
6.000e+00 2.219e-06 2.169e-02 5.330e-07 3.762e-03
6.126e+00 2.128e-06 2.139e-02 5.201e-07 3.847e-03
6.762e+00 1.747e-06 1.998e-02 4.631e-07 4.263e-03
7.000e+00 1.630e-06 1.950e-02 4.448e-07 4.412e-03
7.465e+00 1.433e-06 1.864e-02 4.129e-07 4.692e-03
8.000e+00 1.248e-06 1.775e-02 3.814e-07 5.000e-03
8.241e+00 1.176e-06 1.738e-02 3.688e-07 5.135e-03
9.000e+00 9.861e-07 1.631e-02 3.338e-07 5.537e-03
9.097e+00 9.652e-07 1.619e-02 3.298e-07 5.587e-03
1.000e+01 7.987e-07 1.511e-02 2.965e-07 6.028e-03
1.004e+01 7.924e-07 1.507e-02 2.952e-07 6.045e-03
1.100e+01 6.601e-07 1.410e-02 2.668e-07 6.474e-03
1.109e+01 6.494e-07 1.401e-02 2.644e-07 6.513e-03
1.200e+01 5.546e-07 1.322e-02 2.424e-07 6.886e-03
1.224e+01 5.331e-07 1.303e-02 2.372e-07 6.980e-03
1.300e+01 4.726e-07 1.245e-02 2.222e-07 7.269e-03
1.351e+01 4.376e-07 1.210e-02 2.130e-07 7.454e-03
1.400e+01 4.075e-07 1.178e-02 2.049e-07 7.626e-03
1.491e+01 3.592e-07 1.124e-02 1.915e-07 7.931e-03
1.500e+01 3.549e-07 1.119e-02 1.902e-07 7.960e-03
1.600e+01 3.120e-07 1.065e-02 1.775e-07 8.275e-03
1.646e+01 2.948e-07 1.043e-02 1.722e-07 8.414e-03
1.800e+01 2.465e-07 9.736e-03 1.564e-07 8.853e-03
1.818e+01 2.416e-07 9.662e-03 1.548e-07 8.902e-03
2.000e+01 1.997e-07 8.978e-03 1.399e-07 9.372e-03
