# STRONTIUM from NIST Database
2.540e+00 0.000e+00 0.000e+00 0.000e+00 0.000e+00
3.800e+01 1.000e+00 3.500e+00 0.000e+00 0.000e+00
0.000e+00 0.000e+00 0.000e+00 0.000e+00 0.000e+00
1.000e-03 6.120e+00 8.406e-03 3.487e+03 0.000e+00
1.020e-03 6.102e+00 8.603e-03 3.328e+03 0.000e+00
1.126e-03 6.014e+00 9.659e-03 2.636e+03 0.000e+00
1.243e-03 5.923e+00 1.083e-02 2.088e+03 0.000e+00
1.372e-03 5.826e+00 1.210e-02 1.655e+03 0.000e+00
1.500e-03 5.731e+00 1.334e-02 1.341e+03 0.000e+00
1.515e-03 5.720e+00 1.348e-02 1.309e+03 0.000e+00
1.672e-03 5.604e+00 1.494e-02 1.028e+03 0.000e+00
1.846e-03 5.473e+00 1.652e-02 8.074e+02 0.000e+00
1.940e-03 5.402e+00 1.735e-02 7.155e+02 0.000e+00
1.940e-03 5.402e+00 1.735e-02 2.858e+03 0.000e+00
2.000e-03 5.356e+00 1.790e-02 2.584e+03 0.000e+00
2.007e-03 5.351e+00 1.796e-02 2.566e+03 0.000e+00
2.007e-03 5.351e+00 1.796e-02 3.573e+03 0.000e+00
2.038e-03 5.329e+00 1.824e-02 3.447e+03 0.000e+00
2.216e-03 5.197e+00 1.983e-02 2.837e+03 0.000e+00
2.216e-03 5.197e+00 1.983e-02 3.236e+03 0.000e+00
2.250e-03 5.173e+00 2.013e-02 3.116e+03 0.000e+00
2.483e-03 5.009e+00 2.217e-02 2.437e+03 0.000e+00
2.741e-03 4.836e+00 2.439e-02 1.905e+03 0.000e+00
3.000e-03 4.668e+00 2.658e-02 1.521e+03 0.000e+00
3.026e-03 4.651e+00 2.679e-02 1.488e+03 0.000e+00
3.341e-03 4.452e+00 2.938e-02 1.153e+03 0.000e+00
3.688e-03 4.242e+00 3.214e-02 8.944e+02 0.000e+00
4.000e-03 4.063e+00 3.455e-02 7.258e+02 0.000e+00
4.071e-03 4.024e+00 3.509e-02 6.928e+02 0.000e+00
4.494e-03 3.800e+00 3.823e-02 5.334e+02 0.000e+00
4.961e-03 3.573e+00 4.155e-02 4.106e+02 0.000e+00
5.000e-03 3.555e+00 4.182e-02 4.022e+02 0.000e+00
5.477e-03 3.345e+00 4.500e-02 3.148e+02 0.000e+00
6.000e-03 3.136e+00 4.829e-02 2.464e+02 0.000e+00
6.046e-03 3.119e+00 4.857e-02 2.413e+02 0.000e+00
6.675e-03 2.895e+00 5.223e-02 1.842e+02 0.000e+00
7.368e-03 2.674e+00 5.595e-02 1.407e+02 0.000e+00
8.000e-03 2.492e+00 5.911e-02 1.124e+02 0.000e+00
8.134e-03 2.456e+00 5.976e-02 1.074e+02 0.000e+00
8.979e-03 2.242e+00 6.363e-02 8.170e+01 0.000e+00
9.912e-03 2.032e+00 6.759e-02 6.216e+01 0.000e+00
1.000e-02 2.014e+00 6.795e-02 6.065e+01 0.000e+00
1.094e-02 1.828e+00 7.162e-02 4.715e+01 0.000e+00
1.208e-02 1.631e+00 7.574e-02 3.571e+01 0.000e+00
1.334e-02 1.447e+00 7.989e-02 2.703e+01 0.000e+00
1.472e-02 1.279e+00 8.402e-02 2.051e+01 0.000e+00
1.500e-02 1.249e+00 8.481e-02 1.946e+01 0.000e+00
1.610e-02 1.140e+00 8.777e-02 1.591e+01 0.000e+00
1.610e-02 1.140e+00 8.777e-02 1.096e+02 0.000e+00
1.625e-02 1.126e+00 8.814e-02 1.072e+02 0.000e+00
1.794e-02 9.863e-01 9.216e-02 8.329e+01 0.000e+00
1.980e-02 8.614e-01 9.604e-02 6.459e+01 0.000e+00
2.000e-02 8.495e-01 9.643e-02 6.292e+01 0.000e+00
2.186e-02 7.515e-01 9.976e-02 4.975e+01 0.000e+00
2.413e-02 6.554e-01 1.033e-01 3.814e+01 0.000e+00
2.664e-02 5.705e-01 1.065e-01 2.911e+01 0.000e+00
2.941e-02 4.951e-01 1.095e-01 2.216e+01 0.000e+00
3.000e-02 4.810e-01 1.100e-01 2.097e+01 0.000e+00
3.247e-02 4.281e-01 1.121e-01 1.684e+01 0.000e+00
3.584e-02 3.686e-01 1.145e-01 1.278e+01 0.000e+00
3.957e-02 3.158e-01 1.164e-01 9.679e+00 0.000e+00
4.000e-02 3.105e-01 1.166e-01 9.389e+00 0.000e+00
4.368e-02 2.694e-01 1.181e-01 7.315e+00 0.000e+00
4.822e-02 2.290e-01 1.194e-01 5.515e+00 0.000e+00
5.000e-02 2.155e-01 1.197e-01 4.970e+00 0.000e+00
5.323e-02 1.941e-01 1.203e-01 4.150e+00 0.000e+00
5.876e-02 1.642e-01 1.208e-01 3.118e+00 0.000e+00
6.000e-02 1.584e-01 1.208e-01 2.935e+00 0.000e+00
6.486e-02 1.387e-01 1.209e-01 2.339e+00 0.000e+00
7.161e-02 1.170e-01 1.207e-01 1.751e+00 0.000e+00
7.905e-02 9.859e-02 1.201e-01 1.310e+00 0.000e+00
8.000e-02 9.657e-02 1.200e-01 1.265e+00 0.000e+00
8.726e-02 8.303e-02 1.192e-01 9.787e-01 0.000e+00
9.633e-02 6.984e-02 1.180e-01 7.303e-01 0.000e+00
1.000e-01 6.539e-02 1.175e-01 6.536e-01 0.000e+00
1.063e-01 5.869e-02 1.166e-01 5.452e-01 0.000e+00
1.174e-01 4.915e-02 1.149e-01 4.058e-01 0.000e+00
1.296e-01 4.112e-02 1.130e-01 3.023e-01 0.000e+00
1.431e-01 3.432e-02 1.108e-01 2.251e-01 0.000e+00
1.500e-01 3.148e-02 1.098e-01 1.957e-01 0.000e+00
1.579e-01 2.863e-02 1.085e-01 1.680e-01 0.000e+00
1.743e-01 2.382e-02 1.061e-01 1.253e-01 0.000e+00
1.925e-01 1.977e-02 1.035e-01 9.339e-02 0.000e+00
2.000e-01 1.840e-02 1.024e-01 8.344e-02 0.000e+00
2.125e-01 1.641e-02 1.007e-01 6.981e-02 0.000e+00
2.345e-01 1.360e-02 9.786e-02 5.233e-02 0.000e+00
2.589e-01 1.126e-02 9.491e-02 3.927e-02 0.000e+00
2.858e-01 9.312e-03 9.192e-02 2.957e-02 0.000e+00
3.000e-01 8.481e-03 9.045e-02 2.576e-02 0.000e+00
3.155e-01 7.696e-03 8.891e-02 2.234e-02 0.000e+00
3.483e-01 6.356e-03 8.589e-02 1.695e-02 0.000e+00
3.845e-01 5.246e-03 8.286e-02 1.291e-02 0.000e+00
4.000e-01 4.858e-03 8.165e-02 1.160e-02 0.000e+00
4.245e-01 4.326e-03 7.983e-02 9.889e-03 0.000e+00
4.686e-01 3.567e-03 7.681e-02 7.619e-03 0.000e+00
5.000e-01 3.141e-03 7.485e-02 6.445e-03 0.000e+00
5.173e-01 2.938e-03 7.382e-02 5.910e-03 0.000e+00
5.710e-01 2.420e-03 7.088e-02 4.617e-03 0.000e+00
6.000e-01 2.195e-03 6.942e-02 4.087e-03 0.000e+00
6.304e-01 1.991e-03 6.797e-02 3.624e-03 0.000e+00
6.959e-01 1.638e-03 6.510e-02 2.864e-03 0.000e+00
7.682e-01 1.347e-03 6.228e-02 2.289e-03 0.000e+00
8.000e-01 1.243e-03 6.114e-02 2.097e-03 0.000e+00
8.480e-01 1.107e-03 5.951e-02 1.857e-03 0.000e+00
9.361e-01 9.096e-04 5.680e-02 1.513e-03 0.000e+00
1.000e+00 7.980e-04 5.503e-02 1.307e-03 0.000e+00
1.022e+00 7.643e-04 5.445e-02 1.242e-03 0.000e+00
1.033e+00 7.482e-04 5.417e-02 1.212e-03 2.704e-08
1.141e+00 6.140e-04 5.158e-02 9.898e-04 2.297e-05
1.250e+00 5.118e-04 4.925e-02 8.385e-04 1.133e-04
1.259e+00 5.046e-04 4.907e-02 8.277e-04 1.238e-04
1.390e+00 4.142e-04 4.663e-02 6.915e-04 3.235e-04
1.500e+00 3.558e-04 4.479e-02 6.026e-04 5.478e-04
1.535e+00 3.398e-04 4.424e-02 5.784e-04 6.284e-04
1.694e+00 2.792e-04 4.194e-02 4.871e-04 1.041e-03
1.870e+00 2.292e-04 3.971e-02 4.122e-04 1.565e-03
2.000e+00 2.004e-04 3.824e-02 3.689e-04 1.978e-03
2.044e+00 1.919e-04 3.777e-02 3.561e-04 2.120e-03
2.065e+00 1.880e-04 3.756e-02 3.502e-04 2.189e-03
2.279e+00 1.544e-04 3.549e-02 2.994e-04 2.896e-03
2.516e+00 1.267e-04 3.348e-02 2.570e-04 3.693e-03
2.778e+00 1.040e-04 3.155e-02 2.215e-04 4.570e-03
3.000e+00 8.914e-05 3.010e-02 1.979e-04 5.300e-03
3.066e+00 8.535e-05 2.970e-02 1.917e-04 5.513e-03
3.385e+00 7.003e-05 2.793e-02 1.665e-04 6.522e-03
3.737e+00 5.746e-05 2.623e-02 1.450e-04 7.587e-03
4.000e+00 5.016e-05 2.511e-02 1.321e-04 8.352e-03
4.125e+00 4.717e-05 2.462e-02 1.267e-04 8.708e-03
4.554e+00 3.871e-05 2.308e-02 1.110e-04 9.885e-03
5.000e+00 3.211e-05 2.169e-02 9.828e-05 1.105e-02
5.027e+00 3.177e-05 2.161e-02 9.760e-05 1.111e-02
5.549e+00 2.607e-05 2.022e-02 8.601e-05 1.237e-02
6.000e+00 2.230e-05 1.918e-02 7.794e-05 1.340e-02
6.126e+00 2.139e-05 1.890e-02 7.594e-05 1.369e-02
6.762e+00 1.756e-05 1.765e-02 6.719e-05 1.504e-02
7.000e+00 1.639e-05 1.723e-02 6.440e-05 1.552e-02
7.465e+00 1.441e-05 1.647e-02 5.956e-05 1.643e-02
8.000e+00 1.254e-05 1.568e-02 5.481e-05 1.742e-02
8.241e+00 1.182e-05 1.536e-02 5.290e-05 1.785e-02
9.000e+00 9.911e-06 1.442e-02 4.766e-05 1.915e-02
9.097e+00 9.701e-06 1.431e-02 4.706e-05 1.931e-02
1.000e+01 8.028e-06 1.336e-02 4.213e-05 2.073e-02
1.004e+01 7.964e-06 1.332e-02 4.194e-05 2.080e-02
1.100e+01 6.635e-06 1.246e-02 3.774e-05 2.218e-02
1.109e+01 6.528e-06 1.239e-02 3.739e-05 2.231e-02
1.200e+01 5.575e-06 1.168e-02 3.417e-05 2.351e-02
1.224e+01 5.359e-06 1.151e-02 3.341e-05 2.381e-02
1.300e+01 4.751e-06 1.101e-02 3.121e-05 2.473e-02
1.351e+01 4.399e-06 1.070e-02 2.989e-05 2.532e-02
1.400e+01 4.096e-06 1.041e-02 2.872e-05 2.586e-02
1.491e+01 3.612e-06 9.935e-03 2.677e-05 2.682e-02
1.500e+01 3.568e-06 9.890e-03 2.659e-05 2.691e-02
1.600e+01 3.136e-06 9.416e-03 2.476e-05 2.790e-02
1.646e+01 2.963e-06 9.214e-03 2.399e-05 2.834e-02
1.800e+01 2.478e-06 8.605e-03 2.175e-05 2.970e-02
1.818e+01 2.430e-06 8.540e-03 2.151e-05 2.985e-02
2.000e+01 2.007e-06 7.938e-03 1.939e-05 3.132e-02
