# STILBENE from NIST Database
9.707e-01 0.000e+00 0.000e+00 0.000e+00 0.000e+00
1.000e+00 6.657e-02 3.500e+00 0.000e+00 0.000e+00
6.000e+00 7.768e-02 3.500e+00 0.000e+00 0.000e+00
0.000e+00 0.000e+00 0.000e+00 0.000e+00 0.000e+00
1.000e-03 1.030e+00 1.516e-02 2.062e+03 0.000e+00
1.020e-03 1.025e+00 1.569e-02 1.950e+03 0.000e+00
1.126e-03 9.999e-01 1.861e-02 1.476e+03 0.000e+00
1.243e-03 9.735e-01 2.203e-02 1.116e+03 0.000e+00
1.372e-03 9.442e-01 2.598e-02 8.429e+02 0.000e+00
1.500e-03 9.143e-01 3.001e-02 6.526e+02 0.000e+00
1.515e-03 9.107e-01 3.048e-02 6.342e+02 0.000e+00
1.672e-03 8.726e-01 3.550e-02 4.764e+02 0.000e+00
1.846e-03 8.299e-01 4.107e-02 3.565e+02 0.000e+00
2.000e-03 7.926e-01 4.596e-02 2.815e+02 0.000e+00
2.038e-03 7.835e-01 4.716e-02 2.662e+02 0.000e+00
2.250e-03 7.342e-01 5.375e-02 1.985e+02 0.000e+00
2.483e-03 6.830e-01 6.075e-02 1.479e+02 0.000e+00
2.741e-03 6.307e-01 6.813e-02 1.099e+02 0.000e+00
3.000e-03 5.827e-01 7.510e-02 8.364e+01 0.000e+00
3.026e-03 5.781e-01 7.577e-02 8.148e+01 0.000e+00
3.341e-03 5.261e-01 8.355e-02 6.031e+01 0.000e+00
3.688e-03 4.761e-01 9.130e-02 4.459e+01 0.000e+00
4.000e-03 4.369e-01 9.756e-02 3.474e+01 0.000e+00
4.071e-03 4.287e-01 9.889e-02 3.291e+01 0.000e+00
4.494e-03 3.844e-01 1.062e-01 2.425e+01 0.000e+00
4.961e-03 3.438e-01 1.131e-01 1.784e+01 0.000e+00
5.000e-03 3.407e-01 1.136e-01 1.741e+01 0.000e+00
5.477e-03 3.069e-01 1.195e-01 1.310e+01 0.000e+00
6.000e-03 2.762e-01 1.251e-01 9.838e+00 0.000e+00
6.046e-03 2.738e-01 1.255e-01 9.604e+00 0.000e+00
6.675e-03 2.441e-01 1.311e-01 7.030e+00 0.000e+00
7.368e-03 2.178e-01 1.362e-01 5.141e+00 0.000e+00
8.000e-03 1.980e-01 1.402e-01 3.957e+00 0.000e+00
8.134e-03 1.943e-01 1.410e-01 3.753e+00 0.000e+00
8.979e-03 1.733e-01 1.455e-01 2.736e+00 0.000e+00
9.912e-03 1.544e-01 1.498e-01 1.992e+00 0.000e+00
1.000e-02 1.528e-01 1.502e-01 1.937e+00 0.000e+00
1.094e-02 1.374e-01 1.539e-01 1.450e+00 0.000e+00
1.208e-02 1.217e-01 1.577e-01 1.053e+00 0.000e+00
1.334e-02 1.074e-01 1.614e-01 7.633e-01 0.000e+00
1.472e-02 9.444e-02 1.647e-01 5.541e-01 0.000e+00
1.500e-02 9.208e-02 1.653e-01 5.211e-01 0.000e+00
1.625e-02 8.248e-02 1.678e-01 4.012e-01 0.000e+00
1.794e-02 7.160e-02 1.706e-01 2.902e-01 0.000e+00
1.980e-02 6.182e-02 1.729e-01 2.099e-01 0.000e+00
2.000e-02 6.088e-02 1.732e-01 2.031e-01 0.000e+00
2.186e-02 5.306e-02 1.749e-01 1.515e-01 0.000e+00
2.413e-02 4.533e-02 1.764e-01 1.094e-01 0.000e+00
2.664e-02 3.855e-02 1.774e-01 7.889e-02 0.000e+00
2.941e-02 3.267e-02 1.780e-01 5.686e-02 0.000e+00
3.000e-02 3.159e-02 1.781e-01 5.323e-02 0.000e+00
3.247e-02 2.761e-02 1.782e-01 4.094e-02 0.000e+00
3.584e-02 2.327e-02 1.780e-01 2.949e-02 0.000e+00
3.957e-02 1.956e-02 1.773e-01 2.121e-02 0.000e+00
4.000e-02 1.919e-02 1.773e-01 2.046e-02 0.000e+00
4.368e-02 1.641e-02 1.764e-01 1.526e-02 0.000e+00
4.822e-02 1.374e-02 1.750e-01 1.098e-02 0.000e+00
5.000e-02 1.286e-02 1.745e-01 9.725e-03 0.000e+00
5.323e-02 1.147e-02 1.734e-01 7.891e-03 0.000e+00
5.876e-02 9.563e-03 1.714e-01 5.673e-03 0.000e+00
6.000e-02 9.200e-03 1.709e-01 5.291e-03 0.000e+00
6.486e-02 7.958e-03 1.692e-01 4.079e-03 0.000e+00
7.161e-02 6.608e-03 1.666e-01 2.930e-03 0.000e+00
7.905e-02 5.480e-03 1.639e-01 2.106e-03 0.000e+00
8.000e-02 5.356e-03 1.636e-01 2.024e-03 0.000e+00
8.726e-02 4.537e-03 1.609e-01 1.515e-03 0.000e+00
9.633e-02 3.750e-03 1.578e-01 1.090e-03 0.000e+00
1.000e-01 3.488e-03 1.565e-01 9.622e-04 0.000e+00
1.063e-01 3.099e-03 1.544e-01 7.855e-04 0.000e+00
1.174e-01 2.554e-03 1.509e-01 5.654e-04 0.000e+00
1.296e-01 2.105e-03 1.472e-01 4.080e-04 0.000e+00
1.431e-01 1.733e-03 1.434e-01 2.946e-04 0.000e+00
1.500e-01 1.580e-03 1.416e-01 2.525e-04 0.000e+00
1.579e-01 1.428e-03 1.396e-01 2.135e-04 0.000e+00
1.743e-01 1.175e-03 1.356e-01 1.547e-04 0.000e+00
1.925e-01 9.651e-04 1.316e-01 1.122e-04 0.000e+00
2.000e-01 8.947e-04 1.300e-01 9.921e-05 0.000e+00
2.125e-01 7.934e-04 1.275e-01 8.170e-05 0.000e+00
2.345e-01 6.525e-04 1.234e-01 5.974e-05 0.000e+00
2.589e-01 5.360e-04 1.193e-01 4.378e-05 0.000e+00
2.858e-01 4.404e-04 1.152e-01 3.225e-05 0.000e+00
3.000e-01 3.998e-04 1.132e-01 2.780e-05 0.000e+00
3.155e-01 3.617e-04 1.112e-01 2.387e-05 0.000e+00
3.483e-01 2.969e-04 1.071e-01 1.776e-05 0.000e+00
3.845e-01 2.438e-04 1.031e-01 1.330e-05 0.000e+00
4.000e-01 2.253e-04 1.015e-01 1.186e-05 0.000e+00
4.245e-01 2.001e-04 9.916e-02 1.001e-05 0.000e+00
4.686e-01 1.643e-04 9.527e-02 7.601e-06 0.000e+00
5.000e-01 1.443e-04 9.275e-02 6.380e-06 0.000e+00
5.173e-01 1.349e-04 9.144e-02 5.833e-06 0.000e+00
5.710e-01 1.107e-04 8.766e-02 4.514e-06 0.000e+00
6.000e-01 1.003e-04 8.580e-02 3.968e-06 0.000e+00
6.304e-01 9.085e-05 8.396e-02 3.483e-06 0.000e+00
6.959e-01 7.456e-05 8.035e-02 2.701e-06 0.000e+00
7.682e-01 6.119e-05 7.681e-02 2.160e-06 0.000e+00
8.000e-01 5.642e-05 7.538e-02 2.001e-06 0.000e+00
8.480e-01 5.021e-05 7.333e-02 1.819e-06 0.000e+00
9.361e-01 4.121e-05 6.995e-02 1.513e-06 0.000e+00
1.000e+00 3.612e-05 6.778e-02 1.244e-06 0.000e+00
1.022e+00 3.458e-05 6.709e-02 1.147e-06 0.000e+00
1.033e+00 3.385e-05 6.675e-02 1.105e-06 2.662e-09
1.141e+00 2.775e-05 6.353e-02 8.813e-07 2.534e-06
1.250e+00 2.312e-05 6.062e-02 7.788e-07 1.374e-05
1.259e+00 2.279e-05 6.039e-02 7.708e-07 1.512e-05
1.390e+00 1.870e-05 5.737e-02 6.515e-07 4.292e-05
1.500e+00 1.606e-05 5.511e-02 5.655e-07 7.632e-05
1.535e+00 1.533e-05 5.444e-02 5.427e-07 8.861e-05
1.694e+00 1.259e-05 5.159e-02 4.603e-07 1.529e-04
1.870e+00 1.033e-05 4.883e-02 3.951e-07 2.366e-04
2.000e+00 9.032e-06 4.702e-02 3.570e-07 3.043e-04
2.044e+00 8.646e-06 4.644e-02 3.454e-07 3.281e-04
2.065e+00 8.471e-06 4.617e-02 3.401e-07 3.395e-04
2.279e+00 6.954e-06 4.362e-02 2.940e-07 4.594e-04
2.516e+00 5.706e-06 4.115e-02 2.552e-07 5.970e-04
2.778e+00 4.681e-06 3.877e-02 2.223e-07 7.521e-04
3.000e+00 4.015e-06 3.699e-02 2.003e-07 8.844e-04
3.066e+00 3.844e-06 3.650e-02 1.945e-07 9.239e-04
3.385e+00 3.154e-06 3.432e-02 1.707e-07 1.113e-03
3.737e+00 2.587e-06 3.223e-02 1.503e-07 1.319e-03
4.000e+00 2.258e-06 3.085e-02 1.379e-07 1.468e-03
4.125e+00 2.123e-06 3.025e-02 1.326e-07 1.538e-03
4.554e+00 1.742e-06 2.835e-02 1.173e-07 1.771e-03
5.000e+00 1.445e-06 2.665e-02 1.047e-07 2.004e-03
5.027e+00 1.430e-06 2.655e-02 1.041e-07 2.019e-03
5.549e+00 1.174e-06 2.484e-02 9.244e-08 2.280e-03
6.000e+00 1.004e-06 2.355e-02 8.429e-08 2.497e-03
6.126e+00 9.629e-07 2.322e-02 8.227e-08 2.555e-03
6.762e+00 7.900e-07 2.169e-02 7.336e-08 2.840e-03
7.000e+00 7.372e-07 2.117e-02 7.049e-08 2.941e-03
7.465e+00 6.483e-07 2.023e-02 6.548e-08 3.134e-03
8.000e+00 5.647e-07 1.927e-02 6.053e-08 3.346e-03
8.241e+00 5.321e-07 1.886e-02 5.854e-08 3.439e-03
9.000e+00 4.461e-07 1.771e-02 5.305e-08 3.717e-03
9.097e+00 4.366e-07 1.757e-02 5.242e-08 3.751e-03
1.000e+01 3.613e-07 1.641e-02 4.720e-08 4.056e-03
1.004e+01 3.584e-07 1.636e-02 4.699e-08 4.069e-03
1.100e+01 2.986e-07 1.530e-02 4.248e-08 4.367e-03
1.109e+01 2.938e-07 1.521e-02 4.210e-08 4.393e-03
1.200e+01 2.509e-07 1.435e-02 3.863e-08 4.653e-03
1.224e+01 2.412e-07 1.414e-02 3.781e-08 4.719e-03
1.300e+01 2.138e-07 1.352e-02 3.542e-08 4.920e-03
1.351e+01 1.980e-07 1.314e-02 3.397e-08 5.050e-03
1.400e+01 1.843e-07 1.279e-02 3.269e-08 5.170e-03
1.491e+01 1.625e-07 1.220e-02 3.055e-08 5.382e-03
1.500e+01 1.606e-07 1.214e-02 3.036e-08 5.402e-03
1.600e+01 1.411e-07 1.156e-02 2.834e-08 5.626e-03
1.646e+01 1.334e-07 1.132e-02 2.750e-08 5.724e-03
1.800e+01 1.115e-07 1.057e-02 2.500e-08 6.029e-03
1.818e+01 1.093e-07 1.049e-02 2.474e-08 6.064e-03
2.000e+01 9.032e-08 9.745e-03 2.237e-08 6.393e-03
