# SUCROSE from NIST Database
1.581e+00 0.000e+00 0.000e+00 0.000e+00 0.000e+00
1.000e+00 6.426e-02 3.500e+00 0.000e+00 0.000e+00
6.000e+00 3.506e-02 3.500e+00 0.000e+00 0.000e+00
8.000e+00 3.213e-02 3.500e+00 0.000e+00 0.000e+00
0.000e+00 0.000e+00 0.000e+00 0.000e+00 0.000e+00
1.000e-03 1.249e+00 1.296e-02 3.290e+03 0.000e+00
1.020e-03 1.244e+00 1.342e-02 3.119e+03 0.000e+00
1.126e-03 1.221e+00 1.597e-02 2.388e+03 0.000e+00
1.243e-03 1.196e+00 1.897e-02 1.826e+03 0.000e+00
1.372e-03 1.168e+00 2.245e-02 1.395e+03 0.000e+00
1.500e-03 1.139e+00 2.603e-02 1.090e+03 0.000e+00
1.515e-03 1.135e+00 2.646e-02 1.060e+03 0.000e+00
1.672e-03 1.097e+00 3.096e-02 8.047e+02 0.000e+00
1.846e-03 1.054e+00 3.601e-02 6.081e+02 0.000e+00
2.000e-03 1.016e+00 4.048e-02 4.837e+02 0.000e+00
2.038e-03 1.006e+00 4.158e-02 4.583e+02 0.000e+00
2.250e-03 9.541e-01 4.768e-02 3.447e+02 0.000e+00
2.483e-03 8.984e-01 5.424e-02 2.591e+02 0.000e+00
2.741e-03 8.397e-01 6.124e-02 1.941e+02 0.000e+00
3.000e-03 7.840e-01 6.794e-02 1.488e+02 0.000e+00
3.026e-03 7.787e-01 6.859e-02 1.451e+02 0.000e+00
3.341e-03 7.163e-01 7.617e-02 1.082e+02 0.000e+00
3.688e-03 6.541e-01 8.385e-02 8.056e+01 0.000e+00
4.000e-03 6.038e-01 9.017e-02 6.314e+01 0.000e+00
4.071e-03 5.931e-01 9.153e-02 5.988e+01 0.000e+00
4.494e-03 5.342e-01 9.906e-02 4.443e+01 0.000e+00
4.961e-03 4.786e-01 1.064e-01 3.290e+01 0.000e+00
5.000e-03 4.743e-01 1.069e-01 3.213e+01 0.000e+00
5.477e-03 4.268e-01 1.133e-01 2.432e+01 0.000e+00
6.000e-03 3.827e-01 1.194e-01 1.837e+01 0.000e+00
6.046e-03 3.792e-01 1.199e-01 1.795e+01 0.000e+00
6.675e-03 3.360e-01 1.260e-01 1.322e+01 0.000e+00
7.368e-03 2.971e-01 1.317e-01 9.729e+00 0.000e+00
8.000e-03 2.679e-01 1.361e-01 7.528e+00 0.000e+00
8.134e-03 2.623e-01 1.369e-01 7.147e+00 0.000e+00
8.979e-03 2.314e-01 1.418e-01 5.244e+00 0.000e+00
9.912e-03 2.040e-01 1.463e-01 3.842e+00 0.000e+00
1.000e-02 2.017e-01 1.467e-01 3.736e+00 0.000e+00
1.094e-02 1.797e-01 1.505e-01 2.812e+00 0.000e+00
1.208e-02 1.580e-01 1.544e-01 2.053e+00 0.000e+00
1.334e-02 1.386e-01 1.580e-01 1.496e+00 0.000e+00
1.472e-02 1.214e-01 1.614e-01 1.092e+00 0.000e+00
1.500e-02 1.184e-01 1.620e-01 1.028e+00 0.000e+00
1.625e-02 1.060e-01 1.644e-01 7.948e-01 0.000e+00
1.794e-02 9.210e-02 1.672e-01 5.778e-01 0.000e+00
1.980e-02 7.973e-02 1.696e-01 4.200e-01 0.000e+00
2.000e-02 7.855e-02 1.699e-01 4.065e-01 0.000e+00
2.186e-02 6.867e-02 1.717e-01 3.046e-01 0.000e+00
2.413e-02 5.888e-02 1.733e-01 2.209e-01 0.000e+00
2.664e-02 5.026e-02 1.746e-01 1.599e-01 0.000e+00
2.941e-02 4.273e-02 1.754e-01 1.157e-01 0.000e+00
3.000e-02 4.134e-02 1.755e-01 1.084e-01 0.000e+00
3.247e-02 3.619e-02 1.758e-01 8.363e-02 0.000e+00
3.584e-02 3.057e-02 1.758e-01 6.046e-02 0.000e+00
3.957e-02 2.573e-02 1.754e-01 4.364e-02 0.000e+00
4.000e-02 2.525e-02 1.754e-01 4.212e-02 0.000e+00
4.368e-02 2.162e-02 1.747e-01 3.151e-02 0.000e+00
4.822e-02 1.812e-02 1.735e-01 2.273e-02 0.000e+00
5.000e-02 1.698e-02 1.730e-01 2.016e-02 0.000e+00
5.323e-02 1.516e-02 1.720e-01 1.639e-02 0.000e+00
5.876e-02 1.266e-02 1.702e-01 1.182e-02 0.000e+00
6.000e-02 1.219e-02 1.698e-01 1.103e-02 0.000e+00
6.486e-02 1.056e-02 1.681e-01 8.522e-03 0.000e+00
7.161e-02 8.781e-03 1.657e-01 6.139e-03 0.000e+00
7.905e-02 7.294e-03 1.631e-01 4.426e-03 0.000e+00
8.000e-02 7.131e-03 1.627e-01 4.254e-03 0.000e+00
8.726e-02 6.049e-03 1.602e-01 3.191e-03 0.000e+00
9.633e-02 5.009e-03 1.571e-01 2.301e-03 0.000e+00
1.000e-01 4.663e-03 1.559e-01 2.034e-03 0.000e+00
1.063e-01 4.146e-03 1.538e-01 1.662e-03 0.000e+00
1.174e-01 3.422e-03 1.504e-01 1.198e-03 0.000e+00
1.296e-01 2.825e-03 1.467e-01 8.661e-04 0.000e+00
1.431e-01 2.328e-03 1.430e-01 6.262e-04 0.000e+00
1.500e-01 2.123e-03 1.412e-01 5.370e-04 0.000e+00
1.579e-01 1.920e-03 1.392e-01 4.544e-04 0.000e+00
1.743e-01 1.581e-03 1.353e-01 3.298e-04 0.000e+00
1.925e-01 1.300e-03 1.312e-01 2.395e-04 0.000e+00
2.000e-01 1.205e-03 1.297e-01 2.119e-04 0.000e+00
2.125e-01 1.069e-03 1.272e-01 1.747e-04 0.000e+00
2.345e-01 8.795e-04 1.231e-01 1.280e-04 0.000e+00
2.589e-01 7.228e-04 1.191e-01 9.395e-05 0.000e+00
2.858e-01 5.939e-04 1.150e-01 6.930e-05 0.000e+00
3.000e-01 5.394e-04 1.130e-01 5.979e-05 0.000e+00
3.155e-01 4.879e-04 1.109e-01 5.136e-05 0.000e+00
3.483e-01 4.007e-04 1.069e-01 3.825e-05 0.000e+00
3.845e-01 3.291e-04 1.029e-01 2.866e-05 0.000e+00
4.000e-01 3.041e-04 1.013e-01 2.558e-05 0.000e+00
4.245e-01 2.701e-04 9.896e-02 2.160e-05 0.000e+00
4.686e-01 2.218e-04 9.508e-02 1.641e-05 0.000e+00
5.000e-01 1.949e-04 9.257e-02 1.378e-05 0.000e+00
5.173e-01 1.821e-04 9.126e-02 1.260e-05 0.000e+00
5.710e-01 1.495e-04 8.750e-02 9.754e-06 0.000e+00
6.000e-01 1.354e-04 8.564e-02 8.582e-06 0.000e+00
6.304e-01 1.227e-04 8.380e-02 7.547e-06 0.000e+00
6.959e-01 1.007e-04 8.020e-02 5.874e-06 0.000e+00
7.682e-01 8.266e-05 7.668e-02 4.691e-06 0.000e+00
8.000e-01 7.622e-05 7.525e-02 4.330e-06 0.000e+00
8.480e-01 6.783e-05 7.322e-02 3.908e-06 0.000e+00
9.361e-01 5.567e-05 6.986e-02 3.230e-06 0.000e+00
1.000e+00 4.879e-05 6.768e-02 2.692e-06 0.000e+00
1.022e+00 4.672e-05 6.697e-02 2.503e-06 0.000e+00
1.033e+00 4.574e-05 6.662e-02 2.421e-06 3.185e-09
1.141e+00 3.750e-05 6.341e-02 1.944e-06 3.023e-06
1.250e+00 3.124e-05 6.052e-02 1.700e-06 1.635e-05
1.259e+00 3.080e-05 6.029e-02 1.681e-06 1.799e-05
1.390e+00 2.526e-05 5.726e-02 1.418e-06 5.095e-05
1.500e+00 2.169e-05 5.501e-02 1.233e-06 9.050e-05
1.535e+00 2.071e-05 5.433e-02 1.184e-06 1.051e-04
1.694e+00 1.701e-05 5.152e-02 1.004e-06 1.812e-04
1.870e+00 1.396e-05 4.878e-02 8.603e-07 2.804e-04
2.000e+00 1.220e-05 4.694e-02 7.763e-07 3.604e-04
2.044e+00 1.168e-05 4.635e-02 7.510e-07 3.885e-04
2.065e+00 1.144e-05 4.608e-02 7.394e-07 4.020e-04
2.279e+00 9.394e-06 4.351e-02 6.385e-07 5.435e-04
2.516e+00 7.708e-06 4.105e-02 5.537e-07 7.057e-04
2.778e+00 6.324e-06 3.869e-02 4.821e-07 8.884e-04
3.000e+00 5.424e-06 3.693e-02 4.341e-07 1.044e-03
3.066e+00 5.193e-06 3.644e-02 4.216e-07 1.090e-03
3.385e+00 4.261e-06 3.426e-02 3.697e-07 1.312e-03
3.737e+00 3.496e-06 3.218e-02 3.251e-07 1.552e-03
4.000e+00 3.051e-06 3.080e-02 2.981e-07 1.726e-03
4.125e+00 2.869e-06 3.019e-02 2.868e-07 1.807e-03
4.554e+00 2.354e-06 2.830e-02 2.535e-07 2.079e-03
5.000e+00 1.953e-06 2.660e-02 2.261e-07 2.349e-03
5.027e+00 1.932e-06 2.651e-02 2.247e-07 2.366e-03
5.549e+00 1.585e-06 2.480e-02 1.995e-07 2.670e-03
6.000e+00 1.356e-06 2.351e-02 1.818e-07 2.920e-03
6.126e+00 1.301e-06 2.318e-02 1.774e-07 2.988e-03
6.762e+00 1.068e-06 2.165e-02 1.581e-07 3.316e-03
7.000e+00 9.962e-07 2.113e-02 1.519e-07 3.434e-03
7.465e+00 8.760e-07 2.020e-02 1.411e-07 3.656e-03
8.000e+00 7.628e-07 1.923e-02 1.304e-07 3.900e-03
8.241e+00 7.189e-07 1.883e-02 1.261e-07 4.007e-03
9.000e+00 6.027e-07 1.768e-02 1.142e-07 4.329e-03
9.097e+00 5.899e-07 1.754e-02 1.128e-07 4.368e-03
1.000e+01 4.882e-07 1.638e-02 1.015e-07 4.717e-03
1.004e+01 4.843e-07 1.633e-02 1.011e-07 4.732e-03
1.100e+01 4.034e-07 1.528e-02 9.140e-08 5.075e-03
1.109e+01 3.969e-07 1.519e-02 9.058e-08 5.105e-03
1.200e+01 3.390e-07 1.433e-02 8.308e-08 5.404e-03
1.224e+01 3.258e-07 1.412e-02 8.131e-08 5.479e-03
1.300e+01 2.889e-07 1.350e-02 7.615e-08 5.711e-03
1.351e+01 2.675e-07 1.311e-02 7.304e-08 5.860e-03
1.400e+01 2.491e-07 1.277e-02 7.028e-08 5.998e-03
1.491e+01 2.196e-07 1.218e-02 6.568e-08 6.241e-03
1.500e+01 2.170e-07 1.212e-02 6.526e-08 6.265e-03
1.600e+01 1.907e-07 1.155e-02 6.090e-08 6.519e-03
1.646e+01 1.802e-07 1.130e-02 5.909e-08 6.632e-03
1.800e+01 1.507e-07 1.055e-02 5.373e-08 6.984e-03
1.818e+01 1.477e-07 1.047e-02 5.316e-08 7.022e-03
2.000e+01 1.220e-07 9.729e-03 4.805e-08 7.400e-03
