# TANTALUM from NIST Database
1.665e+01 0.000e+00 0.000e+00 0.000e+00 0.000e+00
7.300e+01 1.000e+00 3.500e+00 0.000e+00 0.000e+00
0.000e+00 0.000e+00 0.000e+00 0.000e+00 0.000e+00
1.000e-03 1.130e+01 4.486e-03 3.498e+03 0.000e+00
1.020e-03 1.128e+01 4.611e-03 3.362e+03 0.000e+00
1.126e-03 1.118e+01 5.286e-03 2.759e+03 0.000e+00
1.243e-03 1.107e+01 6.045e-03 2.265e+03 0.000e+00
1.372e-03 1.095e+01 6.883e-03 1.859e+03 0.000e+00
1.500e-03 1.082e+01 7.698e-03 1.556e+03 0.000e+00
1.515e-03 1.081e+01 7.792e-03 1.523e+03 0.000e+00
1.672e-03 1.065e+01 8.756e-03 1.237e+03 0.000e+00
1.735e-03 1.058e+01 9.139e-03 1.144e+03 0.000e+00
1.735e-03 1.058e+01 9.139e-03 1.393e+03 0.000e+00
1.764e-03 1.055e+01 9.314e-03 2.057e+03 0.000e+00
1.793e-03 1.052e+01 9.492e-03 3.034e+03 0.000e+00
1.793e-03 1.052e+01 9.492e-03 3.371e+03 0.000e+00
1.846e-03 1.046e+01 9.813e-03 3.471e+03 0.000e+00
2.000e-03 1.030e+01 1.075e-02 3.761e+03 0.000e+00
2.038e-03 1.025e+01 1.098e-02 3.586e+03 0.000e+00
2.194e-03 1.008e+01 1.192e-02 2.975e+03 0.000e+00
2.194e-03 1.008e+01 1.192e-02 3.455e+03 0.000e+00
2.250e-03 1.003e+01 1.226e-02 3.249e+03 0.000e+00
2.469e-03 9.811e+00 1.355e-02 2.595e+03 0.000e+00
2.469e-03 9.811e+00 1.355e-02 2.758e+03 0.000e+00
2.483e-03 9.796e+00 1.364e-02 2.721e+03 0.000e+00
2.708e-03 9.555e+00 1.496e-02 2.224e+03 0.000e+00
2.708e-03 9.555e+00 1.496e-02 2.320e+03 0.000e+00
2.741e-03 9.520e+00 1.515e-02 2.255e+03 0.000e+00
3.000e-03 9.249e+00 1.666e-02 1.829e+03 0.000e+00
3.026e-03 9.222e+00 1.681e-02 1.791e+03 0.000e+00
3.341e-03 8.906e+00 1.861e-02 1.411e+03 0.000e+00
3.688e-03 8.568e+00 2.055e-02 1.112e+03 0.000e+00
4.000e-03 8.274e+00 2.227e-02 9.139e+02 0.000e+00
4.071e-03 8.208e+00 2.265e-02 8.749e+02 0.000e+00
4.494e-03 7.824e+00 2.492e-02 6.847e+02 0.000e+00
4.961e-03 7.421e+00 2.735e-02 5.358e+02 0.000e+00
5.000e-03 7.388e+00 2.755e-02 5.255e+02 0.000e+00
5.477e-03 7.004e+00 2.994e-02 4.175e+02 0.000e+00
6.000e-03 6.610e+00 3.246e-02 3.316e+02 0.000e+00
6.046e-03 6.576e+00 3.268e-02 3.251e+02 0.000e+00
6.675e-03 6.141e+00 3.555e-02 2.522e+02 0.000e+00
7.368e-03 5.703e+00 3.852e-02 1.958e+02 0.000e+00
8.000e-03 5.338e+00 4.107e-02 1.585e+02 0.000e+00
8.134e-03 5.265e+00 4.159e-02 1.518e+02 0.000e+00
8.979e-03 4.834e+00 4.475e-02 1.174e+02 0.000e+00
9.881e-03 4.426e+00 4.789e-02 9.152e+01 0.000e+00
9.881e-03 4.426e+00 4.789e-02 2.393e+02 0.000e+00
9.912e-03 4.413e+00 4.800e-02 2.377e+02 0.000e+00
1.000e-02 4.376e+00 4.829e-02 2.335e+02 0.000e+00
1.094e-02 4.006e+00 5.131e-02 1.836e+02 0.000e+00
1.114e-02 3.934e+00 5.192e-02 1.751e+02 0.000e+00
1.114e-02 3.934e+00 5.192e-02 2.409e+02 0.000e+00
1.141e-02 3.838e+00 5.275e-02 2.273e+02 0.000e+00
1.168e-02 3.744e+00 5.358e-02 2.145e+02 0.000e+00
1.168e-02 3.744e+00 5.358e-02 2.479e+02 0.000e+00
1.208e-02 3.614e+00 5.476e-02 2.276e+02 0.000e+00
1.334e-02 3.241e+00 5.823e-02 1.768e+02 0.000e+00
1.472e-02 2.895e+00 6.172e-02 1.376e+02 0.000e+00
1.500e-02 2.832e+00 6.240e-02 1.311e+02 0.000e+00
1.625e-02 2.576e+00 6.532e-02 1.061e+02 0.000e+00
1.794e-02 2.285e+00 6.898e-02 8.168e+01 0.000e+00
1.980e-02 2.024e+00 7.265e-02 6.292e+01 0.000e+00
2.000e-02 1.999e+00 7.302e-02 6.127e+01 0.000e+00
2.186e-02 1.789e+00 7.628e-02 4.824e+01 0.000e+00
2.413e-02 1.578e+00 7.982e-02 3.699e+01 0.000e+00
2.664e-02 1.387e+00 8.322e-02 2.835e+01 0.000e+00
2.941e-02 1.215e+00 8.644e-02 2.173e+01 0.000e+00
3.000e-02 1.182e+00 8.706e-02 2.060e+01 0.000e+00
3.247e-02 1.058e+00 8.943e-02 1.660e+01 0.000e+00
3.584e-02 9.170e-01 9.215e-02 1.267e+01 0.000e+00
3.957e-02 7.910e-01 9.460e-02 9.663e+00 0.000e+00
4.000e-02 7.781e-01 9.485e-02 9.382e+00 0.000e+00
4.368e-02 6.796e-01 9.675e-02 7.359e+00 0.000e+00
4.822e-02 5.824e-01 9.858e-02 5.602e+00 0.000e+00
5.000e-02 5.501e-01 9.918e-02 5.069e+00 0.000e+00
5.323e-02 4.986e-01 1.001e-01 4.260e+00 0.000e+00
5.876e-02 4.263e-01 1.013e-01 3.237e+00 0.000e+00
6.000e-02 4.124e-01 1.015e-01 3.055e+00 0.000e+00
6.486e-02 3.638e-01 1.022e-01 2.459e+00 0.000e+00
6.742e-02 3.418e-01 1.024e-01 2.208e+00 0.000e+00
6.742e-02 3.418e-01 1.024e-01 1.136e+01 0.000e+00
7.161e-02 3.101e-01 1.028e-01 9.679e+00 0.000e+00
7.905e-02 2.641e-01 1.030e-01 7.456e+00 0.000e+00
8.000e-02 2.589e-01 1.030e-01 7.225e+00 0.000e+00
8.726e-02 2.241e-01 1.030e-01 5.753e+00 0.000e+00
9.633e-02 1.895e-01 1.027e-01 4.438e+00 0.000e+00
1.000e-01 1.777e-01 1.025e-01 4.020e+00 0.000e+00
1.063e-01 1.598e-01 1.020e-01 3.418e+00 0.000e+00
1.174e-01 1.343e-01 1.011e-01 2.618e+00 0.000e+00
1.296e-01 1.127e-01 9.992e-02 2.004e+00 0.000e+00
1.431e-01 9.450e-02 9.848e-02 1.530e+00 0.000e+00
1.500e-01 8.686e-02 9.771e-02 1.346e+00 0.000e+00
1.579e-01 7.923e-02 9.683e-02 1.171e+00 0.000e+00
1.743e-01 6.635e-02 9.497e-02 8.948e-01 0.000e+00
1.925e-01 5.546e-02 9.294e-02 6.833e-01 0.000e+00
2.000e-01 5.175e-02 9.212e-02 6.160e-01 0.000e+00
2.125e-01 4.635e-02 9.078e-02 5.228e-01 0.000e+00
2.345e-01 3.872e-02 8.850e-02 4.008e-01 0.000e+00
2.589e-01 3.228e-02 8.610e-02 3.074e-01 0.000e+00
2.858e-01 2.688e-02 8.362e-02 2.364e-01 0.000e+00
3.000e-01 2.455e-02 8.237e-02 2.080e-01 0.000e+00
3.155e-01 2.235e-02 8.106e-02 1.823e-01 0.000e+00
3.483e-01 1.856e-02 7.846e-02 1.409e-01 0.000e+00
3.845e-01 1.539e-02 7.583e-02 1.094e-01 0.000e+00
4.000e-01 1.427e-02 7.478e-02 9.901e-02 0.000e+00
4.245e-01 1.274e-02 7.321e-02 8.530e-02 0.000e+00
4.686e-01 1.055e-02 7.058e-02 6.682e-02 0.000e+00
5.000e-01 9.312e-03 6.886e-02 5.708e-02 0.000e+00
5.173e-01 8.722e-03 6.795e-02 5.259e-02 0.000e+00
5.710e-01 7.208e-03 6.531e-02 4.161e-02 0.000e+00
6.000e-01 6.550e-03 6.400e-02 3.708e-02 0.000e+00
6.304e-01 5.952e-03 6.270e-02 3.309e-02 0.000e+00
6.959e-01 4.913e-03 6.012e-02 2.648e-02 0.000e+00
7.682e-01 4.053e-03 5.758e-02 2.131e-02 0.000e+00
8.000e-01 3.744e-03 5.654e-02 1.952e-02 0.000e+00
8.480e-01 3.341e-03 5.508e-02 1.724e-02 0.000e+00
9.361e-01 2.752e-03 5.261e-02 1.403e-02 0.000e+00
1.000e+00 2.418e-03 5.099e-02 1.226e-02 0.000e+00
1.022e+00 2.316e-03 5.045e-02 1.173e-02 0.000e+00
1.033e+00 2.268e-03 5.019e-02 1.149e-02 7.440e-08
1.141e+00 1.865e-03 4.780e-02 9.436e-03 6.389e-05
1.250e+00 1.558e-03 4.566e-02 7.914e-03 3.160e-04
1.259e+00 1.536e-03 4.550e-02 7.807e-03 3.453e-04
1.390e+00 1.263e-03 4.325e-02 6.487e-03 8.914e-04
1.500e+00 1.086e-03 4.157e-02 5.644e-03 1.476e-03
1.535e+00 1.038e-03 4.106e-02 5.415e-03 1.677e-03
1.694e+00 8.534e-04 3.894e-02 4.545e-03 2.644e-03
1.870e+00 7.013e-04 3.687e-02 3.830e-03 3.759e-03
2.000e+00 6.137e-04 3.551e-02 3.418e-03 4.593e-03
2.044e+00 5.877e-04 3.508e-02 3.295e-03 4.876e-03
2.065e+00 5.759e-04 3.488e-02 3.240e-03 5.010e-03
2.279e+00 4.734e-04 3.296e-02 2.755e-03 6.359e-03
2.516e+00 3.887e-04 3.110e-02 2.353e-03 7.794e-03
2.778e+00 3.191e-04 2.932e-02 2.016e-03 9.305e-03
3.000e+00 2.737e-04 2.798e-02 1.794e-03 1.053e-02
3.066e+00 2.621e-04 2.760e-02 1.736e-03 1.088e-02
3.385e+00 2.151e-04 2.596e-02 1.498e-03 1.255e-02
3.737e+00 1.766e-04 2.439e-02 1.298e-03 1.428e-02
4.000e+00 1.542e-04 2.335e-02 1.178e-03 1.550e-02
4.125e+00 1.450e-04 2.289e-02 1.128e-03 1.606e-02
4.554e+00 1.190e-04 2.146e-02 9.829e-04 1.791e-02
5.000e+00 9.871e-05 2.017e-02 8.653e-04 1.969e-02
5.027e+00 9.766e-05 2.010e-02 8.590e-04 1.980e-02
5.549e+00 8.018e-05 1.880e-02 7.528e-04 2.173e-02
6.000e+00 6.859e-05 1.783e-02 6.793e-04 2.330e-02
6.126e+00 6.580e-05 1.758e-02 6.611e-04 2.373e-02
6.762e+00 5.399e-05 1.642e-02 5.822e-04 2.576e-02
7.000e+00 5.039e-05 1.602e-02 5.571e-04 2.649e-02
7.465e+00 4.432e-05 1.532e-02 5.138e-04 2.786e-02
8.000e+00 3.861e-05 1.459e-02 4.713e-04 2.936e-02
8.241e+00 3.638e-05 1.428e-02 4.542e-04 3.001e-02
9.000e+00 3.049e-05 1.341e-02 4.077e-04 3.197e-02
9.097e+00 2.984e-05 1.331e-02 4.024e-04 3.222e-02
1.000e+01 2.470e-05 1.242e-02 3.591e-04 3.436e-02
1.004e+01 2.451e-05 1.239e-02 3.574e-04 3.445e-02
1.100e+01 2.042e-05 1.159e-02 3.204e-04 3.659e-02
1.109e+01 2.009e-05 1.152e-02 3.173e-04 3.679e-02
1.200e+01 1.716e-05 1.087e-02 2.892e-04 3.866e-02
1.224e+01 1.649e-05 1.071e-02 2.826e-04 3.913e-02
1.300e+01 1.462e-05 1.024e-02 2.634e-04 4.058e-02
1.351e+01 1.354e-05 9.950e-03 2.519e-04 4.153e-02
1.400e+01 1.261e-05 9.688e-03 2.418e-04 4.241e-02
1.491e+01 1.111e-05 9.241e-03 2.250e-04 4.392e-02
1.500e+01 1.098e-05 9.199e-03 2.234e-04 4.407e-02
1.600e+01 9.652e-06 8.760e-03 2.076e-04 4.562e-02
1.646e+01 9.120e-06 8.572e-03 2.011e-04 4.631e-02
1.800e+01 7.625e-06 8.004e-03 1.818e-04 4.847e-02
1.818e+01 7.474e-06 7.943e-03 1.798e-04 4.870e-02
2.000e+01 6.177e-06 7.382e-03 1.617e-04 5.097e-02
