# TERBIUM from NIST Database
8.229e+00 0.000e+00 0.000e+00 0.000e+00 0.000e+00
6.500e+01 1.000e+00 3.500e+00 0.000e+00 0.000e+00
0.000e+00 0.000e+00 0.000e+00 0.000e+00 0.000e+00
1.000e-03 1.011e+01 5.513e-03 2.386e+03 0.000e+00
1.020e-03 1.008e+01 5.670e-03 2.298e+03 0.000e+00
1.126e-03 9.972e+00 6.492e-03 1.904e+03 0.000e+00
1.241e-03 9.879e+00 7.294e-03 1.582e+03 0.000e+00
1.241e-03 9.879e+00 7.294e-03 2.276e+03 0.000e+00
1.243e-03 9.877e+00 7.306e-03 2.374e+03 0.000e+00
1.275e-03 9.856e+00 7.503e-03 4.960e+03 0.000e+00
1.275e-03 9.856e+00 7.503e-03 5.870e+03 0.000e+00
1.372e-03 9.768e+00 8.167e-03 5.608e+03 0.000e+00
1.500e-03 9.629e+00 9.117e-03 5.305e+03 0.000e+00
1.515e-03 9.613e+00 9.226e-03 5.178e+03 0.000e+00
1.611e-03 9.515e+00 9.905e-03 4.456e+03 0.000e+00
1.611e-03 9.515e+00 9.905e-03 5.153e+03 0.000e+00
1.672e-03 9.457e+00 1.032e-02 4.730e+03 0.000e+00
1.768e-03 9.367e+00 1.098e-02 4.157e+03 0.000e+00
1.768e-03 9.367e+00 1.098e-02 4.415e+03 0.000e+00
1.846e-03 9.289e+00 1.152e-02 4.005e+03 0.000e+00
1.968e-03 9.162e+00 1.236e-02 3.473e+03 0.000e+00
1.968e-03 9.162e+00 1.236e-02 3.628e+03 0.000e+00
2.000e-03 9.128e+00 1.258e-02 3.498e+03 0.000e+00
2.038e-03 9.089e+00 1.285e-02 3.347e+03 0.000e+00
2.250e-03 8.872e+00 1.430e-02 2.651e+03 0.000e+00
2.483e-03 8.638e+00 1.589e-02 2.102e+03 0.000e+00
2.741e-03 8.382e+00 1.762e-02 1.665e+03 0.000e+00
3.000e-03 8.128e+00 1.934e-02 1.346e+03 0.000e+00
3.026e-03 8.103e+00 1.951e-02 1.318e+03 0.000e+00
3.341e-03 7.797e+00 2.155e-02 1.032e+03 0.000e+00
3.688e-03 7.469e+00 2.373e-02 8.092e+02 0.000e+00
4.000e-03 7.184e+00 2.565e-02 6.624e+02 0.000e+00
4.071e-03 7.121e+00 2.608e-02 6.336e+02 0.000e+00
4.494e-03 6.756e+00 2.859e-02 4.939e+02 0.000e+00
4.961e-03 6.377e+00 3.125e-02 3.849e+02 0.000e+00
5.000e-03 6.347e+00 3.146e-02 3.774e+02 0.000e+00
5.477e-03 5.991e+00 3.405e-02 2.989e+02 0.000e+00
6.000e-03 5.631e+00 3.672e-02 2.367e+02 0.000e+00
6.046e-03 5.601e+00 3.694e-02 2.320e+02 0.000e+00
6.675e-03 5.210e+00 3.992e-02 1.795e+02 0.000e+00
7.368e-03 4.818e+00 4.302e-02 1.389e+02 0.000e+00
7.514e-03 4.740e+00 4.365e-02 1.321e+02 0.000e+00
7.514e-03 4.740e+00 4.365e-02 3.610e+02 0.000e+00
8.000e-03 4.494e+00 4.570e-02 3.088e+02 0.000e+00
8.134e-03 4.431e+00 4.623e-02 2.951e+02 0.000e+00
8.252e-03 4.377e+00 4.668e-02 2.837e+02 0.000e+00
8.252e-03 4.377e+00 4.668e-02 3.880e+02 0.000e+00
8.477e-03 4.274e+00 4.756e-02 3.632e+02 0.000e+00
8.708e-03 4.172e+00 4.846e-02 3.399e+02 0.000e+00
8.708e-03 4.172e+00 4.846e-02 3.929e+02 0.000e+00
8.979e-03 4.056e+00 4.950e-02 3.639e+02 0.000e+00
9.912e-03 3.691e+00 5.286e-02 2.840e+02 0.000e+00
1.000e-02 3.659e+00 5.316e-02 2.778e+02 0.000e+00
1.094e-02 3.342e+00 5.631e-02 2.193e+02 0.000e+00
1.208e-02 3.010e+00 5.989e-02 1.689e+02 0.000e+00
1.334e-02 2.701e+00 6.355e-02 1.301e+02 0.000e+00
1.472e-02 2.419e+00 6.726e-02 1.004e+02 0.000e+00
1.500e-02 2.368e+00 6.798e-02 9.557e+01 0.000e+00
1.625e-02 2.160e+00 7.104e-02 7.707e+01 0.000e+00
1.794e-02 1.924e+00 7.481e-02 5.907e+01 0.000e+00
1.980e-02 1.710e+00 7.852e-02 4.531e+01 0.000e+00
2.000e-02 1.689e+00 7.889e-02 4.411e+01 0.000e+00
2.186e-02 1.514e+00 8.212e-02 3.458e+01 0.000e+00
2.413e-02 1.335e+00 8.554e-02 2.639e+01 0.000e+00
2.664e-02 1.172e+00 8.877e-02 2.013e+01 0.000e+00
2.941e-02 1.023e+00 9.177e-02 1.535e+01 0.000e+00
3.000e-02 9.947e-01 9.234e-02 1.454e+01 0.000e+00
3.247e-02 8.874e-01 9.452e-02 1.167e+01 0.000e+00
3.584e-02 7.661e-01 9.699e-02 8.872e+00 0.000e+00
3.957e-02 6.592e-01 9.920e-02 6.740e+00 0.000e+00
4.000e-02 6.483e-01 9.943e-02 6.540e+00 0.000e+00
4.368e-02 5.664e-01 1.012e-01 5.112e+00 0.000e+00
4.822e-02 4.860e-01 1.028e-01 3.875e+00 0.000e+00
5.000e-02 4.593e-01 1.033e-01 3.501e+00 0.000e+00
5.200e-02 4.320e-01 1.038e-01 3.137e+00 0.000e+00
5.200e-02 4.320e-01 1.038e-01 1.723e+01 0.000e+00
5.323e-02 4.164e-01 1.041e-01 1.619e+01 0.000e+00
5.876e-02 3.566e-01 1.051e-01 1.245e+01 0.000e+00
6.000e-02 3.451e-01 1.053e-01 1.178e+01 0.000e+00
6.486e-02 3.047e-01 1.059e-01 9.592e+00 0.000e+00
7.161e-02 2.594e-01 1.063e-01 7.387e+00 0.000e+00
7.905e-02 2.202e-01 1.064e-01 5.681e+00 0.000e+00
8.000e-02 2.158e-01 1.064e-01 5.502e+00 0.000e+00
8.726e-02 1.862e-01 1.062e-01 4.353e+00 0.000e+00
9.633e-02 1.570e-01 1.057e-01 3.324e+00 0.000e+00
1.000e-01 1.471e-01 1.055e-01 3.000e+00 0.000e+00
1.063e-01 1.322e-01 1.049e-01 2.537e+00 0.000e+00
1.174e-01 1.110e-01 1.038e-01 1.929e+00 0.000e+00
1.296e-01 9.309e-02 1.025e-01 1.468e+00 0.000e+00
1.431e-01 7.800e-02 1.009e-01 1.115e+00 0.000e+00
1.500e-01 7.169e-02 1.000e-01 9.788e-01 0.000e+00
1.579e-01 6.539e-02 9.907e-02 8.488e-01 0.000e+00
1.743e-01 5.474e-02 9.708e-02 6.451e-01 0.000e+00
1.925e-01 4.574e-02 9.492e-02 4.899e-01 0.000e+00
2.000e-01 4.267e-02 9.405e-02 4.407e-01 0.000e+00
2.125e-01 3.819e-02 9.263e-02 3.728e-01 0.000e+00
2.345e-01 3.186e-02 9.025e-02 2.843e-01 0.000e+00
2.589e-01 2.651e-02 8.775e-02 2.170e-01 0.000e+00
2.858e-01 2.204e-02 8.518e-02 1.660e-01 0.000e+00
3.000e-01 2.012e-02 8.389e-02 1.458e-01 0.000e+00
3.155e-01 1.829e-02 8.255e-02 1.274e-01 0.000e+00
3.483e-01 1.517e-02 7.987e-02 9.811e-02 0.000e+00
3.845e-01 1.256e-02 7.717e-02 7.584e-02 0.000e+00
4.000e-01 1.164e-02 7.609e-02 6.851e-02 0.000e+00
4.245e-01 1.039e-02 7.446e-02 5.888e-02 0.000e+00
4.686e-01 8.589e-03 7.176e-02 4.594e-02 0.000e+00
5.000e-01 7.579e-03 6.999e-02 3.914e-02 0.000e+00
5.173e-01 7.096e-03 6.906e-02 3.602e-02 0.000e+00
5.710e-01 5.861e-03 6.636e-02 2.841e-02 0.000e+00
6.000e-01 5.324e-03 6.502e-02 2.527e-02 0.000e+00
6.304e-01 4.836e-03 6.370e-02 2.252e-02 0.000e+00
6.959e-01 3.988e-03 6.107e-02 1.797e-02 0.000e+00
7.682e-01 3.286e-03 5.847e-02 1.443e-02 0.000e+00
8.000e-01 3.035e-03 5.741e-02 1.321e-02 0.000e+00
8.480e-01 2.707e-03 5.589e-02 1.166e-02 0.000e+00
9.361e-01 2.229e-03 5.336e-02 9.474e-03 0.000e+00
1.000e+00 1.957e-03 5.172e-02 8.276e-03 0.000e+00
1.022e+00 1.875e-03 5.119e-02 7.920e-03 0.000e+00
1.033e+00 1.836e-03 5.093e-02 7.751e-03 6.381e-08
1.141e+00 1.509e-03 4.852e-02 6.365e-03 5.374e-05
1.250e+00 1.260e-03 4.634e-02 5.339e-03 2.620e-04
1.259e+00 1.242e-03 4.617e-02 5.267e-03 2.861e-04
1.390e+00 1.021e-03 4.389e-02 4.379e-03 7.325e-04
1.500e+00 8.776e-04 4.217e-02 3.812e-03 1.212e-03
1.535e+00 8.382e-04 4.166e-02 3.657e-03 1.379e-03
1.694e+00 6.888e-04 3.951e-02 3.071e-03 2.190e-03
1.870e+00 5.658e-04 3.741e-02 2.590e-03 3.152e-03
2.000e+00 4.953e-04 3.602e-02 2.313e-03 3.884e-03
2.044e+00 4.744e-04 3.558e-02 2.230e-03 4.134e-03
2.065e+00 4.649e-04 3.537e-02 2.193e-03 4.253e-03
2.279e+00 3.823e-04 3.342e-02 1.867e-03 5.458e-03
2.516e+00 3.138e-04 3.154e-02 1.596e-03 6.758e-03
2.778e+00 2.574e-04 2.973e-02 1.369e-03 8.140e-03
3.000e+00 2.207e-04 2.837e-02 1.218e-03 9.267e-03
3.066e+00 2.113e-04 2.799e-02 1.179e-03 9.594e-03
3.385e+00 1.734e-04 2.633e-02 1.019e-03 1.113e-02
3.737e+00 1.423e-04 2.473e-02 8.836e-04 1.273e-02
4.000e+00 1.243e-04 2.368e-02 8.026e-04 1.387e-02
4.125e+00 1.169e-04 2.321e-02 7.688e-04 1.441e-02
4.554e+00 9.591e-05 2.176e-02 6.707e-04 1.613e-02
5.000e+00 7.958e-05 2.045e-02 5.911e-04 1.781e-02
5.027e+00 7.872e-05 2.038e-02 5.869e-04 1.791e-02
5.549e+00 6.459e-05 1.907e-02 5.148e-04 1.973e-02
6.000e+00 5.525e-05 1.808e-02 4.649e-04 2.120e-02
6.126e+00 5.300e-05 1.782e-02 4.526e-04 2.161e-02
6.762e+00 4.353e-05 1.665e-02 3.990e-04 2.353e-02
7.000e+00 4.062e-05 1.625e-02 3.820e-04 2.422e-02
7.465e+00 3.572e-05 1.553e-02 3.524e-04 2.551e-02
8.000e+00 3.109e-05 1.479e-02 3.233e-04 2.692e-02
8.241e+00 2.930e-05 1.448e-02 3.117e-04 2.753e-02
9.000e+00 2.457e-05 1.360e-02 2.800e-04 2.937e-02
9.097e+00 2.405e-05 1.349e-02 2.764e-04 2.960e-02
1.000e+01 1.990e-05 1.260e-02 2.467e-04 3.162e-02
1.004e+01 1.974e-05 1.256e-02 2.455e-04 3.172e-02
1.100e+01 1.645e-05 1.175e-02 2.204e-04 3.371e-02
1.109e+01 1.618e-05 1.168e-02 2.183e-04 3.389e-02
1.200e+01 1.382e-05 1.102e-02 1.991e-04 3.564e-02
1.224e+01 1.329e-05 1.086e-02 1.945e-04 3.609e-02
1.300e+01 1.178e-05 1.038e-02 1.814e-04 3.745e-02
1.351e+01 1.090e-05 1.009e-02 1.735e-04 3.834e-02
1.400e+01 1.016e-05 9.822e-03 1.666e-04 3.914e-02
1.491e+01 8.955e-06 9.368e-03 1.551e-04 4.055e-02
1.500e+01 8.848e-06 9.325e-03 1.540e-04 4.068e-02
1.600e+01 7.776e-06 8.878e-03 1.432e-04 4.215e-02
1.646e+01 7.347e-06 8.689e-03 1.387e-04 4.279e-02
1.800e+01 6.142e-06 8.117e-03 1.255e-04 4.478e-02
1.818e+01 6.021e-06 8.055e-03 1.241e-04 4.499e-02
2.000e+01 4.975e-06 7.484e-03 1.116e-04 4.709e-02
