# TECHNETIUM from NIST Database
1.150e+01 0.000e+00 0.000e+00 0.000e+00 0.000e+00
4.300e+01 1.000e+00 3.500e+00 0.000e+00 0.000e+00
0.000e+00 0.000e+00 0.000e+00 0.000e+00 0.000e+00
1.000e-03 7.117e+00 7.024e-03 5.349e+03 0.000e+00
1.020e-03 7.098e+00 7.221e-03 5.109e+03 0.000e+00
1.126e-03 7.007e+00 8.287e-03 4.060e+03 0.000e+00
1.243e-03 6.910e+00 9.486e-03 3.227e+03 0.000e+00
1.372e-03 6.802e+00 1.081e-02 2.565e+03 0.000e+00
1.500e-03 6.692e+00 1.209e-02 2.085e+03 0.000e+00
1.515e-03 6.679e+00 1.224e-02 2.035e+03 0.000e+00
1.672e-03 6.538e+00 1.375e-02 1.602e+03 0.000e+00
1.846e-03 6.381e+00 1.535e-02 1.260e+03 0.000e+00
2.000e-03 6.243e+00 1.674e-02 1.038e+03 0.000e+00
2.038e-03 6.210e+00 1.707e-02 9.901e+02 0.000e+00
2.250e-03 6.026e+00 1.894e-02 7.735e+02 0.000e+00
2.483e-03 5.827e+00 2.094e-02 6.049e+02 0.000e+00
2.677e-03 5.664e+00 2.257e-02 5.015e+02 0.000e+00
2.677e-03 5.664e+00 2.257e-02 1.806e+03 0.000e+00
2.741e-03 5.611e+00 2.311e-02 1.686e+03 0.000e+00
2.793e-03 5.568e+00 2.354e-02 1.597e+03 0.000e+00
2.793e-03 5.568e+00 2.354e-02 2.218e+03 0.000e+00
3.000e-03 5.400e+00 2.524e-02 1.857e+03 0.000e+00
3.026e-03 5.380e+00 2.544e-02 1.819e+03 0.000e+00
3.043e-03 5.367e+00 2.558e-02 1.795e+03 0.000e+00
3.043e-03 5.367e+00 2.558e-02 2.054e+03 0.000e+00
3.341e-03 5.137e+00 2.793e-02 1.623e+03 0.000e+00
3.688e-03 4.886e+00 3.062e-02 1.265e+03 0.000e+00
4.000e-03 4.673e+00 3.297e-02 1.031e+03 0.000e+00
4.071e-03 4.627e+00 3.350e-02 9.857e+02 0.000e+00
4.494e-03 4.361e+00 3.656e-02 7.634e+02 0.000e+00
4.961e-03 4.091e+00 3.981e-02 5.913e+02 0.000e+00
5.000e-03 4.070e+00 4.007e-02 5.795e+02 0.000e+00
5.477e-03 3.822e+00 4.327e-02 4.557e+02 0.000e+00
6.000e-03 3.577e+00 4.663e-02 3.582e+02 0.000e+00
6.046e-03 3.557e+00 4.692e-02 3.510e+02 0.000e+00
6.675e-03 3.298e+00 5.074e-02 2.690e+02 0.000e+00
7.368e-03 3.047e+00 5.468e-02 2.063e+02 0.000e+00
8.000e-03 2.844e+00 5.803e-02 1.654e+02 0.000e+00
8.134e-03 2.804e+00 5.871e-02 1.581e+02 0.000e+00
8.979e-03 2.571e+00 6.279e-02 1.207e+02 0.000e+00
9.912e-03 2.347e+00 6.686e-02 9.212e+01 0.000e+00
1.000e-02 2.327e+00 6.723e-02 8.993e+01 0.000e+00
1.094e-02 2.130e+00 7.092e-02 7.008e+01 0.000e+00
1.208e-02 1.921e+00 7.496e-02 5.323e+01 0.000e+00
1.334e-02 1.720e+00 7.898e-02 4.041e+01 0.000e+00
1.472e-02 1.531e+00 8.295e-02 3.075e+01 0.000e+00
1.500e-02 1.497e+00 8.371e-02 2.919e+01 0.000e+00
1.625e-02 1.353e+00 8.693e-02 2.329e+01 0.000e+00
1.794e-02 1.188e+00 9.084e-02 1.763e+01 0.000e+00
1.980e-02 1.039e+00 9.460e-02 1.335e+01 0.000e+00
2.000e-02 1.025e+00 9.497e-02 1.298e+01 0.000e+00
2.104e-02 9.565e-01 9.681e-02 1.124e+01 0.000e+00
2.104e-02 9.565e-01 9.681e-02 7.375e+01 0.000e+00
2.186e-02 9.075e-01 9.818e-02 6.687e+01 0.000e+00
2.413e-02 7.902e-01 1.016e-01 5.181e+01 0.000e+00
2.664e-02 6.862e-01 1.049e-01 4.004e+01 0.000e+00
2.941e-02 5.949e-01 1.080e-01 3.083e+01 0.000e+00
3.000e-02 5.780e-01 1.086e-01 2.924e+01 0.000e+00
3.247e-02 5.151e-01 1.107e-01 2.362e+01 0.000e+00
3.584e-02 4.452e-01 1.131e-01 1.803e+01 0.000e+00
3.957e-02 3.833e-01 1.152e-01 1.372e+01 0.000e+00
4.000e-02 3.770e-01 1.155e-01 1.331e+01 0.000e+00
4.368e-02 3.285e-01 1.170e-01 1.042e+01 0.000e+00
4.822e-02 2.803e-01 1.185e-01 7.907e+00 0.000e+00
5.000e-02 2.642e-01 1.190e-01 7.141e+00 0.000e+00
5.323e-02 2.382e-01 1.196e-01 5.984e+00 0.000e+00
5.876e-02 2.018e-01 1.203e-01 4.518e+00 0.000e+00
6.000e-02 1.948e-01 1.204e-01 4.256e+00 0.000e+00
6.486e-02 1.706e-01 1.206e-01 3.406e+00 0.000e+00
7.161e-02 1.439e-01 1.205e-01 2.562e+00 0.000e+00
7.905e-02 1.213e-01 1.201e-01 1.926e+00 0.000e+00
8.000e-02 1.188e-01 1.201e-01 1.860e+00 0.000e+00
8.726e-02 1.021e-01 1.194e-01 1.445e+00 0.000e+00
9.633e-02 8.591e-02 1.183e-01 1.083e+00 0.000e+00
1.000e-01 8.045e-02 1.179e-01 9.706e-01 0.000e+00
1.063e-01 7.224e-02 1.170e-01 8.117e-01 0.000e+00
1.174e-01 6.057e-02 1.154e-01 6.067e-01 0.000e+00
1.296e-01 5.074e-02 1.135e-01 4.540e-01 0.000e+00
1.431e-01 4.242e-02 1.115e-01 3.394e-01 0.000e+00
1.500e-01 3.893e-02 1.104e-01 2.956e-01 0.000e+00
1.579e-01 3.544e-02 1.092e-01 2.543e-01 0.000e+00
1.743e-01 2.953e-02 1.068e-01 1.903e-01 0.000e+00
1.925e-01 2.455e-02 1.042e-01 1.424e-01 0.000e+00
2.000e-01 2.285e-02 1.031e-01 1.274e-01 0.000e+00
2.125e-01 2.039e-02 1.015e-01 1.068e-01 0.000e+00
2.345e-01 1.692e-02 9.867e-02 8.032e-02 0.000e+00
2.589e-01 1.402e-02 9.578e-02 6.047e-02 0.000e+00
2.858e-01 1.160e-02 9.281e-02 4.567e-02 0.000e+00
3.000e-01 1.057e-02 9.134e-02 3.984e-02 0.000e+00
3.155e-01 9.597e-03 8.980e-02 3.460e-02 0.000e+00
3.483e-01 7.931e-03 8.676e-02 2.632e-02 0.000e+00
3.845e-01 6.550e-03 8.370e-02 2.011e-02 0.000e+00
4.000e-01 6.067e-03 8.248e-02 1.808e-02 0.000e+00
4.245e-01 5.405e-03 8.065e-02 1.544e-02 0.000e+00
4.686e-01 4.458e-03 7.763e-02 1.192e-02 0.000e+00
5.000e-01 3.927e-03 7.566e-02 1.009e-02 0.000e+00
5.173e-01 3.674e-03 7.462e-02 9.262e-03 0.000e+00
5.710e-01 3.028e-03 7.165e-02 7.247e-03 0.000e+00
6.000e-01 2.747e-03 7.018e-02 6.421e-03 0.000e+00
6.304e-01 2.492e-03 6.873e-02 5.698e-03 0.000e+00
6.959e-01 2.051e-03 6.585e-02 4.511e-03 0.000e+00
7.682e-01 1.687e-03 6.303e-02 3.609e-03 0.000e+00
8.000e-01 1.557e-03 6.188e-02 3.305e-03 0.000e+00
8.480e-01 1.388e-03 6.024e-02 2.926e-03 0.000e+00
9.361e-01 1.141e-03 5.750e-02 2.381e-03 0.000e+00
1.000e+00 1.001e-03 5.570e-02 2.061e-03 0.000e+00
1.022e+00 9.583e-04 5.512e-02 1.961e-03 0.000e+00
1.033e+00 9.381e-04 5.483e-02 1.915e-03 3.422e-08
1.141e+00 7.698e-04 5.221e-02 1.565e-03 2.866e-05
1.250e+00 6.421e-04 4.986e-02 1.323e-03 1.396e-04
1.259e+00 6.331e-04 4.968e-02 1.306e-03 1.525e-04
1.390e+00 5.198e-04 4.720e-02 1.090e-03 3.939e-04
1.500e+00 4.466e-04 4.534e-02 9.497e-04 6.618e-04
1.535e+00 4.265e-04 4.479e-02 9.113e-04 7.574e-04
1.694e+00 3.502e-04 4.246e-02 7.667e-04 1.243e-03
1.870e+00 2.876e-04 4.021e-02 6.481e-04 1.855e-03
2.000e+00 2.516e-04 3.872e-02 5.799e-04 2.337e-03
2.044e+00 2.409e-04 3.825e-02 5.597e-04 2.503e-03
2.065e+00 2.361e-04 3.802e-02 5.505e-04 2.582e-03
2.279e+00 1.940e-04 3.593e-02 4.702e-04 3.404e-03
2.516e+00 1.592e-04 3.390e-02 4.031e-04 4.321e-03
2.778e+00 1.306e-04 3.194e-02 3.470e-04 5.324e-03
3.000e+00 1.119e-04 3.048e-02 3.097e-04 6.156e-03
3.066e+00 1.072e-04 3.007e-02 3.000e-04 6.398e-03
3.385e+00 8.793e-05 2.828e-02 2.602e-04 7.544e-03
3.737e+00 7.215e-05 2.657e-02 2.265e-04 8.753e-03
4.000e+00 6.298e-05 2.543e-02 2.062e-04 9.621e-03
4.125e+00 5.923e-05 2.493e-02 1.978e-04 1.002e-02
4.554e+00 4.860e-05 2.337e-02 1.731e-04 1.136e-02
5.000e+00 4.033e-05 2.196e-02 1.531e-04 1.266e-02
5.027e+00 3.989e-05 2.189e-02 1.520e-04 1.274e-02
5.549e+00 3.274e-05 2.048e-02 1.338e-04 1.415e-02
6.000e+00 2.800e-05 1.942e-02 1.212e-04 1.530e-02
6.126e+00 2.686e-05 1.914e-02 1.180e-04 1.561e-02
6.762e+00 2.205e-05 1.788e-02 1.044e-04 1.713e-02
7.000e+00 2.057e-05 1.745e-02 1.000e-04 1.767e-02
7.465e+00 1.809e-05 1.668e-02 9.244e-05 1.869e-02
8.000e+00 1.575e-05 1.588e-02 8.500e-05 1.980e-02
8.241e+00 1.485e-05 1.555e-02 8.203e-05 2.028e-02
9.000e+00 1.245e-05 1.460e-02 7.387e-05 2.175e-02
9.097e+00 1.218e-05 1.449e-02 7.294e-05 2.192e-02
1.000e+01 1.008e-05 1.353e-02 6.526e-05 2.352e-02
1.004e+01 1.000e-05 1.349e-02 6.496e-05 2.359e-02
1.100e+01 8.334e-06 1.262e-02 5.841e-05 2.516e-02
1.109e+01 8.199e-06 1.254e-02 5.786e-05 2.529e-02
1.200e+01 7.000e-06 1.183e-02 5.286e-05 2.665e-02
1.224e+01 6.728e-06 1.166e-02 5.168e-05 2.700e-02
1.300e+01 5.966e-06 1.115e-02 4.826e-05 2.804e-02
1.351e+01 5.525e-06 1.083e-02 4.620e-05 2.870e-02
1.400e+01 5.145e-06 1.055e-02 4.438e-05 2.932e-02
1.491e+01 4.536e-06 1.006e-02 4.136e-05 3.040e-02
1.500e+01 4.482e-06 1.001e-02 4.109e-05 3.050e-02
1.600e+01 3.939e-06 9.534e-03 3.824e-05 3.161e-02
1.646e+01 3.722e-06 9.330e-03 3.706e-05 3.209e-02
1.800e+01 3.112e-06 8.716e-03 3.358e-05 3.363e-02
1.818e+01 3.051e-06 8.650e-03 3.321e-05 3.381e-02
2.000e+01 2.521e-06 8.039e-03 2.992e-05 3.545e-02
