# TELLURIUM from NIST Database
6.240e+00 0.000e+00 0.000e+00 0.000e+00 0.000e+00
5.200e+01 1.000e+00 3.500e+00 0.000e+00 0.000e+00
0.000e+00 0.000e+00 0.000e+00 0.000e+00 0.000e+00
1.000e-03 8.052e+00 4.743e-03 8.424e+03 0.000e+00
1.006e-03 8.047e+00 4.790e-03 8.321e+03 0.000e+00
1.006e-03 8.047e+00 4.790e-03 8.675e+03 0.000e+00
1.020e-03 8.036e+00 4.901e-03 8.415e+03 0.000e+00
1.126e-03 7.949e+00 5.758e-03 6.769e+03 0.000e+00
1.243e-03 7.846e+00 6.736e-03 5.445e+03 0.000e+00
1.372e-03 7.729e+00 7.840e-03 4.381e+03 0.000e+00
1.500e-03 7.608e+00 8.948e-03 3.600e+03 0.000e+00
1.515e-03 7.594e+00 9.078e-03 3.516e+03 0.000e+00
1.672e-03 7.442e+00 1.044e-02 2.786e+03 0.000e+00
1.846e-03 7.272e+00 1.194e-02 2.205e+03 0.000e+00
2.000e-03 7.122e+00 1.326e-02 1.825e+03 0.000e+00
2.038e-03 7.085e+00 1.358e-02 1.742e+03 0.000e+00
2.250e-03 6.880e+00 1.536e-02 1.366e+03 0.000e+00
2.483e-03 6.660e+00 1.729e-02 1.072e+03 0.000e+00
2.741e-03 6.424e+00 1.935e-02 8.404e+02 0.000e+00
3.000e-03 6.197e+00 2.137e-02 6.730e+02 0.000e+00
3.026e-03 6.174e+00 2.156e-02 6.584e+02 0.000e+00
3.341e-03 5.912e+00 2.391e-02 5.121e+02 0.000e+00
3.688e-03 5.637e+00 2.636e-02 3.985e+02 0.000e+00
4.000e-03 5.404e+00 2.845e-02 3.243e+02 0.000e+00
4.071e-03 5.352e+00 2.892e-02 3.099e+02 0.000e+00
4.341e-03 5.163e+00 3.063e-02 2.626e+02 0.000e+00
4.341e-03 5.163e+00 3.063e-02 7.830e+02 0.000e+00
4.494e-03 5.062e+00 3.158e-02 7.313e+02 0.000e+00
4.612e-03 4.984e+00 3.231e-02 6.947e+02 0.000e+00
4.612e-03 4.984e+00 3.231e-02 9.397e+02 0.000e+00
4.773e-03 4.878e+00 3.327e-02 8.677e+02 0.000e+00
4.939e-03 4.771e+00 3.425e-02 8.014e+02 0.000e+00
4.939e-03 4.771e+00 3.425e-02 9.246e+02 0.000e+00
4.961e-03 4.758e+00 3.438e-02 9.144e+02 0.000e+00
5.000e-03 4.734e+00 3.461e-02 8.967e+02 0.000e+00
5.477e-03 4.453e+00 3.730e-02 7.136e+02 0.000e+00
6.000e-03 4.170e+00 4.011e-02 5.678e+02 0.000e+00
6.046e-03 4.146e+00 4.035e-02 5.565e+02 0.000e+00
6.675e-03 3.839e+00 4.356e-02 4.292e+02 0.000e+00
7.368e-03 3.536e+00 4.692e-02 3.312e+02 0.000e+00
8.000e-03 3.290e+00 4.984e-02 2.668e+02 0.000e+00
8.134e-03 3.241e+00 5.044e-02 2.553e+02 0.000e+00
8.979e-03 2.960e+00 5.411e-02 1.963e+02 0.000e+00
9.912e-03 2.694e+00 5.790e-02 1.509e+02 0.000e+00
1.000e-02 2.671e+00 5.824e-02 1.474e+02 0.000e+00
1.094e-02 2.447e+00 6.176e-02 1.154e+02 0.000e+00
1.208e-02 2.215e+00 6.570e-02 8.817e+01 0.000e+00
1.334e-02 1.999e+00 6.963e-02 6.732e+01 0.000e+00
1.472e-02 1.797e+00 7.347e-02 5.151e+01 0.000e+00
1.500e-02 1.760e+00 7.419e-02 4.894e+01 0.000e+00
1.625e-02 1.608e+00 7.721e-02 3.922e+01 0.000e+00
1.794e-02 1.431e+00 8.082e-02 2.983e+01 0.000e+00
1.980e-02 1.265e+00 8.428e-02 2.270e+01 0.000e+00
2.000e-02 1.248e+00 8.462e-02 2.208e+01 0.000e+00
2.186e-02 1.109e+00 8.761e-02 1.720e+01 0.000e+00
2.413e-02 9.675e-01 9.078e-02 1.304e+01 0.000e+00
2.664e-02 8.400e-01 9.374e-02 9.874e+00 0.000e+00
2.941e-02 7.277e-01 9.647e-02 7.480e+00 0.000e+00
3.000e-02 7.070e-01 9.699e-02 7.075e+00 0.000e+00
3.181e-02 6.489e-01 9.845e-02 5.989e+00 0.000e+00
3.181e-02 6.489e-01 9.845e-02 3.645e+01 0.000e+00
3.247e-02 6.298e-01 9.894e-02 3.458e+01 0.000e+00
3.584e-02 5.439e-01 1.012e-01 2.678e+01 0.000e+00
3.957e-02 4.686e-01 1.033e-01 2.066e+01 0.000e+00
4.000e-02 4.610e-01 1.035e-01 2.008e+01 0.000e+00
4.368e-02 4.033e-01 1.051e-01 1.588e+01 0.000e+00
4.822e-02 3.464e-01 1.065e-01 1.216e+01 0.000e+00
5.000e-02 3.273e-01 1.070e-01 1.102e+01 0.000e+00
5.323e-02 2.964e-01 1.077e-01 9.288e+00 0.000e+00
5.876e-02 2.526e-01 1.086e-01 7.084e+00 0.000e+00
6.000e-02 2.440e-01 1.087e-01 6.688e+00 0.000e+00
6.486e-02 2.144e-01 1.091e-01 5.391e+00 0.000e+00
7.161e-02 1.813e-01 1.093e-01 4.090e+00 0.000e+00
7.905e-02 1.530e-01 1.091e-01 3.099e+00 0.000e+00
8.000e-02 1.498e-01 1.091e-01 2.996e+00 0.000e+00
8.726e-02 1.288e-01 1.086e-01 2.344e+00 0.000e+00
9.633e-02 1.084e-01 1.079e-01 1.771e+00 0.000e+00
1.000e-01 1.015e-01 1.075e-01 1.592e+00 0.000e+00
1.063e-01 9.112e-02 1.068e-01 1.337e+00 0.000e+00
1.174e-01 7.644e-02 1.055e-01 1.007e+00 0.000e+00
1.296e-01 6.411e-02 1.039e-01 7.587e-01 0.000e+00
1.431e-01 5.368e-02 1.021e-01 5.710e-01 0.000e+00
1.500e-01 4.932e-02 1.012e-01 4.989e-01 0.000e+00
1.579e-01 4.495e-02 1.002e-01 4.305e-01 0.000e+00
1.743e-01 3.755e-02 9.807e-02 3.243e-01 0.000e+00
1.925e-01 3.130e-02 9.578e-02 2.441e-01 0.000e+00
2.000e-01 2.916e-02 9.486e-02 2.188e-01 0.000e+00
2.125e-01 2.606e-02 9.337e-02 1.842e-01 0.000e+00
2.345e-01 2.167e-02 9.085e-02 1.393e-01 0.000e+00
2.589e-01 1.798e-02 8.824e-02 1.055e-01 0.000e+00
2.858e-01 1.491e-02 8.557e-02 8.008e-02 0.000e+00
3.000e-01 1.359e-02 8.424e-02 7.004e-02 0.000e+00
3.155e-01 1.235e-02 8.286e-02 6.099e-02 0.000e+00
3.483e-01 1.022e-02 8.012e-02 4.662e-02 0.000e+00
3.845e-01 8.446e-03 7.737e-02 3.579e-02 0.000e+00
4.000e-01 7.825e-03 7.627e-02 3.224e-02 0.000e+00
4.245e-01 6.974e-03 7.460e-02 2.759e-02 0.000e+00
4.686e-01 5.756e-03 7.184e-02 2.139e-02 0.000e+00
5.000e-01 5.074e-03 7.004e-02 1.817e-02 0.000e+00
5.173e-01 4.748e-03 6.910e-02 1.669e-02 0.000e+00
5.710e-01 3.917e-03 6.638e-02 1.311e-02 0.000e+00
6.000e-01 3.556e-03 6.504e-02 1.163e-02 0.000e+00
6.304e-01 3.228e-03 6.370e-02 1.033e-02 0.000e+00
6.959e-01 2.659e-03 6.105e-02 8.196e-03 0.000e+00
7.682e-01 2.189e-03 5.842e-02 6.565e-03 0.000e+00
8.000e-01 2.021e-03 5.734e-02 6.017e-03 0.000e+00
8.480e-01 1.801e-03 5.580e-02 5.330e-03 0.000e+00
9.361e-01 1.482e-03 5.325e-02 4.343e-03 0.000e+00
1.000e+00 1.300e-03 5.163e-02 3.759e-03 0.000e+00
1.022e+00 1.245e-03 5.111e-02 3.577e-03 0.000e+00
1.033e+00 1.219e-03 5.086e-02 3.493e-03 4.457e-08
1.141e+00 1.001e-03 4.844e-02 2.855e-03 3.691e-05
1.250e+00 8.354e-04 4.623e-02 2.413e-03 1.779e-04
1.259e+00 8.235e-04 4.606e-02 2.381e-03 1.942e-04
1.390e+00 6.762e-04 4.376e-02 1.985e-03 4.955e-04
1.500e+00 5.810e-04 4.205e-02 1.727e-03 8.240e-04
1.535e+00 5.549e-04 4.154e-02 1.657e-03 9.399e-04
1.694e+00 4.561e-04 3.939e-02 1.393e-03 1.520e-03
1.870e+00 3.746e-04 3.729e-02 1.177e-03 2.235e-03
2.000e+00 3.276e-04 3.592e-02 1.052e-03 2.792e-03
2.044e+00 3.137e-04 3.548e-02 1.014e-03 2.983e-03
2.065e+00 3.074e-04 3.527e-02 9.973e-04 3.075e-03
2.279e+00 2.525e-04 3.333e-02 8.500e-04 4.011e-03
2.516e+00 2.072e-04 3.145e-02 7.277e-04 5.042e-03
2.778e+00 1.700e-04 2.963e-02 6.256e-04 6.159e-03
3.000e+00 1.458e-04 2.827e-02 5.578e-04 7.080e-03
3.066e+00 1.396e-04 2.790e-02 5.402e-04 7.348e-03
3.385e+00 1.146e-04 2.623e-02 4.679e-04 8.614e-03
3.737e+00 9.401e-05 2.464e-02 4.065e-04 9.947e-03
4.000e+00 8.207e-05 2.359e-02 3.697e-04 1.090e-02
4.125e+00 7.718e-05 2.313e-02 3.544e-04 1.134e-02
4.554e+00 6.336e-05 2.168e-02 3.098e-04 1.279e-02
5.000e+00 5.258e-05 2.038e-02 2.735e-04 1.421e-02
5.027e+00 5.201e-05 2.031e-02 2.716e-04 1.429e-02
5.549e+00 4.268e-05 1.900e-02 2.387e-04 1.582e-02
6.000e+00 3.650e-05 1.801e-02 2.159e-04 1.707e-02
6.126e+00 3.501e-05 1.776e-02 2.102e-04 1.741e-02
6.762e+00 2.874e-05 1.659e-02 1.856e-04 1.904e-02
7.000e+00 2.682e-05 1.619e-02 1.778e-04 1.962e-02
7.465e+00 2.358e-05 1.548e-02 1.642e-04 2.072e-02
8.000e+00 2.053e-05 1.474e-02 1.509e-04 2.192e-02
8.241e+00 1.935e-05 1.443e-02 1.455e-04 2.244e-02
9.000e+00 1.623e-05 1.355e-02 1.309e-04 2.401e-02
9.097e+00 1.588e-05 1.345e-02 1.292e-04 2.420e-02
1.000e+01 1.314e-05 1.255e-02 1.155e-04 2.592e-02
1.004e+01 1.304e-05 1.252e-02 1.149e-04 2.600e-02
1.100e+01 1.086e-05 1.171e-02 1.033e-04 2.768e-02
1.109e+01 1.068e-05 1.164e-02 1.023e-04 2.783e-02
1.200e+01 9.128e-06 1.098e-02 9.340e-05 2.931e-02
1.224e+01 8.774e-06 1.082e-02 9.129e-05 2.969e-02
1.300e+01 7.778e-06 1.035e-02 8.519e-05 3.083e-02
1.351e+01 7.202e-06 1.005e-02 8.156e-05 3.156e-02
1.400e+01 6.706e-06 9.788e-03 7.834e-05 3.223e-02
1.491e+01 5.914e-06 9.335e-03 7.294e-05 3.342e-02
1.500e+01 5.843e-06 9.293e-03 7.244e-05 3.353e-02
1.600e+01 5.135e-06 8.849e-03 6.740e-05 3.473e-02
1.646e+01 4.852e-06 8.660e-03 6.530e-05 3.526e-02
1.800e+01 4.056e-06 8.085e-03 5.914e-05 3.694e-02
1.818e+01 3.976e-06 8.023e-03 5.849e-05 3.712e-02
2.000e+01 3.286e-06 7.457e-03 5.267e-05 3.891e-02
