# TERPHENYL from NIST Database
1.234e+00 0.000e+00 0.000e+00 0.000e+00 0.000e+00
1.000e+00 4.419e-02 3.500e+00 0.000e+00 0.000e+00
6.000e+00 7.956e-02 3.500e+00 0.000e+00 0.000e+00
0.000e+00 0.000e+00 0.000e+00 0.000e+00 0.000e+00
1.000e-03 1.046e+00 1.431e-02 2.111e+03 0.000e+00
1.020e-03 1.041e+00 1.481e-02 1.997e+03 0.000e+00
1.126e-03 1.016e+00 1.757e-02 1.512e+03 0.000e+00
1.243e-03 9.892e-01 2.080e-02 1.143e+03 0.000e+00
1.372e-03 9.596e-01 2.453e-02 8.632e+02 0.000e+00
1.500e-03 9.292e-01 2.835e-02 6.684e+02 0.000e+00
1.515e-03 9.256e-01 2.880e-02 6.494e+02 0.000e+00
1.672e-03 8.869e-01 3.355e-02 4.879e+02 0.000e+00
1.846e-03 8.436e-01 3.884e-02 3.651e+02 0.000e+00
2.000e-03 8.058e-01 4.349e-02 2.883e+02 0.000e+00
2.038e-03 7.966e-01 4.463e-02 2.727e+02 0.000e+00
2.250e-03 7.465e-01 5.091e-02 2.033e+02 0.000e+00
2.483e-03 6.946e-01 5.761e-02 1.514e+02 0.000e+00
2.741e-03 6.415e-01 6.469e-02 1.125e+02 0.000e+00
3.000e-03 5.928e-01 7.139e-02 8.566e+01 0.000e+00
3.026e-03 5.881e-01 7.204e-02 8.345e+01 0.000e+00
3.341e-03 5.354e-01 7.956e-02 6.176e+01 0.000e+00
3.688e-03 4.845e-01 8.708e-02 4.566e+01 0.000e+00
4.000e-03 4.447e-01 9.316e-02 3.558e+01 0.000e+00
4.071e-03 4.364e-01 9.446e-02 3.370e+01 0.000e+00
4.494e-03 3.914e-01 1.016e-01 2.483e+01 0.000e+00
4.961e-03 3.502e-01 1.083e-01 1.827e+01 0.000e+00
5.000e-03 3.470e-01 1.088e-01 1.783e+01 0.000e+00
5.477e-03 3.126e-01 1.147e-01 1.341e+01 0.000e+00
6.000e-03 2.814e-01 1.201e-01 1.008e+01 0.000e+00
6.046e-03 2.789e-01 1.206e-01 9.836e+00 0.000e+00
6.675e-03 2.488e-01 1.261e-01 7.200e+00 0.000e+00
7.368e-03 2.220e-01 1.312e-01 5.265e+00 0.000e+00
8.000e-03 2.019e-01 1.352e-01 4.053e+00 0.000e+00
8.134e-03 1.981e-01 1.359e-01 3.844e+00 0.000e+00
8.979e-03 1.768e-01 1.405e-01 2.802e+00 0.000e+00
9.912e-03 1.576e-01 1.448e-01 2.041e+00 0.000e+00
1.000e-02 1.559e-01 1.451e-01 1.983e+00 0.000e+00
1.094e-02 1.402e-01 1.489e-01 1.485e+00 0.000e+00
1.208e-02 1.243e-01 1.528e-01 1.078e+00 0.000e+00
1.334e-02 1.097e-01 1.565e-01 7.817e-01 0.000e+00
1.472e-02 9.644e-02 1.599e-01 5.675e-01 0.000e+00
1.500e-02 9.403e-02 1.605e-01 5.337e-01 0.000e+00
1.625e-02 8.424e-02 1.631e-01 4.109e-01 0.000e+00
1.794e-02 7.313e-02 1.659e-01 2.972e-01 0.000e+00
1.980e-02 6.315e-02 1.684e-01 2.150e-01 0.000e+00
2.000e-02 6.219e-02 1.686e-01 2.080e-01 0.000e+00
2.186e-02 5.420e-02 1.704e-01 1.552e-01 0.000e+00
2.413e-02 4.631e-02 1.720e-01 1.120e-01 0.000e+00
2.664e-02 3.939e-02 1.731e-01 8.080e-02 0.000e+00
2.941e-02 3.339e-02 1.738e-01 5.823e-02 0.000e+00
3.000e-02 3.228e-02 1.739e-01 5.452e-02 0.000e+00
3.247e-02 2.821e-02 1.740e-01 4.193e-02 0.000e+00
3.584e-02 2.379e-02 1.739e-01 3.020e-02 0.000e+00
3.957e-02 1.999e-02 1.733e-01 2.172e-02 0.000e+00
4.000e-02 1.962e-02 1.732e-01 2.095e-02 0.000e+00
4.368e-02 1.677e-02 1.724e-01 1.563e-02 0.000e+00
4.822e-02 1.404e-02 1.711e-01 1.124e-02 0.000e+00
5.000e-02 1.315e-02 1.706e-01 9.960e-03 0.000e+00
5.323e-02 1.173e-02 1.695e-01 8.082e-03 0.000e+00
5.876e-02 9.775e-03 1.676e-01 5.810e-03 0.000e+00
6.000e-02 9.404e-03 1.672e-01 5.418e-03 0.000e+00
6.486e-02 8.135e-03 1.655e-01 4.177e-03 0.000e+00
7.161e-02 6.755e-03 1.631e-01 3.001e-03 0.000e+00
7.905e-02 5.602e-03 1.604e-01 2.157e-03 0.000e+00
8.000e-02 5.476e-03 1.601e-01 2.073e-03 0.000e+00
8.726e-02 4.637e-03 1.575e-01 1.551e-03 0.000e+00
9.633e-02 3.833e-03 1.544e-01 1.116e-03 0.000e+00
1.000e-01 3.566e-03 1.532e-01 9.855e-04 0.000e+00
1.063e-01 3.168e-03 1.511e-01 8.045e-04 0.000e+00
1.174e-01 2.611e-03 1.477e-01 5.790e-04 0.000e+00
1.296e-01 2.152e-03 1.441e-01 4.178e-04 0.000e+00
1.431e-01 1.772e-03 1.404e-01 3.017e-04 0.000e+00
1.500e-01 1.615e-03 1.386e-01 2.586e-04 0.000e+00
1.579e-01 1.460e-03 1.366e-01 2.186e-04 0.000e+00
1.743e-01 1.201e-03 1.328e-01 1.585e-04 0.000e+00
1.925e-01 9.867e-04 1.288e-01 1.149e-04 0.000e+00
2.000e-01 9.147e-04 1.273e-01 1.016e-04 0.000e+00
2.125e-01 8.111e-04 1.248e-01 8.367e-05 0.000e+00
2.345e-01 6.671e-04 1.208e-01 6.118e-05 0.000e+00
2.589e-01 5.480e-04 1.168e-01 4.484e-05 0.000e+00
2.858e-01 4.502e-04 1.128e-01 3.303e-05 0.000e+00
3.000e-01 4.088e-04 1.109e-01 2.848e-05 0.000e+00
3.155e-01 3.697e-04 1.088e-01 2.445e-05 0.000e+00
3.483e-01 3.036e-04 1.049e-01 1.819e-05 0.000e+00
3.845e-01 2.492e-04 1.010e-01 1.362e-05 0.000e+00
4.000e-01 2.303e-04 9.940e-02 1.215e-05 0.000e+00
4.245e-01 2.046e-04 9.709e-02 1.025e-05 0.000e+00
4.686e-01 1.680e-04 9.328e-02 7.784e-06 0.000e+00
5.000e-01 1.476e-04 9.081e-02 6.535e-06 0.000e+00
5.173e-01 1.379e-04 8.953e-02 5.974e-06 0.000e+00
5.710e-01 1.132e-04 8.583e-02 4.623e-06 0.000e+00
6.000e-01 1.025e-04 8.401e-02 4.063e-06 0.000e+00
6.304e-01 9.288e-05 8.221e-02 3.567e-06 0.000e+00
6.959e-01 7.622e-05 7.868e-02 2.767e-06 0.000e+00
7.682e-01 6.255e-05 7.521e-02 2.212e-06 0.000e+00
8.000e-01 5.768e-05 7.380e-02 2.049e-06 0.000e+00
8.480e-01 5.134e-05 7.180e-02 1.863e-06 0.000e+00
9.361e-01 4.213e-05 6.849e-02 1.549e-06 0.000e+00
1.000e+00 3.692e-05 6.637e-02 1.274e-06 0.000e+00
1.022e+00 3.535e-05 6.569e-02 1.175e-06 0.000e+00
1.033e+00 3.460e-05 6.535e-02 1.132e-06 2.705e-09
1.141e+00 2.837e-05 6.221e-02 9.026e-07 2.575e-06
1.250e+00 2.363e-05 5.935e-02 7.977e-07 1.396e-05
1.259e+00 2.330e-05 5.913e-02 7.894e-07 1.536e-05
1.390e+00 1.911e-05 5.617e-02 6.672e-07 4.360e-05
1.500e+00 1.641e-05 5.396e-02 5.792e-07 7.753e-05
1.535e+00 1.567e-05 5.330e-02 5.558e-07 9.002e-05
1.694e+00 1.287e-05 5.052e-02 4.714e-07 1.553e-04
1.870e+00 1.056e-05 4.781e-02 4.046e-07 2.404e-04
2.000e+00 9.233e-06 4.603e-02 3.656e-07 3.092e-04
2.044e+00 8.839e-06 4.547e-02 3.537e-07 3.333e-04
2.065e+00 8.660e-06 4.521e-02 3.483e-07 3.449e-04
2.279e+00 7.109e-06 4.271e-02 3.011e-07 4.667e-04
2.516e+00 5.833e-06 4.029e-02 2.613e-07 6.064e-04
2.778e+00 4.786e-06 3.796e-02 2.277e-07 7.638e-04
3.000e+00 4.104e-06 3.622e-02 2.051e-07 8.980e-04
3.066e+00 3.930e-06 3.574e-02 1.992e-07 9.378e-04
3.385e+00 3.224e-06 3.360e-02 1.748e-07 1.130e-03
3.737e+00 2.645e-06 3.156e-02 1.539e-07 1.338e-03
4.000e+00 2.309e-06 3.021e-02 1.412e-07 1.489e-03
4.125e+00 2.171e-06 2.962e-02 1.358e-07 1.560e-03
4.554e+00 1.781e-06 2.776e-02 1.202e-07 1.796e-03
5.000e+00 1.478e-06 2.609e-02 1.073e-07 2.032e-03
5.027e+00 1.462e-06 2.600e-02 1.066e-07 2.047e-03
5.549e+00 1.200e-06 2.432e-02 9.467e-08 2.311e-03
6.000e+00 1.026e-06 2.306e-02 8.633e-08 2.530e-03
6.126e+00 9.844e-07 2.273e-02 8.425e-08 2.589e-03
6.762e+00 8.077e-07 2.123e-02 7.513e-08 2.877e-03
7.000e+00 7.537e-07 2.073e-02 7.220e-08 2.979e-03
7.465e+00 6.628e-07 1.981e-02 6.707e-08 3.175e-03
8.000e+00 5.773e-07 1.886e-02 6.199e-08 3.389e-03
8.241e+00 5.440e-07 1.847e-02 5.995e-08 3.483e-03
9.000e+00 4.560e-07 1.734e-02 5.433e-08 3.763e-03
9.097e+00 4.464e-07 1.721e-02 5.368e-08 3.798e-03
1.000e+01 3.694e-07 1.606e-02 4.834e-08 4.106e-03
1.004e+01 3.664e-07 1.602e-02 4.813e-08 4.119e-03
1.100e+01 3.053e-07 1.499e-02 4.350e-08 4.420e-03
1.109e+01 3.004e-07 1.490e-02 4.312e-08 4.447e-03
1.200e+01 2.565e-07 1.405e-02 3.956e-08 4.709e-03
1.224e+01 2.466e-07 1.385e-02 3.872e-08 4.775e-03
1.300e+01 2.186e-07 1.324e-02 3.627e-08 4.979e-03
1.351e+01 2.024e-07 1.286e-02 3.479e-08 5.110e-03
1.400e+01 1.885e-07 1.253e-02 3.348e-08 5.231e-03
1.491e+01 1.662e-07 1.195e-02 3.129e-08 5.445e-03
1.500e+01 1.642e-07 1.189e-02 3.109e-08 5.466e-03
1.600e+01 1.443e-07 1.132e-02 2.902e-08 5.691e-03
1.646e+01 1.363e-07 1.108e-02 2.816e-08 5.790e-03
1.800e+01 1.140e-07 1.035e-02 2.561e-08 6.098e-03
1.818e+01 1.118e-07 1.027e-02 2.534e-08 6.133e-03
2.000e+01 9.233e-08 9.542e-03 2.291e-08 6.467e-03
