# TETRACHLOROETHYLENE from NIST Database
1.625e+00 0.000e+00 0.000e+00 0.000e+00 0.000e+00
6.000e+00 1.206e-02 3.500e+00 0.000e+00 0.000e+00
1.700e+01 2.412e-02 3.500e+00 0.000e+00 0.000e+00
0.000e+00 0.000e+00 0.000e+00 0.000e+00 0.000e+00
1.000e-03 2.751e+00 9.146e-03 2.739e+03 0.000e+00
1.020e-03 2.741e+00 9.465e-03 2.599e+03 0.000e+00
1.126e-03 2.694e+00 1.123e-02 2.000e+03 0.000e+00
1.243e-03 2.644e+00 1.329e-02 1.539e+03 0.000e+00
1.372e-03 2.588e+00 1.567e-02 1.184e+03 0.000e+00
1.500e-03 2.530e+00 1.809e-02 9.345e+02 0.000e+00
1.515e-03 2.523e+00 1.838e-02 9.097e+02 0.000e+00
1.672e-03 2.448e+00 2.140e-02 6.962e+02 0.000e+00
1.846e-03 2.362e+00 2.475e-02 5.321e+02 0.000e+00
2.000e-03 2.285e+00 2.770e-02 4.281e+02 0.000e+00
2.038e-03 2.266e+00 2.843e-02 4.064e+02 0.000e+00
2.250e-03 2.162e+00 3.242e-02 3.094e+02 0.000e+00
2.483e-03 2.052e+00 3.670e-02 2.357e+02 0.000e+00
2.741e-03 1.938e+00 4.126e-02 1.794e+02 0.000e+00
2.822e-03 1.904e+00 4.265e-02 1.655e+02 0.000e+00
2.822e-03 1.904e+00 4.265e-02 1.413e+03 0.000e+00
3.000e-03 1.832e+00 4.561e-02 1.271e+03 0.000e+00
3.026e-03 1.822e+00 4.604e-02 1.250e+03 0.000e+00
3.341e-03 1.702e+00 5.100e-02 9.954e+02 0.000e+00
3.688e-03 1.583e+00 5.608e-02 7.610e+02 0.000e+00
4.000e-03 1.488e+00 6.030e-02 6.057e+02 0.000e+00
4.071e-03 1.467e+00 6.122e-02 5.771e+02 0.000e+00
4.494e-03 1.356e+00 6.634e-02 4.433e+02 0.000e+00
4.961e-03 1.251e+00 7.139e-02 3.421e+02 0.000e+00
5.000e-03 1.243e+00 7.179e-02 3.351e+02 0.000e+00
5.477e-03 1.151e+00 7.635e-02 2.623e+02 0.000e+00
6.000e-03 1.065e+00 8.082e-02 2.043e+02 0.000e+00
6.046e-03 1.058e+00 8.119e-02 2.001e+02 0.000e+00
6.675e-03 9.710e-01 8.596e-02 1.522e+02 0.000e+00
7.368e-03 8.888e-01 9.065e-02 1.155e+02 0.000e+00
8.000e-03 8.235e-01 9.454e-02 9.168e+01 0.000e+00
8.134e-03 8.106e-01 9.533e-02 8.748e+01 0.000e+00
8.979e-03 7.359e-01 1.000e-01 6.608e+01 0.000e+00
9.912e-03 6.638e-01 1.047e-01 4.979e+01 0.000e+00
1.000e-02 6.575e-01 1.051e-01 4.854e+01 0.000e+00
1.094e-02 5.945e-01 1.094e-01 3.745e+01 0.000e+00
1.208e-02 5.280e-01 1.140e-01 2.807e+01 0.000e+00
1.334e-02 4.656e-01 1.185e-01 2.100e+01 0.000e+00
1.472e-02 4.082e-01 1.229e-01 1.571e+01 0.000e+00
1.500e-02 3.978e-01 1.237e-01 1.485e+01 0.000e+00
1.625e-02 3.556e-01 1.270e-01 1.171e+01 0.000e+00
1.794e-02 3.081e-01 1.309e-01 8.715e+00 0.000e+00
1.980e-02 2.661e-01 1.344e-01 6.480e+00 0.000e+00
2.000e-02 2.621e-01 1.347e-01 6.286e+00 0.000e+00
2.186e-02 2.291e-01 1.375e-01 4.805e+00 0.000e+00
2.413e-02 1.970e-01 1.401e-01 3.559e+00 0.000e+00
2.664e-02 1.690e-01 1.424e-01 2.631e+00 0.000e+00
2.941e-02 1.447e-01 1.443e-01 1.942e+00 0.000e+00
3.000e-02 1.403e-01 1.446e-01 1.827e+00 0.000e+00
3.247e-02 1.238e-01 1.457e-01 1.431e+00 0.000e+00
3.584e-02 1.057e-01 1.468e-01 1.054e+00 0.000e+00
3.957e-02 9.009e-02 1.476e-01 7.744e-01 0.000e+00
4.000e-02 8.852e-02 1.476e-01 7.488e-01 0.000e+00
4.368e-02 7.660e-02 1.480e-01 5.689e-01 0.000e+00
4.822e-02 6.495e-02 1.480e-01 4.174e-01 0.000e+00
5.000e-02 6.109e-02 1.479e-01 3.725e-01 0.000e+00
5.323e-02 5.491e-02 1.477e-01 3.059e-01 0.000e+00
5.876e-02 4.628e-02 1.470e-01 2.240e-01 0.000e+00
6.000e-02 4.462e-02 1.469e-01 2.097e-01 0.000e+00
6.486e-02 3.890e-02 1.460e-01 1.639e-01 0.000e+00
7.161e-02 3.259e-02 1.447e-01 1.198e-01 0.000e+00
7.905e-02 2.726e-02 1.431e-01 8.759e-02 0.000e+00
8.000e-02 2.667e-02 1.429e-01 8.433e-02 0.000e+00
8.726e-02 2.275e-02 1.412e-01 6.399e-02 0.000e+00
9.633e-02 1.895e-02 1.390e-01 4.673e-02 0.000e+00
1.000e-01 1.768e-02 1.381e-01 4.149e-02 0.000e+00
1.063e-01 1.578e-02 1.365e-01 3.416e-02 0.000e+00
1.174e-01 1.310e-02 1.338e-01 2.492e-02 0.000e+00
1.296e-01 1.087e-02 1.310e-01 1.821e-02 0.000e+00
1.431e-01 9.008e-03 1.279e-01 1.330e-02 0.000e+00
1.500e-01 8.235e-03 1.264e-01 1.146e-02 0.000e+00
1.579e-01 7.466e-03 1.247e-01 9.750e-03 0.000e+00
1.743e-01 6.177e-03 1.214e-01 7.145e-03 0.000e+00
1.925e-01 5.101e-03 1.180e-01 5.237e-03 0.000e+00
2.000e-01 4.737e-03 1.167e-01 4.649e-03 0.000e+00
2.125e-01 4.212e-03 1.145e-01 3.852e-03 0.000e+00
2.345e-01 3.477e-03 1.110e-01 2.843e-03 0.000e+00
2.589e-01 2.866e-03 1.074e-01 2.102e-03 0.000e+00
2.858e-01 2.361e-03 1.038e-01 1.561e-03 0.000e+00
3.000e-01 2.146e-03 1.020e-01 1.351e-03 0.000e+00
3.155e-01 1.944e-03 1.002e-01 1.164e-03 0.000e+00
3.483e-01 1.599e-03 9.662e-02 8.724e-04 0.000e+00
3.845e-01 1.315e-03 9.306e-02 6.572e-04 0.000e+00
4.000e-01 1.216e-03 9.165e-02 5.878e-04 0.000e+00
4.245e-01 1.081e-03 8.954e-02 4.979e-04 0.000e+00
4.686e-01 8.887e-04 8.606e-02 3.800e-04 0.000e+00
5.000e-01 7.813e-04 8.381e-02 3.197e-04 0.000e+00
5.173e-01 7.302e-04 8.263e-02 2.925e-04 0.000e+00
5.710e-01 6.000e-04 7.926e-02 2.269e-04 0.000e+00
6.000e-01 5.437e-04 7.759e-02 2.002e-04 0.000e+00
6.304e-01 4.927e-04 7.594e-02 1.768e-04 0.000e+00
6.959e-01 4.047e-04 7.269e-02 1.388e-04 0.000e+00
7.682e-01 3.323e-04 6.950e-02 1.106e-04 0.000e+00
8.000e-01 3.065e-04 6.821e-02 1.015e-04 0.000e+00
8.480e-01 2.729e-04 6.638e-02 9.022e-05 0.000e+00
9.361e-01 2.240e-04 6.334e-02 7.371e-05 0.000e+00
1.000e+00 1.963e-04 6.136e-02 6.310e-05 0.000e+00
1.022e+00 1.879e-04 6.071e-02 5.966e-05 0.000e+00
1.033e+00 1.840e-04 6.039e-02 5.810e-05 7.861e-09
1.141e+00 1.508e-04 5.748e-02 4.728e-05 7.256e-06
1.250e+00 1.257e-04 5.488e-02 4.042e-05 3.836e-05
1.259e+00 1.239e-04 5.468e-02 3.992e-05 4.214e-05
1.390e+00 1.017e-04 5.194e-02 3.349e-05 1.171e-04
1.500e+00 8.734e-05 4.989e-02 2.923e-05 2.058e-04
1.535e+00 8.340e-05 4.927e-02 2.807e-05 2.383e-04
1.694e+00 6.849e-05 4.669e-02 2.375e-05 4.074e-04
1.870e+00 5.621e-05 4.420e-02 2.022e-05 6.274e-04
2.000e+00 4.914e-05 4.257e-02 1.817e-05 8.054e-04
2.044e+00 4.705e-05 4.206e-02 1.756e-05 8.679e-04
2.065e+00 4.610e-05 4.182e-02 1.728e-05 8.979e-04
2.279e+00 3.785e-05 3.952e-02 1.485e-05 1.211e-03
2.516e+00 3.105e-05 3.728e-02 1.283e-05 1.565e-03
2.778e+00 2.547e-05 3.512e-02 1.112e-05 1.958e-03
3.000e+00 2.184e-05 3.350e-02 9.987e-06 2.290e-03
3.066e+00 2.091e-05 3.305e-02 9.690e-06 2.388e-03
3.385e+00 1.716e-05 3.107e-02 8.464e-06 2.855e-03
3.737e+00 1.408e-05 2.919e-02 7.416e-06 3.356e-03
4.000e+00 1.229e-05 2.794e-02 6.783e-06 3.720e-03
4.125e+00 1.156e-05 2.739e-02 6.518e-06 3.888e-03
4.554e+00 9.483e-06 2.568e-02 5.743e-06 4.450e-03
5.000e+00 7.867e-06 2.413e-02 5.108e-06 5.007e-03
5.027e+00 7.782e-06 2.404e-02 5.073e-06 5.040e-03
5.549e+00 6.387e-06 2.249e-02 4.491e-06 5.658e-03
6.000e+00 5.463e-06 2.133e-02 4.085e-06 6.165e-03
6.126e+00 5.241e-06 2.103e-02 3.984e-06 6.303e-03
6.762e+00 4.302e-06 1.964e-02 3.541e-06 6.966e-03
7.000e+00 4.014e-06 1.917e-02 3.400e-06 7.203e-03
7.465e+00 3.529e-06 1.833e-02 3.153e-06 7.651e-03
8.000e+00 3.072e-06 1.745e-02 2.909e-06 8.140e-03
8.241e+00 2.895e-06 1.708e-02 2.811e-06 8.353e-03
9.000e+00 2.428e-06 1.604e-02 2.540e-06 8.992e-03
9.097e+00 2.376e-06 1.592e-02 2.509e-06 9.071e-03
1.000e+01 1.966e-06 1.486e-02 2.254e-06 9.768e-03
1.004e+01 1.950e-06 1.482e-02 2.244e-06 9.796e-03
1.100e+01 1.625e-06 1.386e-02 2.026e-06 1.047e-02
1.109e+01 1.599e-06 1.378e-02 2.007e-06 1.054e-02
1.200e+01 1.366e-06 1.300e-02 1.838e-06 1.112e-02
1.224e+01 1.313e-06 1.281e-02 1.798e-06 1.127e-02
1.300e+01 1.164e-06 1.225e-02 1.683e-06 1.172e-02
1.351e+01 1.078e-06 1.190e-02 1.614e-06 1.201e-02
1.400e+01 1.003e-06 1.159e-02 1.552e-06 1.228e-02
1.491e+01 8.847e-07 1.105e-02 1.449e-06 1.276e-02
1.500e+01 8.741e-07 1.100e-02 1.439e-06 1.280e-02
1.600e+01 7.683e-07 1.048e-02 1.342e-06 1.329e-02
1.646e+01 7.259e-07 1.025e-02 1.301e-06 1.351e-02
1.800e+01 6.070e-07 9.573e-03 1.182e-06 1.420e-02
1.818e+01 5.950e-07 9.500e-03 1.169e-06 1.427e-02
2.000e+01 4.917e-07 8.828e-03 1.056e-06 1.500e-02
