# THORIUM from NIST Database
1.172e+01 0.000e+00 0.000e+00 0.000e+00 0.000e+00
9.000e+01 1.000e+00 3.500e+00 0.000e+00 0.000e+00
0.000e+00 0.000e+00 0.000e+00 0.000e+00 0.000e+00
1.000e-03 1.327e+01 4.807e-03 6.600e+03 0.000e+00
1.020e-03 1.325e+01 4.933e-03 6.365e+03 0.000e+00
1.126e-03 1.311e+01 5.607e-03 5.311e+03 0.000e+00
1.168e-03 1.306e+01 5.871e-03 4.965e+03 0.000e+00
1.168e-03 1.306e+01 5.871e-03 5.035e+03 0.000e+00
1.243e-03 1.297e+01 6.323e-03 4.469e+03 0.000e+00
1.329e-03 1.286e+01 6.841e-03 3.927e+03 0.000e+00
1.329e-03 1.286e+01 6.841e-03 4.005e+03 0.000e+00
1.372e-03 1.280e+01 7.099e-03 3.761e+03 0.000e+00
1.500e-03 1.263e+01 7.885e-03 3.148e+03 0.000e+00
1.515e-03 1.261e+01 7.976e-03 3.084e+03 0.000e+00
1.672e-03 1.240e+01 8.925e-03 2.511e+03 0.000e+00
1.846e-03 1.217e+01 9.957e-03 2.044e+03 0.000e+00
2.000e-03 1.196e+01 1.086e-02 1.730e+03 0.000e+00
2.038e-03 1.191e+01 1.108e-02 1.659e+03 0.000e+00
2.250e-03 1.164e+01 1.231e-02 1.334e+03 0.000e+00
2.483e-03 1.134e+01 1.365e-02 1.073e+03 0.000e+00
2.741e-03 1.102e+01 1.511e-02 8.631e+02 0.000e+00
3.000e-03 1.071e+01 1.656e-02 7.072e+02 0.000e+00
3.026e-03 1.068e+01 1.670e-02 6.934e+02 0.000e+00
3.332e-03 1.032e+01 1.837e-02 5.567e+02 0.000e+00
3.332e-03 1.032e+01 1.837e-02 1.383e+03 0.000e+00
3.341e-03 1.031e+01 1.842e-02 1.373e+03 0.000e+00
3.491e-03 1.014e+01 1.922e-02 1.215e+03 0.000e+00
3.491e-03 1.014e+01 1.922e-02 1.739e+03 0.000e+00
3.688e-03 9.922e+00 2.026e-02 1.519e+03 0.000e+00
4.000e-03 9.590e+00 2.186e-02 1.243e+03 0.000e+00
4.046e-03 9.543e+00 2.209e-02 1.208e+03 0.000e+00
4.046e-03 9.543e+00 2.209e-02 1.405e+03 0.000e+00
4.071e-03 9.518e+00 2.221e-02 1.384e+03 0.000e+00
4.494e-03 9.095e+00 2.428e-02 1.080e+03 0.000e+00
4.830e-03 8.777e+00 2.587e-02 9.016e+02 0.000e+00
4.830e-03 8.777e+00 2.587e-02 9.566e+02 0.000e+00
4.961e-03 8.659e+00 2.648e-02 8.961e+02 0.000e+00
5.000e-03 8.624e+00 2.665e-02 8.790e+02 0.000e+00
5.182e-03 8.461e+00 2.746e-02 8.045e+02 0.000e+00
5.182e-03 8.461e+00 2.746e-02 8.393e+02 0.000e+00
5.477e-03 8.208e+00 2.872e-02 7.332e+02 0.000e+00
6.000e-03 7.789e+00 3.088e-02 5.868e+02 0.000e+00
6.046e-03 7.753e+00 3.107e-02 5.758e+02 0.000e+00
6.675e-03 7.289e+00 3.352e-02 4.504e+02 0.000e+00
7.368e-03 6.819e+00 3.608e-02 3.524e+02 0.000e+00
8.000e-03 6.426e+00 3.831e-02 2.873e+02 0.000e+00
8.134e-03 6.347e+00 3.877e-02 2.755e+02 0.000e+00
8.979e-03 5.879e+00 4.159e-02 2.146e+02 0.000e+00
9.912e-03 5.418e+00 4.455e-02 1.672e+02 0.000e+00
1.000e-02 5.378e+00 4.482e-02 1.635e+02 0.000e+00
1.094e-02 4.969e+00 4.762e-02 1.298e+02 0.000e+00
1.208e-02 4.531e+00 5.079e-02 1.006e+02 0.000e+00
1.334e-02 4.111e+00 5.401e-02 7.801e+01 0.000e+00
1.472e-02 3.712e+00 5.721e-02 6.058e+01 0.000e+00
1.500e-02 3.639e+00 5.782e-02 5.772e+01 0.000e+00
1.625e-02 3.334e+00 6.040e-02 4.691e+01 0.000e+00
1.630e-02 3.322e+00 6.050e-02 4.653e+01 0.000e+00
1.630e-02 3.322e+00 6.050e-02 1.122e+02 0.000e+00
1.794e-02 2.975e+00 6.356e-02 8.648e+01 0.000e+00
1.969e-02 2.663e+00 6.644e-02 6.712e+01 0.000e+00
1.969e-02 2.663e+00 6.644e-02 9.598e+01 0.000e+00
1.980e-02 2.646e+00 6.660e-02 9.420e+01 0.000e+00
2.000e-02 2.613e+00 6.691e-02 9.099e+01 0.000e+00
2.047e-02 2.539e+00 6.763e-02 8.591e+01 0.000e+00
2.047e-02 2.539e+00 6.763e-02 9.919e+01 0.000e+00
2.186e-02 2.337e+00 6.968e-02 8.386e+01 0.000e+00
2.413e-02 2.057e+00 7.270e-02 6.512e+01 0.000e+00
2.664e-02 1.805e+00 7.564e-02 5.055e+01 0.000e+00
2.941e-02 1.581e+00 7.849e-02 3.924e+01 0.000e+00
3.000e-02 1.539e+00 7.905e-02 3.729e+01 0.000e+00
3.247e-02 1.382e+00 8.125e-02 3.030e+01 0.000e+00
3.584e-02 1.207e+00 8.386e-02 2.338e+01 0.000e+00
3.957e-02 1.051e+00 8.630e-02 1.803e+01 0.000e+00
4.000e-02 1.034e+00 8.655e-02 1.753e+01 0.000e+00
4.368e-02 9.109e-01 8.851e-02 1.387e+01 0.000e+00
4.822e-02 7.863e-01 9.047e-02 1.066e+01 0.000e+00
5.000e-02 7.441e-01 9.112e-02 9.683e+00 0.000e+00
5.323e-02 6.755e-01 9.216e-02 8.187e+00 0.000e+00
5.876e-02 5.780e-01 9.354e-02 6.280e+00 0.000e+00
6.000e-02 5.590e-01 9.379e-02 5.938e+00 0.000e+00
6.486e-02 4.934e-01 9.461e-02 4.812e+00 0.000e+00
7.161e-02 4.204e-01 9.536e-02 3.683e+00 0.000e+00
7.905e-02 3.580e-01 9.581e-02 2.820e+00 0.000e+00
8.000e-02 3.511e-01 9.585e-02 2.730e+00 0.000e+00
8.726e-02 3.048e-01 9.597e-02 2.157e+00 0.000e+00
9.633e-02 2.591e-01 9.585e-02 1.650e+00 0.000e+00
1.000e-01 2.435e-01 9.574e-02 1.491e+00 0.000e+00
1.063e-01 2.199e-01 9.548e-02 1.263e+00 0.000e+00
1.097e-01 2.086e-01 9.530e-02 1.161e+00 0.000e+00
1.097e-01 2.086e-01 9.530e-02 5.032e+00 0.000e+00
1.174e-01 1.858e-01 9.482e-02 4.228e+00 0.000e+00
1.296e-01 1.567e-01 9.390e-02 3.285e+00 0.000e+00
1.431e-01 1.319e-01 9.274e-02 2.549e+00 0.000e+00
1.500e-01 1.214e-01 9.211e-02 2.258e+00 0.000e+00
1.579e-01 1.109e-01 9.136e-02 1.979e+00 0.000e+00
1.743e-01 9.302e-02 8.978e-02 1.533e+00 0.000e+00
1.925e-01 7.784e-02 8.801e-02 1.186e+00 0.000e+00
2.000e-01 7.267e-02 8.728e-02 1.074e+00 0.000e+00
2.125e-01 6.515e-02 8.608e-02 9.183e-01 0.000e+00
2.345e-01 5.453e-02 8.401e-02 7.126e-01 0.000e+00
2.589e-01 4.557e-02 8.182e-02 5.531e-01 0.000e+00
2.858e-01 3.806e-02 7.955e-02 4.303e-01 0.000e+00
3.000e-01 3.483e-02 7.840e-02 3.807e-01 0.000e+00
3.155e-01 3.176e-02 7.720e-02 3.355e-01 0.000e+00
3.483e-01 2.647e-02 7.481e-02 2.624e-01 0.000e+00
3.845e-01 2.204e-02 7.238e-02 2.059e-01 0.000e+00
4.000e-01 2.047e-02 7.140e-02 1.871e-01 0.000e+00
4.245e-01 1.832e-02 6.992e-02 1.621e-01 0.000e+00
4.686e-01 1.521e-02 6.744e-02 1.283e-01 0.000e+00
5.000e-01 1.346e-02 6.582e-02 1.102e-01 0.000e+00
5.173e-01 1.262e-02 6.496e-02 1.019e-01 0.000e+00
5.710e-01 1.046e-02 6.249e-02 8.130e-02 0.000e+00
6.000e-01 9.514e-03 6.125e-02 7.272e-02 0.000e+00
6.304e-01 8.656e-03 6.002e-02 6.515e-02 0.000e+00
6.959e-01 7.160e-03 5.757e-02 5.246e-02 0.000e+00
7.682e-01 5.919e-03 5.517e-02 4.244e-02 0.000e+00
8.000e-01 5.474e-03 5.419e-02 3.896e-02 0.000e+00
8.480e-01 4.891e-03 5.280e-02 3.449e-02 0.000e+00
9.361e-01 4.038e-03 5.047e-02 2.815e-02 0.000e+00
1.000e+00 3.550e-03 4.890e-02 2.464e-02 0.000e+00
1.022e+00 3.402e-03 4.838e-02 2.360e-02 0.000e+00
1.033e+00 3.332e-03 4.812e-02 2.310e-02 9.030e-08
1.141e+00 2.745e-03 4.585e-02 1.901e-02 8.298e-05
1.250e+00 2.297e-03 4.383e-02 1.595e-02 4.321e-04
1.259e+00 2.265e-03 4.368e-02 1.573e-02 4.739e-04
1.390e+00 1.866e-03 4.153e-02 1.305e-02 1.266e-03
1.500e+00 1.606e-03 3.992e-02 1.134e-02 2.117e-03
1.535e+00 1.535e-03 3.943e-02 1.087e-02 2.406e-03
1.694e+00 1.263e-03 3.740e-02 9.119e-03 3.743e-03
1.870e+00 1.039e-03 3.543e-02 7.681e-03 5.193e-03
2.000e+00 9.104e-04 3.413e-02 6.852e-03 6.234e-03
2.044e+00 8.723e-04 3.371e-02 6.605e-03 6.584e-03
2.065e+00 8.549e-04 3.352e-02 6.493e-03 6.750e-03
2.279e+00 7.037e-04 3.168e-02 5.515e-03 8.376e-03
2.516e+00 5.783e-04 2.990e-02 4.701e-03 1.004e-02
2.778e+00 4.749e-04 2.818e-02 4.021e-03 1.175e-02
3.000e+00 4.075e-04 2.689e-02 3.571e-03 1.310e-02
3.066e+00 3.902e-04 2.653e-02 3.455e-03 1.349e-02
3.385e+00 3.204e-04 2.495e-02 2.976e-03 1.529e-02
3.737e+00 2.631e-04 2.344e-02 2.573e-03 1.716e-02
4.000e+00 2.297e-04 2.244e-02 2.332e-03 1.847e-02
4.125e+00 2.161e-04 2.200e-02 2.232e-03 1.907e-02
4.554e+00 1.774e-04 2.062e-02 1.941e-03 2.105e-02
5.000e+00 1.472e-04 1.939e-02 1.706e-03 2.297e-02
5.027e+00 1.457e-04 1.932e-02 1.693e-03 2.308e-02
5.549e+00 1.196e-04 1.808e-02 1.481e-03 2.517e-02
6.000e+00 1.023e-04 1.714e-02 1.335e-03 2.685e-02
6.126e+00 9.815e-05 1.690e-02 1.298e-03 2.730e-02
6.762e+00 8.059e-05 1.578e-02 1.141e-03 2.949e-02
7.000e+00 7.521e-05 1.541e-02 1.091e-03 3.027e-02
7.465e+00 6.614e-05 1.473e-02 1.005e-03 3.174e-02
8.000e+00 5.759e-05 1.402e-02 9.211e-04 3.337e-02
8.241e+00 5.427e-05 1.373e-02 8.874e-04 3.407e-02
9.000e+00 4.552e-05 1.289e-02 7.952e-04 3.620e-02
9.097e+00 4.456e-05 1.279e-02 7.847e-04 3.647e-02
1.000e+01 3.688e-05 1.194e-02 6.989e-04 3.881e-02
1.004e+01 3.659e-05 1.191e-02 6.955e-04 3.891e-02
1.100e+01 3.047e-05 1.114e-02 6.231e-04 4.123e-02
1.109e+01 2.998e-05 1.108e-02 6.171e-04 4.144e-02
1.200e+01 2.561e-05 1.045e-02 5.616e-04 4.349e-02
1.224e+01 2.462e-05 1.030e-02 5.487e-04 4.401e-02
1.300e+01 2.182e-05 9.844e-03 5.113e-04 4.560e-02
1.351e+01 2.021e-05 9.564e-03 4.887e-04 4.663e-02
1.400e+01 1.882e-05 9.312e-03 4.687e-04 4.757e-02
1.491e+01 1.659e-05 8.882e-03 4.359e-04 4.925e-02
1.500e+01 1.639e-05 8.842e-03 4.329e-04 4.942e-02
1.600e+01 1.441e-05 8.419e-03 4.020e-04 5.115e-02
1.646e+01 1.362e-05 8.239e-03 3.892e-04 5.191e-02
1.800e+01 1.139e-05 7.695e-03 3.517e-04 5.427e-02
1.818e+01 1.116e-05 7.637e-03 3.477e-04 5.452e-02
2.000e+01 9.224e-06 7.098e-03 3.122e-04 5.706e-02
