# TITANIUM from NIST Database
4.540e+00 0.000e+00 0.000e+00 0.000e+00 0.000e+00
2.200e+01 1.000e+00 3.500e+00 0.000e+00 0.000e+00
0.000e+00 0.000e+00 0.000e+00 0.000e+00 0.000e+00
1.000e-03 3.692e+00 1.182e-02 5.865e+03 0.000e+00
1.020e-03 3.678e+00 1.213e-02 5.577e+03 0.000e+00
1.126e-03 3.610e+00 1.377e-02 4.338e+03 0.000e+00
1.243e-03 3.539e+00 1.560e-02 3.374e+03 0.000e+00
1.372e-03 3.463e+00 1.759e-02 2.625e+03 0.000e+00
1.500e-03 3.387e+00 1.950e-02 2.093e+03 0.000e+00
1.515e-03 3.378e+00 1.971e-02 2.039e+03 0.000e+00
1.672e-03 3.284e+00 2.190e-02 1.574e+03 0.000e+00
1.846e-03 3.181e+00 2.421e-02 1.213e+03 0.000e+00
2.000e-03 3.093e+00 2.619e-02 9.829e+02 0.000e+00
2.038e-03 3.071e+00 2.667e-02 9.343e+02 0.000e+00
2.250e-03 2.955e+00 2.934e-02 7.156e+02 0.000e+00
2.483e-03 2.833e+00 3.221e-02 5.488e+02 0.000e+00
2.741e-03 2.704e+00 3.533e-02 4.205e+02 0.000e+00
3.000e-03 2.581e+00 3.837e-02 3.297e+02 0.000e+00
3.026e-03 2.569e+00 3.868e-02 3.219e+02 0.000e+00
3.341e-03 2.428e+00 4.227e-02 2.452e+02 0.000e+00
3.688e-03 2.281e+00 4.609e-02 1.869e+02 0.000e+00
4.000e-03 2.157e+00 4.940e-02 1.495e+02 0.000e+00
4.071e-03 2.130e+00 5.014e-02 1.424e+02 0.000e+00
4.494e-03 1.976e+00 5.440e-02 1.082e+02 0.000e+00
4.961e-03 1.825e+00 5.879e-02 8.217e+01 0.000e+00
4.966e-03 1.824e+00 5.884e-02 8.192e+01 0.000e+00
4.966e-03 1.824e+00 5.884e-02 6.859e+02 0.000e+00
5.000e-03 1.814e+00 5.914e-02 6.820e+02 0.000e+00
5.477e-03 1.676e+00 6.334e-02 5.695e+02 0.000e+00
6.000e-03 1.541e+00 6.769e-02 4.308e+02 0.000e+00
6.046e-03 1.530e+00 6.806e-02 4.208e+02 0.000e+00
6.675e-03 1.390e+00 7.285e-02 3.184e+02 0.000e+00
7.368e-03 1.261e+00 7.763e-02 2.475e+02 0.000e+00
8.000e-03 1.160e+00 8.158e-02 2.011e+02 0.000e+00
8.134e-03 1.141e+00 8.237e-02 1.926e+02 0.000e+00
8.979e-03 1.030e+00 8.701e-02 1.478e+02 0.000e+00
9.912e-03 9.289e-01 9.153e-02 1.124e+02 0.000e+00
1.000e-02 9.203e-01 9.193e-02 1.097e+02 0.000e+00
1.094e-02 8.367e-01 9.591e-02 8.538e+01 0.000e+00
1.208e-02 7.515e-01 1.002e-01 6.474e+01 0.000e+00
1.334e-02 6.723e-01 1.043e-01 4.902e+01 0.000e+00
1.472e-02 5.989e-01 1.082e-01 3.712e+01 0.000e+00
1.500e-02 5.854e-01 1.090e-01 3.518e+01 0.000e+00
1.625e-02 5.297e-01 1.121e-01 2.798e+01 0.000e+00
1.794e-02 4.654e-01 1.158e-01 2.103e+01 0.000e+00
1.980e-02 4.063e-01 1.193e-01 1.579e+01 0.000e+00
2.000e-02 4.006e-01 1.196e-01 1.533e+01 0.000e+00
2.186e-02 3.524e-01 1.225e-01 1.182e+01 0.000e+00
2.413e-02 3.041e-01 1.255e-01 8.834e+00 0.000e+00
2.664e-02 2.613e-01 1.281e-01 6.589e+00 0.000e+00
2.941e-02 2.239e-01 1.304e-01 4.907e+00 0.000e+00
3.000e-02 2.170e-01 1.308e-01 4.624e+00 0.000e+00
3.247e-02 1.914e-01 1.323e-01 3.646e+00 0.000e+00
3.584e-02 1.636e-01 1.337e-01 2.707e+00 0.000e+00
3.957e-02 1.395e-01 1.349e-01 2.005e+00 0.000e+00
4.000e-02 1.371e-01 1.350e-01 1.941e+00 0.000e+00
4.368e-02 1.189e-01 1.356e-01 1.485e+00 0.000e+00
4.822e-02 1.011e-01 1.360e-01 1.097e+00 0.000e+00
5.000e-02 9.528e-02 1.361e-01 9.821e-01 0.000e+00
5.323e-02 8.589e-02 1.361e-01 8.102e-01 0.000e+00
5.876e-02 7.277e-02 1.358e-01 5.974e-01 0.000e+00
6.000e-02 7.025e-02 1.357e-01 5.601e-01 0.000e+00
6.486e-02 6.151e-02 1.353e-01 4.402e-01 0.000e+00
7.161e-02 5.182e-02 1.344e-01 3.239e-01 0.000e+00
7.905e-02 4.355e-02 1.332e-01 2.382e-01 0.000e+00
8.000e-02 4.264e-02 1.331e-01 2.295e-01 0.000e+00
8.726e-02 3.650e-02 1.317e-01 1.751e-01 0.000e+00
9.633e-02 3.052e-02 1.299e-01 1.286e-01 0.000e+00
1.000e-01 2.850e-02 1.292e-01 1.144e-01 0.000e+00
1.063e-01 2.548e-02 1.279e-01 9.452e-02 0.000e+00
1.174e-01 2.120e-02 1.256e-01 6.931e-02 0.000e+00
1.296e-01 1.763e-02 1.232e-01 5.090e-02 0.000e+00
1.431e-01 1.464e-02 1.205e-01 3.738e-02 0.000e+00
1.500e-01 1.340e-02 1.192e-01 3.229e-02 0.000e+00
1.579e-01 1.216e-02 1.177e-01 2.753e-02 0.000e+00
1.743e-01 1.008e-02 1.147e-01 2.027e-02 0.000e+00
1.925e-01 8.338e-03 1.116e-01 1.492e-02 0.000e+00
2.000e-01 7.749e-03 1.104e-01 1.327e-02 0.000e+00
2.125e-01 6.897e-03 1.084e-01 1.102e-02 0.000e+00
2.345e-01 5.704e-03 1.051e-01 8.170e-03 0.000e+00
2.589e-01 4.709e-03 1.018e-01 6.064e-03 0.000e+00
2.858e-01 3.885e-03 9.848e-02 4.519e-03 0.000e+00
3.000e-01 3.534e-03 9.683e-02 3.918e-03 0.000e+00
3.155e-01 3.203e-03 9.512e-02 3.382e-03 0.000e+00
3.483e-01 2.639e-03 9.176e-02 2.542e-03 0.000e+00
3.845e-01 2.173e-03 8.842e-02 1.920e-03 0.000e+00
4.000e-01 2.010e-03 8.709e-02 1.719e-03 0.000e+00
4.245e-01 1.787e-03 8.509e-02 1.459e-03 0.000e+00
4.686e-01 1.470e-03 8.181e-02 1.116e-03 0.000e+00
5.000e-01 1.293e-03 7.968e-02 9.398e-04 0.000e+00
5.173e-01 1.209e-03 7.857e-02 8.602e-04 0.000e+00
5.710e-01 9.937e-04 7.538e-02 6.684e-04 0.000e+00
6.000e-01 9.007e-04 7.381e-02 5.901e-04 0.000e+00
6.304e-01 8.165e-04 7.224e-02 5.218e-04 0.000e+00
6.959e-01 6.708e-04 6.916e-02 4.105e-04 0.000e+00
7.682e-01 5.510e-04 6.613e-02 3.274e-04 0.000e+00
8.000e-01 5.083e-04 6.491e-02 3.000e-04 0.000e+00
8.480e-01 4.525e-04 6.318e-02 2.661e-04 0.000e+00
9.361e-01 3.716e-04 6.029e-02 2.169e-04 0.000e+00
1.000e+00 3.258e-04 5.840e-02 1.865e-04 0.000e+00
1.022e+00 3.119e-04 5.778e-02 1.768e-04 0.000e+00
1.033e+00 3.053e-04 5.748e-02 1.724e-04 1.205e-08
1.141e+00 2.504e-04 5.472e-02 1.406e-04 1.079e-05
1.250e+00 2.087e-04 5.225e-02 1.197e-04 5.568e-05
1.259e+00 2.057e-04 5.206e-02 1.182e-04 6.107e-05
1.390e+00 1.688e-04 4.945e-02 9.903e-05 1.664e-04
1.500e+00 1.450e-04 4.749e-02 8.642e-05 2.895e-04
1.535e+00 1.385e-04 4.691e-02 8.299e-05 3.345e-04
1.694e+00 1.137e-04 4.445e-02 7.009e-05 5.691e-04
1.870e+00 9.333e-05 4.209e-02 5.955e-05 8.753e-04
2.000e+00 8.160e-05 4.054e-02 5.347e-05 1.124e-03
2.044e+00 7.813e-05 4.005e-02 5.166e-05 1.211e-03
2.065e+00 7.655e-05 3.982e-02 5.083e-05 1.253e-03
2.279e+00 6.287e-05 3.763e-02 4.364e-05 1.685e-03
2.516e+00 5.159e-05 3.551e-02 3.762e-05 2.169e-03
2.778e+00 4.232e-05 3.345e-02 3.256e-05 2.700e-03
3.000e+00 3.629e-05 3.191e-02 2.918e-05 3.145e-03
3.066e+00 3.474e-05 3.148e-02 2.830e-05 3.277e-03
3.385e+00 2.850e-05 2.960e-02 2.467e-05 3.908e-03
3.737e+00 2.339e-05 2.780e-02 2.158e-05 4.585e-03
4.000e+00 2.041e-05 2.661e-02 1.972e-05 5.075e-03
4.125e+00 1.920e-05 2.609e-02 1.894e-05 5.301e-03
4.554e+00 1.575e-05 2.446e-02 1.667e-05 6.053e-03
5.000e+00 1.307e-05 2.299e-02 1.480e-05 6.796e-03
5.027e+00 1.293e-05 2.291e-02 1.470e-05 6.840e-03
5.549e+00 1.061e-05 2.143e-02 1.300e-05 7.666e-03
6.000e+00 9.073e-06 2.031e-02 1.181e-05 8.343e-03
6.126e+00 8.704e-06 2.003e-02 1.151e-05 8.526e-03
6.762e+00 7.144e-06 1.871e-02 1.022e-05 9.407e-03
7.000e+00 6.666e-06 1.826e-02 9.807e-06 9.722e-03
7.465e+00 5.862e-06 1.745e-02 9.087e-06 1.032e-02
8.000e+00 5.104e-06 1.661e-02 8.378e-06 1.096e-02
8.241e+00 4.810e-06 1.627e-02 8.093e-06 1.125e-02
9.000e+00 4.032e-06 1.528e-02 7.308e-06 1.210e-02
9.097e+00 3.947e-06 1.516e-02 7.218e-06 1.219e-02
1.000e+01 3.266e-06 1.415e-02 6.479e-06 1.311e-02
1.004e+01 3.240e-06 1.411e-02 6.449e-06 1.315e-02
1.100e+01 2.699e-06 1.321e-02 5.816e-06 1.404e-02
1.109e+01 2.655e-06 1.313e-02 5.763e-06 1.413e-02
1.200e+01 2.268e-06 1.238e-02 5.276e-06 1.490e-02
1.224e+01 2.180e-06 1.220e-02 5.161e-06 1.510e-02
1.300e+01 1.933e-06 1.166e-02 4.827e-06 1.571e-02
1.351e+01 1.790e-06 1.133e-02 4.626e-06 1.609e-02
1.400e+01 1.667e-06 1.104e-02 4.447e-06 1.643e-02
1.491e+01 1.469e-06 1.052e-02 4.150e-06 1.707e-02
1.500e+01 1.451e-06 1.048e-02 4.123e-06 1.714e-02
1.600e+01 1.275e-06 9.977e-03 3.842e-06 1.778e-02
1.646e+01 1.205e-06 9.764e-03 3.726e-06 1.806e-02
1.800e+01 1.008e-06 9.119e-03 3.382e-06 1.895e-02
1.818e+01 9.883e-07 9.049e-03 3.346e-06 1.906e-02
2.000e+01 8.167e-07 8.408e-03 3.020e-06 2.003e-02
