# TISSUE, SOFT (ICRP) from NIST Database
1.000e+00 0.000e+00 0.000e+00 0.000e+00 0.000e+00
1.000e+00 1.036e-01 3.500e+00 0.000e+00 0.000e+00
6.000e+00 1.933e-02 3.500e+00 0.000e+00 0.000e+00
7.000e+00 1.776e-03 3.500e+00 0.000e+00 0.000e+00
8.000e+00 3.939e-02 3.500e+00 0.000e+00 0.000e+00
1.100e+01 4.915e-05 3.500e+00 0.000e+00 0.000e+00
1.200e+01 5.348e-06 3.500e+00 0.000e+00 0.000e+00
1.500e+01 4.294e-05 3.500e+00 0.000e+00 0.000e+00
1.600e+01 6.205e-05 3.500e+00 0.000e+00 0.000e+00
1.700e+01 3.780e-05 3.500e+00 0.000e+00 0.000e+00
1.900e+01 5.090e-05 3.500e+00 0.000e+00 0.000e+00
2.000e+01 5.739e-06 3.500e+00 0.000e+00 0.000e+00
0.000e+00 0.000e+00 0.000e+00 0.000e+00 0.000e+00
1.000e-03 1.289e+00 1.392e-02 3.509e+03 0.000e+00
1.020e-03 1.284e+00 1.442e-02 3.328e+03 0.000e+00
1.072e-03 1.273e+00 1.574e-02 2.912e+03 0.000e+00
1.072e-03 1.273e+00 1.574e-02 2.919e+03 0.000e+00
1.126e-03 1.262e+00 1.716e-02 2.559e+03 0.000e+00
1.243e-03 1.237e+00 2.039e-02 1.962e+03 0.000e+00
1.305e-03 1.224e+00 2.217e-02 1.720e+03 0.000e+00
1.305e-03 1.224e+00 2.217e-02 1.720e+03 0.000e+00
1.372e-03 1.210e+00 2.413e-02 1.502e+03 0.000e+00
1.500e-03 1.182e+00 2.798e-02 1.176e+03 0.000e+00
1.515e-03 1.178e+00 2.844e-02 1.144e+03 0.000e+00
1.672e-03 1.141e+00 3.327e-02 8.698e+02 0.000e+00
1.846e-03 1.099e+00 3.868e-02 6.583e+02 0.000e+00
2.000e-03 1.061e+00 4.347e-02 5.244e+02 0.000e+00
2.038e-03 1.051e+00 4.465e-02 4.970e+02 0.000e+00
2.145e-03 1.025e+00 4.797e-02 4.291e+02 0.000e+00
2.145e-03 1.025e+00 4.797e-02 4.321e+02 0.000e+00
2.250e-03 9.992e-01 5.116e-02 3.771e+02 0.000e+00
2.472e-03 9.459e-01 5.782e-02 2.876e+02 0.000e+00
2.472e-03 9.459e-01 5.782e-02 2.913e+02 0.000e+00
2.483e-03 9.433e-01 5.815e-02 2.876e+02 0.000e+00
2.741e-03 8.838e-01 6.558e-02 2.161e+02 0.000e+00
2.822e-03 8.657e-01 6.785e-02 1.984e+02 0.000e+00
2.822e-03 8.657e-01 6.785e-02 2.004e+02 0.000e+00
3.000e-03 8.271e-01 7.266e-02 1.679e+02 0.000e+00
3.026e-03 8.216e-01 7.334e-02 1.637e+02 0.000e+00
3.341e-03 7.575e-01 8.133e-02 1.224e+02 0.000e+00
3.607e-03 7.074e-01 8.759e-02 9.758e+01 0.000e+00
3.607e-03 7.074e-01 8.759e-02 9.970e+01 0.000e+00
3.688e-03 6.931e-01 8.939e-02 9.340e+01 0.000e+00
4.000e-03 6.406e-01 9.600e-02 7.339e+01 0.000e+00
4.038e-03 6.346e-01 9.677e-02 7.135e+01 0.000e+00
4.038e-03 6.346e-01 9.677e-02 7.156e+01 0.000e+00
4.071e-03 6.294e-01 9.743e-02 6.985e+01 0.000e+00
4.494e-03 5.676e-01 1.053e-01 5.202e+01 0.000e+00
4.961e-03 5.088e-01 1.129e-01 3.867e+01 0.000e+00
5.000e-03 5.043e-01 1.135e-01 3.777e+01 0.000e+00
5.477e-03 4.538e-01 1.202e-01 2.868e+01 0.000e+00
6.000e-03 4.069e-01 1.265e-01 2.174e+01 0.000e+00
6.046e-03 4.031e-01 1.270e-01 2.124e+01 0.000e+00
6.675e-03 3.568e-01 1.334e-01 1.570e+01 0.000e+00
7.368e-03 3.151e-01 1.393e-01 1.160e+01 0.000e+00
8.000e-03 2.837e-01 1.438e-01 9.000e+00 0.000e+00
8.134e-03 2.777e-01 1.447e-01 8.550e+00 0.000e+00
8.979e-03 2.445e-01 1.496e-01 6.295e+00 0.000e+00
9.912e-03 2.151e-01 1.542e-01 4.628e+00 0.000e+00
1.000e-02 2.126e-01 1.545e-01 4.502e+00 0.000e+00
1.094e-02 1.891e-01 1.583e-01 3.399e+00 0.000e+00
1.208e-02 1.660e-01 1.622e-01 2.489e+00 0.000e+00
1.334e-02 1.455e-01 1.657e-01 1.820e+00 0.000e+00
1.472e-02 1.273e-01 1.689e-01 1.333e+00 0.000e+00
1.500e-02 1.241e-01 1.695e-01 1.255e+00 0.000e+00
1.625e-02 1.110e-01 1.718e-01 9.730e-01 0.000e+00
1.794e-02 9.650e-02 1.745e-01 7.096e-01 0.000e+00
1.980e-02 8.358e-02 1.768e-01 5.174e-01 0.000e+00
2.000e-02 8.234e-02 1.770e-01 5.009e-01 0.000e+00
2.186e-02 7.202e-02 1.787e-01 3.764e-01 0.000e+00
2.413e-02 6.181e-02 1.803e-01 2.737e-01 0.000e+00
2.664e-02 5.280e-02 1.815e-01 1.987e-01 0.000e+00
2.941e-02 4.493e-02 1.822e-01 1.442e-01 0.000e+00
3.000e-02 4.347e-02 1.823e-01 1.352e-01 0.000e+00
3.247e-02 3.808e-02 1.826e-01 1.045e-01 0.000e+00
3.584e-02 3.218e-02 1.825e-01 7.576e-02 0.000e+00
3.957e-02 2.711e-02 1.820e-01 5.484e-02 0.000e+00
4.000e-02 2.660e-02 1.820e-01 5.294e-02 0.000e+00
4.368e-02 2.279e-02 1.812e-01 3.969e-02 0.000e+00
4.822e-02 1.912e-02 1.800e-01 2.871e-02 0.000e+00
5.000e-02 1.791e-02 1.794e-01 2.549e-02 0.000e+00
5.323e-02 1.600e-02 1.784e-01 2.075e-02 0.000e+00
5.876e-02 1.337e-02 1.765e-01 1.500e-02 0.000e+00
6.000e-02 1.287e-02 1.761e-01 1.400e-02 0.000e+00
6.486e-02 1.116e-02 1.743e-01 1.084e-02 0.000e+00
7.161e-02 9.284e-03 1.718e-01 7.828e-03 0.000e+00
7.905e-02 7.716e-03 1.691e-01 5.655e-03 0.000e+00
8.000e-02 7.545e-03 1.687e-01 5.437e-03 0.000e+00
8.726e-02 6.403e-03 1.661e-01 4.086e-03 0.000e+00
9.633e-02 5.305e-03 1.629e-01 2.953e-03 0.000e+00
1.000e-01 4.939e-03 1.616e-01 2.612e-03 0.000e+00
1.063e-01 4.393e-03 1.595e-01 2.137e-03 0.000e+00
1.174e-01 3.628e-03 1.559e-01 1.544e-03 0.000e+00
1.296e-01 2.996e-03 1.521e-01 1.118e-03 0.000e+00
1.431e-01 2.470e-03 1.483e-01 8.094e-04 0.000e+00
1.500e-01 2.253e-03 1.464e-01 6.947e-04 0.000e+00
1.579e-01 2.038e-03 1.443e-01 5.882e-04 0.000e+00
1.743e-01 1.678e-03 1.402e-01 4.277e-04 0.000e+00
1.925e-01 1.380e-03 1.360e-01 3.111e-04 0.000e+00
2.000e-01 1.280e-03 1.344e-01 2.754e-04 0.000e+00
2.125e-01 1.136e-03 1.319e-01 2.272e-04 0.000e+00
2.345e-01 9.345e-04 1.277e-01 1.667e-04 0.000e+00
2.589e-01 7.680e-04 1.234e-01 1.225e-04 0.000e+00
2.858e-01 6.312e-04 1.192e-01 9.049e-05 0.000e+00
3.000e-01 5.732e-04 1.171e-01 7.811e-05 0.000e+00
3.155e-01 5.186e-04 1.150e-01 6.713e-05 0.000e+00
3.483e-01 4.260e-04 1.108e-01 5.006e-05 0.000e+00
3.845e-01 3.498e-04 1.067e-01 3.754e-05 0.000e+00
4.000e-01 3.233e-04 1.050e-01 3.352e-05 0.000e+00
4.245e-01 2.872e-04 1.026e-01 2.832e-05 0.000e+00
4.686e-01 2.358e-04 9.857e-02 2.154e-05 0.000e+00
5.000e-01 2.072e-04 9.596e-02 1.809e-05 0.000e+00
5.173e-01 1.936e-04 9.460e-02 1.654e-05 0.000e+00
5.710e-01 1.590e-04 9.070e-02 1.281e-05 0.000e+00
6.000e-01 1.440e-04 8.878e-02 1.128e-05 0.000e+00
6.304e-01 1.305e-04 8.688e-02 9.925e-06 0.000e+00
6.959e-01 1.071e-04 8.314e-02 7.738e-06 0.000e+00
7.682e-01 8.791e-05 7.949e-02 6.177e-06 0.000e+00
8.000e-01 8.106e-05 7.801e-02 5.695e-06 0.000e+00
8.480e-01 7.214e-05 7.592e-02 5.123e-06 0.000e+00
9.361e-01 5.920e-05 7.243e-02 4.225e-06 0.000e+00
1.000e+00 5.189e-05 7.016e-02 3.540e-06 0.000e+00
1.022e+00 4.969e-05 6.943e-02 3.304e-06 0.000e+00
1.033e+00 4.864e-05 6.906e-02 3.199e-06 3.285e-09
1.141e+00 3.988e-05 6.573e-02 2.577e-06 3.113e-06
1.250e+00 3.323e-05 6.274e-02 2.242e-06 1.682e-05
1.259e+00 3.275e-05 6.251e-02 2.217e-06 1.851e-05
1.390e+00 2.687e-05 5.936e-02 1.868e-06 5.238e-05
1.500e+00 2.307e-05 5.702e-02 1.626e-06 9.301e-05
1.535e+00 2.203e-05 5.633e-02 1.561e-06 1.080e-04
1.694e+00 1.809e-05 5.341e-02 1.323e-06 1.862e-04
1.870e+00 1.485e-05 5.057e-02 1.132e-06 2.880e-04
2.000e+00 1.298e-05 4.867e-02 1.021e-06 3.702e-04
2.044e+00 1.242e-05 4.805e-02 9.877e-07 3.990e-04
2.065e+00 1.217e-05 4.777e-02 9.724e-07 4.128e-04
2.279e+00 9.991e-06 4.510e-02 8.390e-07 5.581e-04
2.516e+00 8.198e-06 4.255e-02 7.270e-07 7.247e-04
2.778e+00 6.727e-06 4.011e-02 6.325e-07 9.123e-04
3.000e+00 5.769e-06 3.828e-02 5.692e-07 1.071e-03
3.066e+00 5.524e-06 3.777e-02 5.527e-07 1.119e-03
3.385e+00 4.532e-06 3.552e-02 4.843e-07 1.347e-03
3.737e+00 3.719e-06 3.336e-02 4.257e-07 1.592e-03
4.000e+00 3.246e-06 3.193e-02 3.902e-07 1.772e-03
4.125e+00 3.052e-06 3.130e-02 3.752e-07 1.855e-03
4.554e+00 2.504e-06 2.934e-02 3.315e-07 2.134e-03
5.000e+00 2.077e-06 2.758e-02 2.955e-07 2.412e-03
5.027e+00 2.054e-06 2.748e-02 2.936e-07 2.429e-03
5.549e+00 1.686e-06 2.571e-02 2.606e-07 2.741e-03
6.000e+00 1.442e-06 2.437e-02 2.374e-07 2.998e-03
6.126e+00 1.383e-06 2.403e-02 2.317e-07 3.068e-03
6.762e+00 1.135e-06 2.244e-02 2.064e-07 3.405e-03
7.000e+00 1.060e-06 2.191e-02 1.982e-07 3.526e-03
7.465e+00 9.317e-07 2.094e-02 1.841e-07 3.753e-03
8.000e+00 8.113e-07 1.994e-02 1.700e-07 4.004e-03
8.241e+00 7.646e-07 1.952e-02 1.644e-07 4.114e-03
9.000e+00 6.411e-07 1.833e-02 1.488e-07 4.445e-03
9.097e+00 6.275e-07 1.819e-02 1.471e-07 4.485e-03
1.000e+01 5.193e-07 1.698e-02 1.323e-07 4.843e-03
1.004e+01 5.151e-07 1.693e-02 1.317e-07 4.858e-03
1.100e+01 4.291e-07 1.584e-02 1.191e-07 5.209e-03
1.109e+01 4.221e-07 1.574e-02 1.180e-07 5.242e-03
1.200e+01 3.605e-07 1.485e-02 1.082e-07 5.547e-03
1.224e+01 3.466e-07 1.464e-02 1.059e-07 5.625e-03
1.300e+01 3.072e-07 1.399e-02 9.915e-08 5.863e-03
1.351e+01 2.845e-07 1.360e-02 9.508e-08 6.015e-03
1.400e+01 2.649e-07 1.324e-02 9.148e-08 6.157e-03
1.491e+01 2.336e-07 1.263e-02 8.548e-08 6.408e-03
1.500e+01 2.308e-07 1.257e-02 8.493e-08 6.431e-03
1.600e+01 2.028e-07 1.197e-02 7.925e-08 6.692e-03
1.646e+01 1.916e-07 1.171e-02 7.688e-08 6.807e-03
1.800e+01 1.602e-07 1.094e-02 6.989e-08 7.169e-03
1.818e+01 1.571e-07 1.086e-02 6.915e-08 7.209e-03
2.000e+01 1.298e-07 1.009e-02 6.249e-08 7.596e-03
