# TISSUE, SOFT (ICRU FOUR-COMPONENT) from NIST Database
1.000e+00 0.000e+00 0.000e+00 0.000e+00 0.000e+00
1.000e+00 1.004e-01 3.500e+00 0.000e+00 0.000e+00
6.000e+00 9.242e-03 3.500e+00 0.000e+00 0.000e+00
7.000e+00 1.856e-03 3.500e+00 0.000e+00 0.000e+00
8.000e+00 4.761e-02 3.500e+00 0.000e+00 0.000e+00
0.000e+00 0.000e+00 0.000e+00 0.000e+00 0.000e+00
1.000e-03 1.332e+00 1.327e-02 3.828e+03 0.000e+00
1.020e-03 1.328e+00 1.374e-02 3.631e+03 0.000e+00
1.126e-03 1.306e+00 1.638e-02 2.789e+03 0.000e+00
1.243e-03 1.282e+00 1.948e-02 2.140e+03 0.000e+00
1.372e-03 1.256e+00 2.309e-02 1.639e+03 0.000e+00
1.500e-03 1.228e+00 2.681e-02 1.285e+03 0.000e+00
1.515e-03 1.224e+00 2.725e-02 1.250e+03 0.000e+00
1.672e-03 1.187e+00 3.193e-02 9.512e+02 0.000e+00
1.846e-03 1.145e+00 3.719e-02 7.206e+02 0.000e+00
2.000e-03 1.107e+00 4.186e-02 5.744e+02 0.000e+00
2.038e-03 1.097e+00 4.301e-02 5.445e+02 0.000e+00
2.250e-03 1.045e+00 4.938e-02 4.105e+02 0.000e+00
2.483e-03 9.882e-01 5.623e-02 3.092e+02 0.000e+00
2.741e-03 9.275e-01 6.354e-02 2.321e+02 0.000e+00
3.000e-03 8.691e-01 7.054e-02 1.783e+02 0.000e+00
3.026e-03 8.634e-01 7.122e-02 1.738e+02 0.000e+00
3.341e-03 7.971e-01 7.915e-02 1.299e+02 0.000e+00
3.688e-03 7.300e-01 8.718e-02 9.688e+01 0.000e+00
4.000e-03 6.751e-01 9.380e-02 7.604e+01 0.000e+00
4.071e-03 6.633e-01 9.523e-02 7.214e+01 0.000e+00
4.494e-03 5.982e-01 1.032e-01 5.361e+01 0.000e+00
4.961e-03 5.360e-01 1.109e-01 3.977e+01 0.000e+00
5.000e-03 5.313e-01 1.115e-01 3.883e+01 0.000e+00
5.477e-03 4.777e-01 1.183e-01 2.944e+01 0.000e+00
6.000e-03 4.278e-01 1.247e-01 2.227e+01 0.000e+00
6.046e-03 4.238e-01 1.252e-01 2.176e+01 0.000e+00
6.675e-03 3.744e-01 1.318e-01 1.605e+01 0.000e+00
7.368e-03 3.300e-01 1.378e-01 1.183e+01 0.000e+00
8.000e-03 2.965e-01 1.424e-01 9.166e+00 0.000e+00
8.134e-03 2.902e-01 1.433e-01 8.704e+00 0.000e+00
8.979e-03 2.549e-01 1.483e-01 6.396e+00 0.000e+00
9.912e-03 2.237e-01 1.529e-01 4.692e+00 0.000e+00
1.000e-02 2.211e-01 1.533e-01 4.564e+00 0.000e+00
1.094e-02 1.964e-01 1.571e-01 3.439e+00 0.000e+00
1.208e-02 1.721e-01 1.610e-01 2.514e+00 0.000e+00
1.334e-02 1.506e-01 1.645e-01 1.834e+00 0.000e+00
1.472e-02 1.317e-01 1.677e-01 1.340e+00 0.000e+00
1.500e-02 1.284e-01 1.683e-01 1.262e+00 0.000e+00
1.625e-02 1.149e-01 1.706e-01 9.765e-01 0.000e+00
1.794e-02 9.990e-02 1.733e-01 7.107e-01 0.000e+00
1.980e-02 8.656e-02 1.756e-01 5.171e-01 0.000e+00
2.000e-02 8.529e-02 1.758e-01 5.006e-01 0.000e+00
2.186e-02 7.464e-02 1.776e-01 3.755e-01 0.000e+00
2.413e-02 6.408e-02 1.792e-01 2.725e-01 0.000e+00
2.664e-02 5.477e-02 1.804e-01 1.974e-01 0.000e+00
2.941e-02 4.662e-02 1.812e-01 1.430e-01 0.000e+00
3.000e-02 4.511e-02 1.813e-01 1.340e-01 0.000e+00
3.247e-02 3.952e-02 1.816e-01 1.034e-01 0.000e+00
3.584e-02 3.340e-02 1.816e-01 7.483e-02 0.000e+00
3.957e-02 2.813e-02 1.812e-01 5.406e-02 0.000e+00
4.000e-02 2.761e-02 1.811e-01 5.217e-02 0.000e+00
4.368e-02 2.365e-02 1.804e-01 3.905e-02 0.000e+00
4.822e-02 1.983e-02 1.792e-01 2.819e-02 0.000e+00
5.000e-02 1.859e-02 1.787e-01 2.502e-02 0.000e+00
5.323e-02 1.661e-02 1.777e-01 2.035e-02 0.000e+00
5.876e-02 1.388e-02 1.759e-01 1.468e-02 0.000e+00
6.000e-02 1.336e-02 1.754e-01 1.370e-02 0.000e+00
6.486e-02 1.157e-02 1.737e-01 1.059e-02 0.000e+00
7.161e-02 9.634e-03 1.712e-01 7.633e-03 0.000e+00
7.905e-02 8.007e-03 1.685e-01 5.505e-03 0.000e+00
8.000e-02 7.829e-03 1.682e-01 5.292e-03 0.000e+00
8.726e-02 6.645e-03 1.655e-01 3.972e-03 0.000e+00
9.633e-02 5.507e-03 1.624e-01 2.865e-03 0.000e+00
1.000e-01 5.127e-03 1.611e-01 2.533e-03 0.000e+00
1.063e-01 4.560e-03 1.590e-01 2.071e-03 0.000e+00
1.174e-01 3.766e-03 1.554e-01 1.494e-03 0.000e+00
1.296e-01 3.110e-03 1.517e-01 1.080e-03 0.000e+00
1.431e-01 2.564e-03 1.478e-01 7.808e-04 0.000e+00
1.500e-01 2.339e-03 1.460e-01 6.697e-04 0.000e+00
1.579e-01 2.115e-03 1.439e-01 5.667e-04 0.000e+00
1.743e-01 1.742e-03 1.398e-01 4.115e-04 0.000e+00
1.925e-01 1.433e-03 1.357e-01 2.989e-04 0.000e+00
2.000e-01 1.329e-03 1.341e-01 2.645e-04 0.000e+00
2.125e-01 1.179e-03 1.315e-01 2.181e-04 0.000e+00
2.345e-01 9.700e-04 1.273e-01 1.598e-04 0.000e+00
2.589e-01 7.972e-04 1.231e-01 1.174e-04 0.000e+00
2.858e-01 6.551e-04 1.189e-01 8.660e-05 0.000e+00
3.000e-01 5.950e-04 1.168e-01 7.473e-05 0.000e+00
3.155e-01 5.383e-04 1.147e-01 6.419e-05 0.000e+00
3.483e-01 4.421e-04 1.105e-01 4.782e-05 0.000e+00
3.845e-01 3.631e-04 1.064e-01 3.583e-05 0.000e+00
4.000e-01 3.356e-04 1.047e-01 3.198e-05 0.000e+00
4.245e-01 2.981e-04 1.023e-01 2.701e-05 0.000e+00
4.686e-01 2.447e-04 9.830e-02 2.053e-05 0.000e+00
5.000e-01 2.150e-04 9.570e-02 1.724e-05 0.000e+00
5.173e-01 2.009e-04 9.435e-02 1.576e-05 0.000e+00
5.710e-01 1.650e-04 9.046e-02 1.220e-05 0.000e+00
6.000e-01 1.494e-04 8.854e-02 1.074e-05 0.000e+00
6.304e-01 1.354e-04 8.664e-02 9.446e-06 0.000e+00
6.959e-01 1.111e-04 8.292e-02 7.358e-06 0.000e+00
7.682e-01 9.123e-05 7.928e-02 5.874e-06 0.000e+00
8.000e-01 8.412e-05 7.781e-02 5.419e-06 0.000e+00
8.480e-01 7.486e-05 7.572e-02 4.883e-06 0.000e+00
9.361e-01 6.143e-05 7.225e-02 4.032e-06 0.000e+00
1.000e+00 5.385e-05 6.998e-02 3.369e-06 0.000e+00
1.022e+00 5.157e-05 6.924e-02 3.138e-06 0.000e+00
1.033e+00 5.048e-05 6.888e-02 3.037e-06 3.379e-09
1.141e+00 4.139e-05 6.555e-02 2.442e-06 3.203e-06
1.250e+00 3.448e-05 6.257e-02 2.130e-06 1.730e-05
1.259e+00 3.399e-05 6.234e-02 2.107e-06 1.904e-05
1.390e+00 2.788e-05 5.920e-02 1.776e-06 5.388e-05
1.500e+00 2.394e-05 5.687e-02 1.546e-06 9.568e-05
1.535e+00 2.286e-05 5.617e-02 1.484e-06 1.111e-04
1.694e+00 1.878e-05 5.328e-02 1.259e-06 1.916e-04
1.870e+00 1.541e-05 5.044e-02 1.078e-06 2.963e-04
2.000e+00 1.347e-05 4.854e-02 9.725e-07 3.809e-04
2.044e+00 1.289e-05 4.793e-02 9.407e-07 4.104e-04
2.065e+00 1.263e-05 4.764e-02 9.262e-07 4.247e-04
2.279e+00 1.037e-05 4.497e-02 7.995e-07 5.740e-04
2.516e+00 8.507e-06 4.243e-02 6.932e-07 7.453e-04
2.778e+00 6.980e-06 4.000e-02 6.035e-07 9.382e-04
3.000e+00 5.987e-06 3.818e-02 5.434e-07 1.102e-03
3.066e+00 5.732e-06 3.767e-02 5.277e-07 1.151e-03
3.385e+00 4.703e-06 3.543e-02 4.627e-07 1.385e-03
3.737e+00 3.859e-06 3.327e-02 4.069e-07 1.637e-03
4.000e+00 3.368e-06 3.185e-02 3.730e-07 1.821e-03
4.125e+00 3.167e-06 3.122e-02 3.588e-07 1.907e-03
4.554e+00 2.598e-06 2.926e-02 3.172e-07 2.193e-03
5.000e+00 2.155e-06 2.750e-02 2.829e-07 2.479e-03
5.027e+00 2.132e-06 2.740e-02 2.810e-07 2.495e-03
5.549e+00 1.750e-06 2.564e-02 2.495e-07 2.815e-03
6.000e+00 1.497e-06 2.431e-02 2.274e-07 3.079e-03
6.126e+00 1.436e-06 2.397e-02 2.219e-07 3.150e-03
6.762e+00 1.178e-06 2.238e-02 1.977e-07 3.496e-03
7.000e+00 1.100e-06 2.185e-02 1.900e-07 3.620e-03
7.465e+00 9.668e-07 2.088e-02 1.764e-07 3.854e-03
8.000e+00 8.419e-07 1.989e-02 1.630e-07 4.110e-03
8.241e+00 7.934e-07 1.947e-02 1.576e-07 4.223e-03
9.000e+00 6.653e-07 1.828e-02 1.427e-07 4.561e-03
9.097e+00 6.511e-07 1.814e-02 1.410e-07 4.603e-03
1.000e+01 5.388e-07 1.694e-02 1.269e-07 4.969e-03
1.004e+01 5.345e-07 1.689e-02 1.264e-07 4.985e-03
1.100e+01 4.452e-07 1.580e-02 1.142e-07 5.345e-03
1.109e+01 4.380e-07 1.570e-02 1.132e-07 5.378e-03
1.200e+01 3.741e-07 1.482e-02 1.038e-07 5.691e-03
1.224e+01 3.596e-07 1.460e-02 1.016e-07 5.770e-03
1.300e+01 3.188e-07 1.396e-02 9.518e-08 6.013e-03
1.351e+01 2.952e-07 1.356e-02 9.128e-08 6.170e-03
1.400e+01 2.749e-07 1.320e-02 8.783e-08 6.314e-03
1.491e+01 2.424e-07 1.259e-02 8.208e-08 6.571e-03
1.500e+01 2.395e-07 1.253e-02 8.156e-08 6.597e-03
1.600e+01 2.105e-07 1.194e-02 7.611e-08 6.864e-03
1.646e+01 1.989e-07 1.168e-02 7.384e-08 6.980e-03
1.800e+01 1.663e-07 1.091e-02 6.714e-08 7.351e-03
1.818e+01 1.630e-07 1.083e-02 6.643e-08 7.392e-03
2.000e+01 1.347e-07 1.006e-02 6.004e-08 7.789e-03
