# TISSUE-EQUIVALENT GAS (METHANE BASED) from NIST Database
1.064e-03 0.000e+00 0.000e+00 0.000e+00 0.000e+00
1.000e+00 1.011e-01 3.500e+00 0.000e+00 0.000e+00
6.000e+00 3.798e-02 3.500e+00 0.000e+00 0.000e+00
7.000e+00 2.511e-03 3.500e+00 0.000e+00 0.000e+00
8.000e+00 2.542e-02 3.500e+00 0.000e+00 0.000e+00
0.000e+00 0.000e+00 0.000e+00 0.000e+00 0.000e+00
1.000e-03 1.184e+00 1.474e-02 2.992e+03 0.000e+00
1.020e-03 1.179e+00 1.526e-02 2.835e+03 0.000e+00
1.126e-03 1.156e+00 1.814e-02 2.168e+03 0.000e+00
1.243e-03 1.131e+00 2.153e-02 1.656e+03 0.000e+00
1.372e-03 1.104e+00 2.544e-02 1.263e+03 0.000e+00
1.500e-03 1.075e+00 2.946e-02 9.867e+02 0.000e+00
1.515e-03 1.072e+00 2.993e-02 9.597e+02 0.000e+00
1.672e-03 1.035e+00 3.496e-02 7.276e+02 0.000e+00
1.846e-03 9.927e-01 4.056e-02 5.492e+02 0.000e+00
2.000e-03 9.553e-01 4.551e-02 4.366e+02 0.000e+00
2.038e-03 9.461e-01 4.672e-02 4.136e+02 0.000e+00
2.250e-03 8.955e-01 5.341e-02 3.108e+02 0.000e+00
2.483e-03 8.418e-01 6.056e-02 2.334e+02 0.000e+00
2.741e-03 7.854e-01 6.812e-02 1.747e+02 0.000e+00
3.000e-03 7.322e-01 7.530e-02 1.339e+02 0.000e+00
3.026e-03 7.271e-01 7.599e-02 1.305e+02 0.000e+00
3.341e-03 6.678e-01 8.404e-02 9.724e+01 0.000e+00
3.688e-03 6.089e-01 9.212e-02 7.236e+01 0.000e+00
4.000e-03 5.615e-01 9.869e-02 5.668e+01 0.000e+00
4.071e-03 5.514e-01 1.001e-01 5.375e+01 0.000e+00
4.494e-03 4.963e-01 1.079e-01 3.985e+01 0.000e+00
4.961e-03 4.443e-01 1.153e-01 2.950e+01 0.000e+00
5.000e-03 4.403e-01 1.159e-01 2.880e+01 0.000e+00
5.477e-03 3.961e-01 1.223e-01 2.179e+01 0.000e+00
6.000e-03 3.552e-01 1.284e-01 1.645e+01 0.000e+00
6.046e-03 3.520e-01 1.289e-01 1.607e+01 0.000e+00
6.675e-03 3.119e-01 1.350e-01 1.183e+01 0.000e+00
7.368e-03 2.760e-01 1.407e-01 8.702e+00 0.000e+00
8.000e-03 2.490e-01 1.450e-01 6.730e+00 0.000e+00
8.134e-03 2.439e-01 1.459e-01 6.389e+00 0.000e+00
8.979e-03 2.154e-01 1.507e-01 4.685e+00 0.000e+00
9.912e-03 1.900e-01 1.551e-01 3.431e+00 0.000e+00
1.000e-02 1.879e-01 1.555e-01 3.336e+00 0.000e+00
1.094e-02 1.676e-01 1.592e-01 2.510e+00 0.000e+00
1.208e-02 1.474e-01 1.630e-01 1.831e+00 0.000e+00
1.334e-02 1.294e-01 1.666e-01 1.334e+00 0.000e+00
1.472e-02 1.134e-01 1.698e-01 9.732e-01 0.000e+00
1.500e-02 1.105e-01 1.704e-01 9.160e-01 0.000e+00
1.625e-02 9.894e-02 1.727e-01 7.080e-01 0.000e+00
1.794e-02 8.597e-02 1.754e-01 5.145e-01 0.000e+00
1.980e-02 7.439e-02 1.777e-01 3.738e-01 0.000e+00
2.000e-02 7.328e-02 1.779e-01 3.618e-01 0.000e+00
2.186e-02 6.403e-02 1.796e-01 2.710e-01 0.000e+00
2.413e-02 5.488e-02 1.811e-01 1.964e-01 0.000e+00
2.664e-02 4.682e-02 1.822e-01 1.422e-01 0.000e+00
2.941e-02 3.979e-02 1.828e-01 1.028e-01 0.000e+00
3.000e-02 3.849e-02 1.829e-01 9.634e-02 0.000e+00
3.247e-02 3.369e-02 1.831e-01 7.430e-02 0.000e+00
3.584e-02 2.844e-02 1.829e-01 5.370e-02 0.000e+00
3.957e-02 2.394e-02 1.824e-01 3.875e-02 0.000e+00
4.000e-02 2.349e-02 1.823e-01 3.739e-02 0.000e+00
4.368e-02 2.011e-02 1.814e-01 2.797e-02 0.000e+00
4.822e-02 1.685e-02 1.801e-01 2.017e-02 0.000e+00
5.000e-02 1.579e-02 1.795e-01 1.789e-02 0.000e+00
5.323e-02 1.410e-02 1.785e-01 1.454e-02 0.000e+00
5.876e-02 1.177e-02 1.765e-01 1.048e-02 0.000e+00
6.000e-02 1.133e-02 1.761e-01 9.782e-03 0.000e+00
6.486e-02 9.809e-03 1.743e-01 7.557e-03 0.000e+00
7.161e-02 8.157e-03 1.717e-01 5.443e-03 0.000e+00
7.905e-02 6.774e-03 1.689e-01 3.923e-03 0.000e+00
8.000e-02 6.623e-03 1.686e-01 3.770e-03 0.000e+00
8.726e-02 5.617e-03 1.659e-01 2.828e-03 0.000e+00
9.633e-02 4.650e-03 1.627e-01 2.039e-03 0.000e+00
1.000e-01 4.328e-03 1.614e-01 1.802e-03 0.000e+00
1.063e-01 3.848e-03 1.593e-01 1.472e-03 0.000e+00
1.174e-01 3.176e-03 1.556e-01 1.061e-03 0.000e+00
1.296e-01 2.621e-03 1.519e-01 7.670e-04 0.000e+00
1.431e-01 2.160e-03 1.480e-01 5.545e-04 0.000e+00
1.500e-01 1.970e-03 1.461e-01 4.755e-04 0.000e+00
1.579e-01 1.781e-03 1.440e-01 4.023e-04 0.000e+00
1.743e-01 1.466e-03 1.399e-01 2.920e-04 0.000e+00
1.925e-01 1.205e-03 1.358e-01 2.120e-04 0.000e+00
2.000e-01 1.118e-03 1.342e-01 1.876e-04 0.000e+00
2.125e-01 9.913e-04 1.316e-01 1.546e-04 0.000e+00
2.345e-01 8.156e-04 1.274e-01 1.132e-04 0.000e+00
2.589e-01 6.702e-04 1.232e-01 8.313e-05 0.000e+00
2.858e-01 5.507e-04 1.190e-01 6.131e-05 0.000e+00
3.000e-01 5.001e-04 1.169e-01 5.289e-05 0.000e+00
3.155e-01 4.524e-04 1.147e-01 4.543e-05 0.000e+00
3.483e-01 3.715e-04 1.106e-01 3.384e-05 0.000e+00
3.845e-01 3.051e-04 1.064e-01 2.535e-05 0.000e+00
4.000e-01 2.820e-04 1.048e-01 2.262e-05 0.000e+00
4.245e-01 2.505e-04 1.024e-01 1.910e-05 0.000e+00
4.686e-01 2.056e-04 9.835e-02 1.452e-05 0.000e+00
5.000e-01 1.807e-04 9.575e-02 1.219e-05 0.000e+00
5.173e-01 1.688e-04 9.439e-02 1.114e-05 0.000e+00
5.710e-01 1.386e-04 9.050e-02 8.626e-06 0.000e+00
6.000e-01 1.256e-04 8.858e-02 7.588e-06 0.000e+00
6.304e-01 1.138e-04 8.668e-02 6.672e-06 0.000e+00
6.959e-01 9.337e-05 8.296e-02 5.192e-06 0.000e+00
7.682e-01 7.663e-05 7.931e-02 4.147e-06 0.000e+00
8.000e-01 7.066e-05 7.783e-02 3.829e-06 0.000e+00
8.480e-01 6.289e-05 7.573e-02 3.457e-06 0.000e+00
9.361e-01 5.161e-05 7.225e-02 2.859e-06 0.000e+00
1.000e+00 4.523e-05 7.000e-02 2.380e-06 0.000e+00
1.022e+00 4.331e-05 6.927e-02 2.212e-06 0.000e+00
1.033e+00 4.240e-05 6.891e-02 2.138e-06 3.024e-09
1.141e+00 3.476e-05 6.559e-02 1.716e-06 2.871e-06
1.250e+00 2.896e-05 6.259e-02 1.502e-06 1.553e-05
1.259e+00 2.855e-05 6.236e-02 1.485e-06 1.709e-05
1.390e+00 2.342e-05 5.923e-02 1.253e-06 4.843e-05
1.500e+00 2.011e-05 5.689e-02 1.090e-06 8.606e-05
1.535e+00 1.920e-05 5.620e-02 1.046e-06 9.991e-05
1.694e+00 1.577e-05 5.328e-02 8.873e-07 1.723e-04
1.870e+00 1.294e-05 5.044e-02 7.603e-07 2.666e-04
2.000e+00 1.131e-05 4.855e-02 6.862e-07 3.428e-04
2.044e+00 1.083e-05 4.794e-02 6.638e-07 3.695e-04
2.065e+00 1.061e-05 4.766e-02 6.536e-07 3.823e-04
2.279e+00 8.709e-06 4.501e-02 5.644e-07 5.170e-04
2.516e+00 7.146e-06 4.246e-02 4.895e-07 6.716e-04
2.778e+00 5.863e-06 4.002e-02 4.262e-07 8.458e-04
3.000e+00 5.028e-06 3.819e-02 3.838e-07 9.941e-04
3.066e+00 4.814e-06 3.768e-02 3.727e-07 1.038e-03
3.385e+00 3.950e-06 3.543e-02 3.268e-07 1.250e-03
3.737e+00 3.241e-06 3.328e-02 2.875e-07 1.479e-03
4.000e+00 2.829e-06 3.186e-02 2.636e-07 1.646e-03
4.125e+00 2.660e-06 3.123e-02 2.536e-07 1.724e-03
4.554e+00 2.182e-06 2.927e-02 2.242e-07 1.984e-03
5.000e+00 1.810e-06 2.751e-02 2.000e-07 2.244e-03
5.027e+00 1.791e-06 2.741e-02 1.987e-07 2.259e-03
5.549e+00 1.470e-06 2.565e-02 1.764e-07 2.552e-03
6.000e+00 1.257e-06 2.432e-02 1.608e-07 2.792e-03
6.126e+00 1.206e-06 2.397e-02 1.569e-07 2.856e-03
6.762e+00 9.896e-07 2.239e-02 1.399e-07 3.172e-03
7.000e+00 9.235e-07 2.186e-02 1.344e-07 3.285e-03
7.465e+00 8.121e-07 2.089e-02 1.248e-07 3.499e-03
8.000e+00 7.072e-07 1.989e-02 1.153e-07 3.734e-03
8.241e+00 6.664e-07 1.948e-02 1.115e-07 3.837e-03
9.000e+00 5.588e-07 1.829e-02 1.010e-07 4.146e-03
9.097e+00 5.469e-07 1.815e-02 9.980e-08 4.184e-03
1.000e+01 4.526e-07 1.694e-02 8.982e-08 4.520e-03
1.004e+01 4.490e-07 1.689e-02 8.943e-08 4.534e-03
1.100e+01 3.740e-07 1.580e-02 8.085e-08 4.864e-03
1.109e+01 3.680e-07 1.571e-02 8.013e-08 4.894e-03
1.200e+01 3.143e-07 1.482e-02 7.350e-08 5.181e-03
1.224e+01 3.021e-07 1.460e-02 7.193e-08 5.253e-03
1.300e+01 2.678e-07 1.396e-02 6.737e-08 5.477e-03
1.351e+01 2.480e-07 1.356e-02 6.462e-08 5.620e-03
1.400e+01 2.309e-07 1.321e-02 6.218e-08 5.753e-03
1.491e+01 2.036e-07 1.260e-02 5.811e-08 5.988e-03
1.500e+01 2.011e-07 1.254e-02 5.773e-08 6.011e-03
1.600e+01 1.768e-07 1.194e-02 5.388e-08 6.257e-03
1.646e+01 1.670e-07 1.169e-02 5.228e-08 6.365e-03
1.800e+01 1.397e-07 1.091e-02 4.753e-08 6.703e-03
1.818e+01 1.369e-07 1.083e-02 4.703e-08 6.741e-03
2.000e+01 1.131e-07 1.006e-02 4.251e-08 7.106e-03
