# TITANIUM DIOXIDE from NIST Database
4.260e+00 0.000e+00 0.000e+00 0.000e+00 0.000e+00
8.000e+00 2.504e-02 3.500e+00 0.000e+00 0.000e+00
2.200e+01 1.252e-02 3.500e+00 0.000e+00 0.000e+00
0.000e+00 0.000e+00 0.000e+00 0.000e+00 0.000e+00
1.000e-03 2.814e+00 1.050e-02 5.354e+03 0.000e+00
1.020e-03 2.804e+00 1.081e-02 5.087e+03 0.000e+00
1.126e-03 2.754e+00 1.249e-02 3.942e+03 0.000e+00
1.243e-03 2.702e+00 1.443e-02 3.053e+03 0.000e+00
1.372e-03 2.645e+00 1.660e-02 2.364e+03 0.000e+00
1.500e-03 2.588e+00 1.877e-02 1.874e+03 0.000e+00
1.515e-03 2.581e+00 1.902e-02 1.825e+03 0.000e+00
1.672e-03 2.509e+00 2.165e-02 1.403e+03 0.000e+00
1.846e-03 2.429e+00 2.454e-02 1.076e+03 0.000e+00
2.000e-03 2.360e+00 2.710e-02 8.671e+02 0.000e+00
2.038e-03 2.343e+00 2.773e-02 8.235e+02 0.000e+00
2.250e-03 2.250e+00 3.124e-02 6.278e+02 0.000e+00
2.483e-03 2.152e+00 3.508e-02 4.788e+02 0.000e+00
2.741e-03 2.048e+00 3.928e-02 3.646e+02 0.000e+00
3.000e-03 1.949e+00 4.339e-02 2.841e+02 0.000e+00
3.026e-03 1.939e+00 4.379e-02 2.773e+02 0.000e+00
3.341e-03 1.824e+00 4.862e-02 2.101e+02 0.000e+00
3.688e-03 1.706e+00 5.370e-02 1.591e+02 0.000e+00
4.000e-03 1.607e+00 5.805e-02 1.266e+02 0.000e+00
4.071e-03 1.585e+00 5.901e-02 1.204e+02 0.000e+00
4.494e-03 1.463e+00 6.449e-02 9.093e+01 0.000e+00
4.961e-03 1.344e+00 7.004e-02 6.861e+01 0.000e+00
4.966e-03 1.343e+00 7.010e-02 6.840e+01 0.000e+00
4.966e-03 1.343e+00 7.010e-02 4.304e+02 0.000e+00
5.000e-03 1.335e+00 7.048e-02 4.277e+02 0.000e+00
5.477e-03 1.228e+00 7.561e-02 3.557e+02 0.000e+00
6.000e-03 1.123e+00 8.076e-02 2.691e+02 0.000e+00
6.046e-03 1.115e+00 8.119e-02 2.629e+02 0.000e+00
6.675e-03 1.008e+00 8.666e-02 1.987e+02 0.000e+00
7.368e-03 9.095e-01 9.197e-02 1.541e+02 0.000e+00
8.000e-03 8.334e-01 9.623e-02 1.250e+02 0.000e+00
8.134e-03 8.187e-01 9.707e-02 1.197e+02 0.000e+00
8.979e-03 7.360e-01 1.019e-01 9.173e+01 0.000e+00
9.912e-03 6.607e-01 1.066e-01 6.967e+01 0.000e+00
1.000e-02 6.544e-01 1.070e-01 6.796e+01 0.000e+00
1.094e-02 5.927e-01 1.109e-01 5.286e+01 0.000e+00
1.208e-02 5.303e-01 1.151e-01 4.004e+01 0.000e+00
1.334e-02 4.729e-01 1.191e-01 3.028e+01 0.000e+00
1.472e-02 4.201e-01 1.229e-01 2.290e+01 0.000e+00
1.500e-02 4.104e-01 1.236e-01 2.170e+01 0.000e+00
1.625e-02 3.708e-01 1.265e-01 1.725e+01 0.000e+00
1.794e-02 3.253e-01 1.299e-01 1.296e+01 0.000e+00
1.980e-02 2.837e-01 1.331e-01 9.717e+00 0.000e+00
2.000e-02 2.797e-01 1.334e-01 9.435e+00 0.000e+00
2.186e-02 2.459e-01 1.360e-01 7.268e+00 0.000e+00
2.413e-02 2.121e-01 1.386e-01 5.429e+00 0.000e+00
2.664e-02 1.821e-01 1.408e-01 4.047e+00 0.000e+00
2.941e-02 1.559e-01 1.427e-01 3.011e+00 0.000e+00
3.000e-02 1.511e-01 1.430e-01 2.837e+00 0.000e+00
3.247e-02 1.332e-01 1.442e-01 2.236e+00 0.000e+00
3.584e-02 1.136e-01 1.452e-01 1.659e+00 0.000e+00
3.957e-02 9.675e-02 1.459e-01 1.229e+00 0.000e+00
4.000e-02 9.505e-02 1.460e-01 1.189e+00 0.000e+00
4.368e-02 8.229e-02 1.462e-01 9.091e-01 0.000e+00
4.822e-02 6.988e-02 1.461e-01 6.717e-01 0.000e+00
5.000e-02 6.579e-02 1.460e-01 6.009e-01 0.000e+00
5.323e-02 5.923e-02 1.457e-01 4.956e-01 0.000e+00
5.876e-02 5.010e-02 1.450e-01 3.653e-01 0.000e+00
6.000e-02 4.835e-02 1.448e-01 3.424e-01 0.000e+00
6.486e-02 4.228e-02 1.439e-01 2.691e-01 0.000e+00
7.161e-02 3.557e-02 1.426e-01 1.979e-01 0.000e+00
7.905e-02 2.985e-02 1.410e-01 1.455e-01 0.000e+00
8.000e-02 2.922e-02 1.407e-01 1.402e-01 0.000e+00
8.726e-02 2.499e-02 1.390e-01 1.069e-01 0.000e+00
9.633e-02 2.087e-02 1.368e-01 7.848e-02 0.000e+00
1.000e-01 1.948e-02 1.359e-01 6.982e-02 0.000e+00
1.063e-01 1.741e-02 1.344e-01 5.768e-02 0.000e+00
1.174e-01 1.447e-02 1.318e-01 4.228e-02 0.000e+00
1.296e-01 1.203e-02 1.290e-01 3.104e-02 0.000e+00
1.431e-01 9.975e-03 1.260e-01 2.279e-02 0.000e+00
1.500e-01 9.124e-03 1.245e-01 1.968e-02 0.000e+00
1.579e-01 8.277e-03 1.229e-01 1.678e-02 0.000e+00
1.743e-01 6.857e-03 1.196e-01 1.235e-02 0.000e+00
1.925e-01 5.669e-03 1.163e-01 9.091e-03 0.000e+00
2.000e-01 5.267e-03 1.149e-01 8.084e-03 0.000e+00
2.125e-01 4.687e-03 1.128e-01 6.714e-03 0.000e+00
2.345e-01 3.874e-03 1.094e-01 4.976e-03 0.000e+00
2.589e-01 3.196e-03 1.058e-01 3.693e-03 0.000e+00
2.858e-01 2.636e-03 1.023e-01 2.752e-03 0.000e+00
3.000e-01 2.397e-03 1.006e-01 2.385e-03 0.000e+00
3.155e-01 2.172e-03 9.878e-02 2.059e-03 0.000e+00
3.483e-01 1.789e-03 9.525e-02 1.547e-03 0.000e+00
3.845e-01 1.472e-03 9.174e-02 1.169e-03 0.000e+00
4.000e-01 1.362e-03 9.035e-02 1.046e-03 0.000e+00
4.245e-01 1.211e-03 8.827e-02 8.876e-04 0.000e+00
4.686e-01 9.959e-04 8.484e-02 6.789e-04 0.000e+00
5.000e-01 8.758e-04 8.262e-02 5.718e-04 0.000e+00
5.173e-01 8.187e-04 8.146e-02 5.233e-04 0.000e+00
5.710e-01 6.730e-04 7.814e-02 4.066e-04 0.000e+00
6.000e-01 6.099e-04 7.649e-02 3.590e-04 0.000e+00
6.304e-01 5.529e-04 7.486e-02 3.174e-04 0.000e+00
6.959e-01 4.542e-04 7.166e-02 2.497e-04 0.000e+00
7.682e-01 3.731e-04 6.852e-02 1.991e-04 0.000e+00
8.000e-01 3.441e-04 6.726e-02 1.825e-04 0.000e+00
8.480e-01 3.063e-04 6.546e-02 1.619e-04 0.000e+00
9.361e-01 2.515e-04 6.246e-02 1.320e-04 0.000e+00
1.000e+00 2.205e-04 6.050e-02 1.135e-04 0.000e+00
1.022e+00 2.111e-04 5.986e-02 1.075e-04 0.000e+00
1.033e+00 2.067e-04 5.955e-02 1.048e-04 8.745e-09
1.141e+00 1.695e-04 5.668e-02 8.548e-05 7.910e-06
1.250e+00 1.412e-04 5.412e-02 7.279e-05 4.115e-05
1.259e+00 1.392e-04 5.392e-02 7.188e-05 4.516e-05
1.390e+00 1.143e-04 5.121e-02 6.024e-05 1.240e-04
1.500e+00 9.815e-05 4.919e-02 5.256e-05 2.165e-04
1.535e+00 9.373e-05 4.858e-02 5.047e-05 2.504e-04
1.694e+00 7.697e-05 4.606e-02 4.264e-05 4.271e-04
1.870e+00 6.317e-05 4.361e-02 3.623e-05 6.577e-04
2.000e+00 5.523e-05 4.199e-02 3.253e-05 8.445e-04
2.044e+00 5.288e-05 4.147e-02 3.143e-05 9.100e-04
2.065e+00 5.181e-05 4.122e-02 3.093e-05 9.414e-04
2.279e+00 4.254e-05 3.894e-02 2.655e-05 1.268e-03
2.516e+00 3.491e-05 3.674e-02 2.289e-05 1.634e-03
2.778e+00 2.864e-05 3.462e-02 1.981e-05 2.039e-03
3.000e+00 2.456e-05 3.304e-02 1.776e-05 2.379e-03
3.066e+00 2.351e-05 3.260e-02 1.722e-05 2.479e-03
3.385e+00 1.929e-05 3.065e-02 1.502e-05 2.961e-03
3.737e+00 1.583e-05 2.879e-02 1.314e-05 3.479e-03
4.000e+00 1.381e-05 2.756e-02 1.201e-05 3.854e-03
4.125e+00 1.299e-05 2.701e-02 1.153e-05 4.028e-03
4.554e+00 1.066e-05 2.532e-02 1.015e-05 4.604e-03
5.000e+00 8.843e-06 2.380e-02 9.013e-06 5.176e-03
5.027e+00 8.748e-06 2.372e-02 8.952e-06 5.210e-03
5.549e+00 7.179e-06 2.219e-02 7.914e-06 5.847e-03
6.000e+00 6.140e-06 2.103e-02 7.190e-06 6.367e-03
6.126e+00 5.890e-06 2.074e-02 7.010e-06 6.509e-03
6.762e+00 4.834e-06 1.937e-02 6.223e-06 7.189e-03
7.000e+00 4.511e-06 1.891e-02 5.972e-06 7.433e-03
7.465e+00 3.967e-06 1.807e-02 5.534e-06 7.890e-03
8.000e+00 3.454e-06 1.720e-02 5.102e-06 8.393e-03
8.241e+00 3.255e-06 1.685e-02 4.928e-06 8.612e-03
9.000e+00 2.729e-06 1.582e-02 4.451e-06 9.268e-03
9.097e+00 2.671e-06 1.570e-02 4.396e-06 9.348e-03
1.000e+01 2.210e-06 1.465e-02 3.946e-06 1.006e-02
1.004e+01 2.193e-06 1.461e-02 3.928e-06 1.009e-02
1.100e+01 1.827e-06 1.367e-02 3.542e-06 1.078e-02
1.109e+01 1.797e-06 1.359e-02 3.510e-06 1.084e-02
1.200e+01 1.535e-06 1.282e-02 3.214e-06 1.145e-02
1.224e+01 1.475e-06 1.263e-02 3.144e-06 1.160e-02
1.300e+01 1.308e-06 1.208e-02 2.940e-06 1.206e-02
1.351e+01 1.211e-06 1.173e-02 2.818e-06 1.236e-02
1.400e+01 1.128e-06 1.142e-02 2.709e-06 1.263e-02
1.491e+01 9.942e-07 1.090e-02 2.528e-06 1.313e-02
1.500e+01 9.823e-07 1.085e-02 2.511e-06 1.317e-02
1.600e+01 8.631e-07 1.033e-02 2.341e-06 1.368e-02
1.646e+01 8.155e-07 1.011e-02 2.270e-06 1.390e-02
1.800e+01 6.822e-07 9.440e-03 2.060e-06 1.460e-02
1.818e+01 6.688e-07 9.369e-03 2.038e-06 1.468e-02
2.000e+01 5.526e-07 8.705e-03 1.840e-06 1.543e-02
