# THALLIUM from NIST Database
1.172e+01 0.000e+00 0.000e+00 0.000e+00 0.000e+00
8.100e+01 1.000e+00 3.500e+00 0.000e+00 0.000e+00
0.000e+00 0.000e+00 0.000e+00 0.000e+00 0.000e+00
1.000e-03 1.239e+01 3.618e-03 4.994e+03 0.000e+00
1.020e-03 1.237e+01 3.730e-03 4.803e+03 0.000e+00
1.126e-03 1.226e+01 4.338e-03 3.953e+03 0.000e+00
1.243e-03 1.215e+01 5.033e-03 3.254e+03 0.000e+00
1.372e-03 1.203e+01 5.813e-03 2.679e+03 0.000e+00
1.500e-03 1.190e+01 6.585e-03 2.247e+03 0.000e+00
1.515e-03 1.189e+01 6.675e-03 2.200e+03 0.000e+00
1.672e-03 1.173e+01 7.603e-03 1.785e+03 0.000e+00
1.846e-03 1.153e+01 8.618e-03 1.446e+03 0.000e+00
2.000e-03 1.135e+01 9.517e-03 1.220e+03 0.000e+00
2.038e-03 1.130e+01 9.740e-03 1.170e+03 0.000e+00
2.250e-03 1.104e+01 1.097e-02 9.411e+02 0.000e+00
2.389e-03 1.089e+01 1.173e-02 8.244e+02 0.000e+00
2.389e-03 1.089e+01 1.173e-02 1.121e+03 0.000e+00
2.483e-03 1.080e+01 1.221e-02 2.003e+03 0.000e+00
2.485e-03 1.079e+01 1.222e-02 2.029e+03 0.000e+00
2.485e-03 1.079e+01 1.222e-02 2.345e+03 0.000e+00
2.741e-03 1.050e+01 1.361e-02 2.111e+03 0.000e+00
2.957e-03 1.024e+01 1.478e-02 1.947e+03 0.000e+00
2.957e-03 1.024e+01 1.478e-02 2.255e+03 0.000e+00
3.000e-03 1.019e+01 1.501e-02 2.178e+03 0.000e+00
3.026e-03 1.016e+01 1.515e-02 2.132e+03 0.000e+00
3.341e-03 9.809e+00 1.679e-02 1.670e+03 0.000e+00
3.416e-03 9.726e+00 1.718e-02 1.581e+03 0.000e+00
3.416e-03 9.726e+00 1.718e-02 1.677e+03 0.000e+00
3.688e-03 9.431e+00 1.857e-02 1.397e+03 0.000e+00
3.704e-03 9.414e+00 1.865e-02 1.383e+03 0.000e+00
3.704e-03 9.414e+00 1.865e-02 1.443e+03 0.000e+00
4.000e-03 9.102e+00 2.014e-02 1.203e+03 0.000e+00
4.071e-03 9.028e+00 2.049e-02 1.153e+03 0.000e+00
4.494e-03 8.605e+00 2.256e-02 9.059e+02 0.000e+00
4.961e-03 8.165e+00 2.480e-02 7.121e+02 0.000e+00
5.000e-03 8.129e+00 2.498e-02 6.986e+02 0.000e+00
5.477e-03 7.712e+00 2.722e-02 5.572e+02 0.000e+00
6.000e-03 7.287e+00 2.961e-02 4.443e+02 0.000e+00
6.046e-03 7.251e+00 2.982e-02 4.358e+02 0.000e+00
6.675e-03 6.784e+00 3.261e-02 3.394e+02 0.000e+00
7.368e-03 6.318e+00 3.557e-02 2.645e+02 0.000e+00
8.000e-03 5.934e+00 3.816e-02 2.148e+02 0.000e+00
8.134e-03 5.857e+00 3.869e-02 2.059e+02 0.000e+00
8.979e-03 5.405e+00 4.192e-02 1.597e+02 0.000e+00
9.912e-03 4.960e+00 4.523e-02 1.239e+02 0.000e+00
1.000e-02 4.921e+00 4.552e-02 1.211e+02 0.000e+00
1.094e-02 4.525e+00 4.855e-02 9.584e+01 0.000e+00
1.208e-02 4.103e+00 5.191e-02 7.405e+01 0.000e+00
1.266e-02 3.913e+00 5.351e-02 6.559e+01 0.000e+00
1.266e-02 3.913e+00 5.351e-02 1.653e+02 0.000e+00
1.334e-02 3.705e+00 5.531e-02 1.435e+02 0.000e+00
1.470e-02 3.332e+00 5.866e-02 1.105e+02 0.000e+00
1.470e-02 3.332e+00 5.866e-02 1.538e+02 0.000e+00
1.472e-02 3.327e+00 5.872e-02 1.532e+02 0.000e+00
1.500e-02 3.256e+00 5.937e-02 1.464e+02 0.000e+00
1.535e-02 3.173e+00 6.017e-02 1.383e+02 0.000e+00
1.535e-02 3.173e+00 6.017e-02 1.599e+02 0.000e+00
1.625e-02 2.971e+00 6.215e-02 1.382e+02 0.000e+00
1.794e-02 2.636e+00 6.554e-02 1.073e+02 0.000e+00
1.980e-02 2.329e+00 6.890e-02 8.335e+01 0.000e+00
2.000e-02 2.299e+00 6.924e-02 8.123e+01 0.000e+00
2.186e-02 2.053e+00 7.227e-02 6.424e+01 0.000e+00
2.413e-02 1.807e+00 7.562e-02 4.949e+01 0.000e+00
2.664e-02 1.588e+00 7.890e-02 3.811e+01 0.000e+00
2.941e-02 1.392e+00 8.206e-02 2.935e+01 0.000e+00
3.000e-02 1.355e+00 8.268e-02 2.785e+01 0.000e+00
3.247e-02 1.216e+00 8.505e-02 2.252e+01 0.000e+00
3.584e-02 1.060e+00 8.782e-02 1.727e+01 0.000e+00
3.957e-02 9.185e-01 9.035e-02 1.323e+01 0.000e+00
4.000e-02 9.040e-01 9.060e-02 1.286e+01 0.000e+00
4.368e-02 7.922e-01 9.259e-02 1.012e+01 0.000e+00
4.822e-02 6.802e-01 9.454e-02 7.738e+00 0.000e+00
5.000e-02 6.426e-01 9.517e-02 7.013e+00 0.000e+00
5.323e-02 5.821e-01 9.617e-02 5.910e+00 0.000e+00
5.876e-02 4.972e-01 9.747e-02 4.511e+00 0.000e+00
6.000e-02 4.809e-01 9.771e-02 4.261e+00 0.000e+00
6.486e-02 4.245e-01 9.845e-02 3.439e+00 0.000e+00
7.161e-02 3.621e-01 9.912e-02 2.619e+00 0.000e+00
7.905e-02 3.083e-01 9.950e-02 1.995e+00 0.000e+00
8.000e-02 3.023e-01 9.953e-02 1.931e+00 0.000e+00
8.553e-02 2.707e-01 9.962e-02 1.605e+00 0.000e+00
8.553e-02 2.707e-01 9.962e-02 7.676e+00 0.000e+00
8.726e-02 2.619e-01 9.962e-02 7.281e+00 0.000e+00
9.633e-02 2.222e-01 9.940e-02 5.613e+00 0.000e+00
1.000e-01 2.087e-01 9.924e-02 5.089e+00 0.000e+00
1.063e-01 1.881e-01 9.889e-02 4.336e+00 0.000e+00
1.174e-01 1.585e-01 9.810e-02 3.345e+00 0.000e+00
1.296e-01 1.332e-01 9.706e-02 2.583e+00 0.000e+00
1.431e-01 1.118e-01 9.578e-02 1.992e+00 0.000e+00
1.500e-01 1.028e-01 9.508e-02 1.759e+00 0.000e+00
1.579e-01 9.377e-02 9.427e-02 1.535e+00 0.000e+00
1.743e-01 7.855e-02 9.256e-02 1.180e+00 0.000e+00
1.925e-01 6.570e-02 9.065e-02 9.059e-01 0.000e+00
2.000e-01 6.132e-02 8.987e-02 8.182e-01 0.000e+00
2.125e-01 5.495e-02 8.859e-02 6.966e-01 0.000e+00
2.345e-01 4.595e-02 8.641e-02 5.369e-01 0.000e+00
2.589e-01 3.835e-02 8.411e-02 4.141e-01 0.000e+00
2.858e-01 3.198e-02 8.172e-02 3.202e-01 0.000e+00
3.000e-01 2.924e-02 8.053e-02 2.825e-01 0.000e+00
3.155e-01 2.663e-02 7.927e-02 2.482e-01 0.000e+00
3.483e-01 2.215e-02 7.677e-02 1.929e-01 0.000e+00
3.845e-01 1.840e-02 7.424e-02 1.505e-01 0.000e+00
4.000e-01 1.708e-02 7.322e-02 1.364e-01 0.000e+00
4.245e-01 1.526e-02 7.168e-02 1.178e-01 0.000e+00
4.686e-01 1.265e-02 6.912e-02 9.268e-02 0.000e+00
5.000e-01 1.118e-02 6.745e-02 7.938e-02 0.000e+00
5.173e-01 1.047e-02 6.657e-02 7.325e-02 0.000e+00
5.710e-01 8.667e-03 6.403e-02 5.819e-02 0.000e+00
6.000e-01 7.879e-03 6.276e-02 5.195e-02 0.000e+00
6.304e-01 7.163e-03 6.149e-02 4.644e-02 0.000e+00
6.959e-01 5.916e-03 5.895e-02 3.726e-02 0.000e+00
7.682e-01 4.884e-03 5.646e-02 3.004e-02 0.000e+00
8.000e-01 4.514e-03 5.545e-02 2.755e-02 0.000e+00
8.480e-01 4.030e-03 5.403e-02 2.436e-02 0.000e+00
9.361e-01 3.324e-03 5.163e-02 1.984e-02 0.000e+00
1.000e+00 2.921e-03 5.003e-02 1.735e-02 0.000e+00
1.022e+00 2.799e-03 4.950e-02 1.661e-02 0.000e+00
1.033e+00 2.741e-03 4.924e-02 1.626e-02 8.292e-08
1.141e+00 2.255e-03 4.691e-02 1.336e-02 7.335e-05
1.250e+00 1.885e-03 4.485e-02 1.121e-02 3.710e-04
1.259e+00 1.859e-03 4.468e-02 1.105e-02 4.060e-04
1.390e+00 1.529e-03 4.247e-02 9.178e-03 1.063e-03
1.500e+00 1.316e-03 4.081e-02 7.982e-03 1.767e-03
1.535e+00 1.257e-03 4.032e-02 7.656e-03 2.008e-03
1.694e+00 1.035e-03 3.827e-02 6.426e-03 3.143e-03
1.870e+00 8.508e-04 3.625e-02 5.414e-03 4.415e-03
2.000e+00 7.446e-04 3.489e-02 4.829e-03 5.348e-03
2.044e+00 7.131e-04 3.444e-02 4.655e-03 5.663e-03
2.065e+00 6.987e-04 3.424e-02 4.576e-03 5.813e-03
2.279e+00 5.743e-04 3.232e-02 3.889e-03 7.298e-03
2.516e+00 4.717e-04 3.051e-02 3.318e-03 8.856e-03
2.778e+00 3.873e-04 2.878e-02 2.841e-03 1.048e-02
3.000e+00 3.324e-04 2.748e-02 2.525e-03 1.177e-02
3.066e+00 3.183e-04 2.711e-02 2.443e-03 1.215e-02
3.385e+00 2.613e-04 2.550e-02 2.107e-03 1.389e-02
3.737e+00 2.145e-04 2.396e-02 1.823e-03 1.570e-02
4.000e+00 1.873e-04 2.293e-02 1.654e-03 1.697e-02
4.125e+00 1.762e-04 2.248e-02 1.583e-03 1.756e-02
4.554e+00 1.446e-04 2.107e-02 1.378e-03 1.948e-02
5.000e+00 1.200e-04 1.981e-02 1.212e-03 2.134e-02
5.027e+00 1.187e-04 1.974e-02 1.203e-03 2.145e-02
5.549e+00 9.744e-05 1.847e-02 1.054e-03 2.348e-02
6.000e+00 8.336e-05 1.751e-02 9.502e-04 2.512e-02
6.126e+00 7.997e-05 1.727e-02 9.247e-04 2.555e-02
6.762e+00 6.564e-05 1.613e-02 8.135e-04 2.768e-02
7.000e+00 6.126e-05 1.574e-02 7.782e-04 2.844e-02
7.465e+00 5.387e-05 1.505e-02 7.171e-04 2.987e-02
8.000e+00 4.691e-05 1.433e-02 6.574e-04 3.143e-02
8.241e+00 4.421e-05 1.403e-02 6.335e-04 3.212e-02
9.000e+00 3.707e-05 1.317e-02 5.684e-04 3.418e-02
9.097e+00 3.628e-05 1.307e-02 5.610e-04 3.443e-02
1.000e+01 3.002e-05 1.220e-02 5.000e-04 3.669e-02
1.004e+01 2.979e-05 1.217e-02 4.976e-04 3.679e-02
1.100e+01 2.482e-05 1.139e-02 4.458e-04 3.900e-02
1.109e+01 2.442e-05 1.132e-02 4.415e-04 3.920e-02
1.200e+01 2.086e-05 1.068e-02 4.022e-04 4.118e-02
1.224e+01 2.005e-05 1.052e-02 3.929e-04 4.168e-02
1.300e+01 1.777e-05 1.006e-02 3.662e-04 4.321e-02
1.351e+01 1.646e-05 9.775e-03 3.503e-04 4.419e-02
1.400e+01 1.532e-05 9.517e-03 3.362e-04 4.510e-02
1.491e+01 1.351e-05 9.075e-03 3.124e-04 4.671e-02
1.500e+01 1.335e-05 9.034e-03 3.103e-04 4.687e-02
1.600e+01 1.173e-05 8.604e-03 2.883e-04 4.851e-02
1.646e+01 1.109e-05 8.421e-03 2.792e-04 4.923e-02
1.800e+01 9.273e-06 7.864e-03 2.524e-04 5.150e-02
1.818e+01 9.090e-06 7.804e-03 2.496e-04 5.175e-02
2.000e+01 7.511e-06 7.251e-03 2.243e-04 5.414e-02
