# THULIUM from NIST Database
9.321e+00 0.000e+00 0.000e+00 0.000e+00 0.000e+00
6.900e+01 1.000e+00 3.500e+00 0.000e+00 0.000e+00
0.000e+00 0.000e+00 0.000e+00 0.000e+00 0.000e+00
1.000e-03 1.078e+01 4.916e-03 2.888e+03 0.000e+00
1.020e-03 1.076e+01 5.041e-03 2.777e+03 0.000e+00
1.126e-03 1.067e+01 5.712e-03 2.284e+03 0.000e+00
1.243e-03 1.056e+01 6.467e-03 1.878e+03 0.000e+00
1.372e-03 1.044e+01 7.310e-03 1.545e+03 0.000e+00
1.468e-03 1.035e+01 7.939e-03 1.352e+03 0.000e+00
1.468e-03 1.035e+01 7.939e-03 1.845e+03 0.000e+00
1.500e-03 1.032e+01 8.149e-03 3.925e+03 0.000e+00
1.515e-03 1.031e+01 8.242e-03 4.135e+03 0.000e+00
1.515e-03 1.031e+01 8.242e-03 4.820e+03 0.000e+00
1.515e-03 1.031e+01 8.244e-03 4.818e+03 0.000e+00
1.672e-03 1.015e+01 9.241e-03 4.255e+03 0.000e+00
1.846e-03 9.984e+00 1.035e-02 3.754e+03 0.000e+00
1.884e-03 9.946e+00 1.060e-02 3.657e+03 0.000e+00
1.884e-03 9.946e+00 1.060e-02 4.242e+03 0.000e+00
2.000e-03 9.828e+00 1.134e-02 3.675e+03 0.000e+00
2.038e-03 9.789e+00 1.158e-02 3.517e+03 0.000e+00
2.090e-03 9.735e+00 1.191e-02 3.317e+03 0.000e+00
2.090e-03 9.735e+00 1.191e-02 3.524e+03 0.000e+00
2.250e-03 9.572e+00 1.293e-02 2.977e+03 0.000e+00
2.307e-03 9.514e+00 1.329e-02 2.813e+03 0.000e+00
2.307e-03 9.514e+00 1.329e-02 2.936e+03 0.000e+00
2.483e-03 9.340e+00 1.442e-02 2.470e+03 0.000e+00
2.741e-03 9.087e+00 1.606e-02 1.959e+03 0.000e+00
3.000e-03 8.834e+00 1.768e-02 1.585e+03 0.000e+00
3.026e-03 8.808e+00 1.785e-02 1.552e+03 0.000e+00
3.341e-03 8.499e+00 1.978e-02 1.219e+03 0.000e+00
3.688e-03 8.163e+00 2.185e-02 9.587e+02 0.000e+00
4.000e-03 7.867e+00 2.366e-02 7.867e+02 0.000e+00
4.071e-03 7.802e+00 2.407e-02 7.528e+02 0.000e+00
4.494e-03 7.419e+00 2.645e-02 5.877e+02 0.000e+00
4.961e-03 7.019e+00 2.898e-02 4.588e+02 0.000e+00
5.000e-03 6.987e+00 2.919e-02 4.499e+02 0.000e+00
5.477e-03 6.606e+00 3.165e-02 3.568e+02 0.000e+00
6.000e-03 6.217e+00 3.422e-02 2.829e+02 0.000e+00
6.046e-03 6.184e+00 3.444e-02 2.774e+02 0.000e+00
6.675e-03 5.758e+00 3.736e-02 2.149e+02 0.000e+00
7.368e-03 5.332e+00 4.037e-02 1.665e+02 0.000e+00
8.000e-03 4.980e+00 4.296e-02 1.346e+02 0.000e+00
8.134e-03 4.910e+00 4.348e-02 1.289e+02 0.000e+00
8.648e-03 4.652e+00 4.545e-02 1.099e+02 0.000e+00
8.648e-03 4.652e+00 4.545e-02 2.945e+02 0.000e+00
8.979e-03 4.496e+00 4.667e-02 2.670e+02 0.000e+00
9.617e-03 4.217e+00 4.898e-02 2.232e+02 0.000e+00
9.617e-03 4.217e+00 4.898e-02 3.059e+02 0.000e+00
9.912e-03 4.096e+00 5.003e-02 2.848e+02 0.000e+00
1.000e-02 4.060e+00 5.033e-02 2.789e+02 0.000e+00
1.012e-02 4.014e+00 5.073e-02 2.704e+02 0.000e+00
1.012e-02 4.014e+00 5.073e-02 3.126e+02 0.000e+00
1.094e-02 3.705e+00 5.343e-02 2.554e+02 0.000e+00
1.208e-02 3.336e+00 5.695e-02 1.977e+02 0.000e+00
1.334e-02 2.991e+00 6.058e-02 1.530e+02 0.000e+00
1.472e-02 2.674e+00 6.427e-02 1.186e+02 0.000e+00
1.500e-02 2.617e+00 6.499e-02 1.130e+02 0.000e+00
1.625e-02 2.383e+00 6.805e-02 9.134e+01 0.000e+00
1.794e-02 2.117e+00 7.185e-02 7.021e+01 0.000e+00
1.980e-02 1.878e+00 7.562e-02 5.400e+01 0.000e+00
2.000e-02 1.855e+00 7.600e-02 5.258e+01 0.000e+00
2.186e-02 1.661e+00 7.932e-02 4.131e+01 0.000e+00
2.413e-02 1.466e+00 8.287e-02 3.159e+01 0.000e+00
2.664e-02 1.288e+00 8.626e-02 2.415e+01 0.000e+00
2.941e-02 1.126e+00 8.944e-02 1.847e+01 0.000e+00
3.000e-02 1.095e+00 9.005e-02 1.750e+01 0.000e+00
3.247e-02 9.787e-01 9.236e-02 1.407e+01 0.000e+00
3.584e-02 8.463e-01 9.500e-02 1.072e+01 0.000e+00
3.957e-02 7.288e-01 9.736e-02 8.160e+00 0.000e+00
4.000e-02 7.169e-01 9.760e-02 7.921e+00 0.000e+00
4.368e-02 6.262e-01 9.943e-02 6.202e+00 0.000e+00
4.822e-02 5.367e-01 1.012e-01 4.712e+00 0.000e+00
5.000e-02 5.069e-01 1.017e-01 4.260e+00 0.000e+00
5.323e-02 4.590e-01 1.026e-01 3.575e+00 0.000e+00
5.876e-02 3.929e-01 1.037e-01 2.712e+00 0.000e+00
5.939e-02 3.864e-01 1.038e-01 2.632e+00 0.000e+00
5.939e-02 3.864e-01 1.038e-01 1.413e+01 0.000e+00
6.000e-02 3.804e-01 1.039e-01 1.360e+01 0.000e+00
6.486e-02 3.366e-01 1.046e-01 1.058e+01 0.000e+00
7.161e-02 2.867e-01 1.051e-01 8.244e+00 0.000e+00
7.905e-02 2.434e-01 1.053e-01 6.583e+00 0.000e+00
8.000e-02 2.386e-01 1.053e-01 6.399e+00 0.000e+00
8.726e-02 2.060e-01 1.052e-01 5.126e+00 0.000e+00
9.633e-02 1.740e-01 1.047e-01 3.901e+00 0.000e+00
1.000e-01 1.631e-01 1.045e-01 3.513e+00 0.000e+00
1.063e-01 1.467e-01 1.040e-01 2.964e+00 0.000e+00
1.174e-01 1.232e-01 1.030e-01 2.258e+00 0.000e+00
1.296e-01 1.034e-01 1.018e-01 1.727e+00 0.000e+00
1.431e-01 8.661e-02 1.002e-01 1.320e+00 0.000e+00
1.500e-01 7.960e-02 9.942e-02 1.161e+00 0.000e+00
1.579e-01 7.260e-02 9.849e-02 1.009e+00 0.000e+00
1.743e-01 6.077e-02 9.657e-02 7.696e-01 0.000e+00
1.925e-01 5.078e-02 9.446e-02 5.856e-01 0.000e+00
2.000e-01 4.738e-02 9.361e-02 5.272e-01 0.000e+00
2.125e-01 4.242e-02 9.222e-02 4.466e-01 0.000e+00
2.345e-01 3.542e-02 8.987e-02 3.415e-01 0.000e+00
2.589e-01 2.950e-02 8.741e-02 2.613e-01 0.000e+00
2.858e-01 2.455e-02 8.487e-02 2.005e-01 0.000e+00
3.000e-01 2.242e-02 8.359e-02 1.762e-01 0.000e+00
3.155e-01 2.040e-02 8.226e-02 1.542e-01 0.000e+00
3.483e-01 1.692e-02 7.961e-02 1.190e-01 0.000e+00
3.845e-01 1.402e-02 7.693e-02 9.216e-02 0.000e+00
4.000e-01 1.300e-02 7.586e-02 8.331e-02 0.000e+00
4.245e-01 1.161e-02 7.424e-02 7.167e-02 0.000e+00
4.686e-01 9.601e-03 7.156e-02 5.603e-02 0.000e+00
5.000e-01 8.473e-03 6.980e-02 4.780e-02 0.000e+00
5.173e-01 7.935e-03 6.888e-02 4.402e-02 0.000e+00
5.710e-01 6.554e-03 6.621e-02 3.478e-02 0.000e+00
6.000e-01 5.953e-03 6.488e-02 3.097e-02 0.000e+00
6.304e-01 5.408e-03 6.356e-02 2.763e-02 0.000e+00
6.959e-01 4.462e-03 6.093e-02 2.208e-02 0.000e+00
7.682e-01 3.680e-03 5.834e-02 1.774e-02 0.000e+00
8.000e-01 3.399e-03 5.729e-02 1.624e-02 0.000e+00
8.480e-01 3.032e-03 5.579e-02 1.434e-02 0.000e+00
9.361e-01 2.498e-03 5.329e-02 1.165e-02 0.000e+00
1.000e+00 2.193e-03 5.165e-02 1.019e-02 0.000e+00
1.022e+00 2.101e-03 5.112e-02 9.753e-03 0.000e+00
1.033e+00 2.058e-03 5.086e-02 9.547e-03 6.963e-08
1.141e+00 1.692e-03 4.844e-02 7.841e-03 5.915e-05
1.250e+00 1.413e-03 4.627e-02 6.573e-03 2.902e-04
1.259e+00 1.393e-03 4.610e-02 6.484e-03 3.170e-04
1.390e+00 1.145e-03 4.382e-02 5.389e-03 8.143e-04
1.500e+00 9.846e-04 4.210e-02 4.691e-03 1.347e-03
1.535e+00 9.407e-04 4.159e-02 4.500e-03 1.532e-03
1.694e+00 7.743e-04 3.944e-02 3.779e-03 2.424e-03
1.870e+00 6.363e-04 3.735e-02 3.185e-03 3.467e-03
2.000e+00 5.561e-04 3.597e-02 2.843e-03 4.253e-03
2.044e+00 5.322e-04 3.553e-02 2.742e-03 4.520e-03
2.065e+00 5.214e-04 3.533e-02 2.696e-03 4.647e-03
2.279e+00 4.279e-04 3.338e-02 2.295e-03 5.930e-03
2.516e+00 3.514e-04 3.150e-02 1.960e-03 7.307e-03
2.778e+00 2.887e-04 2.969e-02 1.680e-03 8.766e-03
3.000e+00 2.478e-04 2.833e-02 1.495e-03 9.952e-03
3.066e+00 2.373e-04 2.795e-02 1.447e-03 1.029e-02
3.385e+00 1.948e-04 2.629e-02 1.249e-03 1.190e-02
3.737e+00 1.599e-04 2.470e-02 1.083e-03 1.358e-02
4.000e+00 1.396e-04 2.364e-02 9.832e-04 1.477e-02
4.125e+00 1.312e-04 2.318e-02 9.416e-04 1.532e-02
4.554e+00 1.077e-04 2.172e-02 8.211e-04 1.712e-02
5.000e+00 8.937e-05 2.042e-02 7.233e-04 1.887e-02
5.027e+00 8.841e-05 2.035e-02 7.181e-04 1.897e-02
5.549e+00 7.256e-05 1.904e-02 6.295e-04 2.086e-02
6.000e+00 6.206e-05 1.805e-02 5.682e-04 2.239e-02
6.126e+00 5.954e-05 1.780e-02 5.531e-04 2.281e-02
6.762e+00 4.889e-05 1.662e-02 4.872e-04 2.481e-02
7.000e+00 4.563e-05 1.623e-02 4.663e-04 2.552e-02
7.465e+00 4.012e-05 1.551e-02 4.301e-04 2.686e-02
8.000e+00 3.493e-05 1.477e-02 3.946e-04 2.833e-02
8.241e+00 3.291e-05 1.446e-02 3.805e-04 2.896e-02
9.000e+00 2.760e-05 1.358e-02 3.416e-04 3.088e-02
9.097e+00 2.701e-05 1.347e-02 3.372e-04 3.111e-02
1.000e+01 2.235e-05 1.258e-02 3.009e-04 3.322e-02
1.004e+01 2.218e-05 1.254e-02 2.995e-04 3.331e-02
1.100e+01 1.848e-05 1.174e-02 2.687e-04 3.539e-02
1.109e+01 1.818e-05 1.167e-02 2.661e-04 3.557e-02
1.200e+01 1.552e-05 1.100e-02 2.426e-04 3.739e-02
1.224e+01 1.492e-05 1.084e-02 2.370e-04 3.785e-02
1.300e+01 1.323e-05 1.037e-02 2.211e-04 3.927e-02
1.351e+01 1.225e-05 1.007e-02 2.115e-04 4.020e-02
1.400e+01 1.141e-05 9.807e-03 2.030e-04 4.105e-02
1.491e+01 1.006e-05 9.353e-03 1.889e-04 4.251e-02
1.500e+01 9.939e-06 9.311e-03 1.876e-04 4.265e-02
1.600e+01 8.734e-06 8.869e-03 1.744e-04 4.417e-02
1.646e+01 8.252e-06 8.680e-03 1.689e-04 4.484e-02
1.800e+01 6.901e-06 8.106e-03 1.528e-04 4.693e-02
1.818e+01 6.765e-06 8.045e-03 1.511e-04 4.716e-02
2.000e+01 5.590e-06 7.475e-03 1.359e-04 4.936e-02
