# TOLUENE from NIST Database
8.669e-01 0.000e+00 0.000e+00 0.000e+00 0.000e+00
1.000e+00 8.682e-02 3.500e+00 0.000e+00 0.000e+00
6.000e+00 7.598e-02 3.500e+00 0.000e+00 0.000e+00
0.000e+00 0.000e+00 0.000e+00 0.000e+00 0.000e+00
1.000e-03 1.015e+00 1.593e-02 2.017e+03 0.000e+00
1.020e-03 1.010e+00 1.648e-02 1.908e+03 0.000e+00
1.126e-03 9.853e-01 1.955e-02 1.444e+03 0.000e+00
1.243e-03 9.592e-01 2.314e-02 1.092e+03 0.000e+00
1.372e-03 9.304e-01 2.728e-02 8.245e+02 0.000e+00
1.500e-03 9.008e-01 3.151e-02 6.384e+02 0.000e+00
1.515e-03 8.973e-01 3.201e-02 6.203e+02 0.000e+00
1.672e-03 8.596e-01 3.726e-02 4.660e+02 0.000e+00
1.846e-03 8.175e-01 4.308e-02 3.487e+02 0.000e+00
2.000e-03 7.807e-01 4.819e-02 2.753e+02 0.000e+00
2.038e-03 7.717e-01 4.944e-02 2.604e+02 0.000e+00
2.250e-03 7.230e-01 5.631e-02 1.941e+02 0.000e+00
2.483e-03 6.725e-01 6.359e-02 1.446e+02 0.000e+00
2.741e-03 6.209e-01 7.125e-02 1.075e+02 0.000e+00
3.000e-03 5.735e-01 7.845e-02 8.182e+01 0.000e+00
3.026e-03 5.690e-01 7.915e-02 7.971e+01 0.000e+00
3.341e-03 5.178e-01 8.717e-02 5.899e+01 0.000e+00
3.688e-03 4.684e-01 9.513e-02 4.361e+01 0.000e+00
4.000e-03 4.298e-01 1.015e-01 3.398e+01 0.000e+00
4.071e-03 4.217e-01 1.029e-01 3.219e+01 0.000e+00
4.494e-03 3.781e-01 1.103e-01 2.372e+01 0.000e+00
4.961e-03 3.381e-01 1.174e-01 1.745e+01 0.000e+00
5.000e-03 3.350e-01 1.179e-01 1.703e+01 0.000e+00
5.477e-03 3.017e-01 1.239e-01 1.281e+01 0.000e+00
6.000e-03 2.714e-01 1.295e-01 9.623e+00 0.000e+00
6.046e-03 2.691e-01 1.300e-01 9.394e+00 0.000e+00
6.675e-03 2.399e-01 1.356e-01 6.876e+00 0.000e+00
7.368e-03 2.139e-01 1.407e-01 5.029e+00 0.000e+00
8.000e-03 1.945e-01 1.448e-01 3.871e+00 0.000e+00
8.134e-03 1.908e-01 1.456e-01 3.671e+00 0.000e+00
8.979e-03 1.702e-01 1.501e-01 2.676e+00 0.000e+00
9.912e-03 1.516e-01 1.544e-01 1.949e+00 0.000e+00
1.000e-02 1.500e-01 1.547e-01 1.894e+00 0.000e+00
1.094e-02 1.348e-01 1.584e-01 1.418e+00 0.000e+00
1.208e-02 1.195e-01 1.622e-01 1.030e+00 0.000e+00
1.334e-02 1.054e-01 1.658e-01 7.466e-01 0.000e+00
1.472e-02 9.264e-02 1.691e-01 5.420e-01 0.000e+00
1.500e-02 9.032e-02 1.697e-01 5.097e-01 0.000e+00
1.625e-02 8.090e-02 1.721e-01 3.925e-01 0.000e+00
1.794e-02 7.021e-02 1.748e-01 2.838e-01 0.000e+00
1.980e-02 6.061e-02 1.771e-01 2.053e-01 0.000e+00
2.000e-02 5.970e-02 1.773e-01 1.986e-01 0.000e+00
2.186e-02 5.202e-02 1.790e-01 1.482e-01 0.000e+00
2.413e-02 4.444e-02 1.804e-01 1.070e-01 0.000e+00
2.664e-02 3.779e-02 1.814e-01 7.717e-02 0.000e+00
2.941e-02 3.203e-02 1.819e-01 5.561e-02 0.000e+00
3.000e-02 3.097e-02 1.820e-01 5.207e-02 0.000e+00
3.247e-02 2.706e-02 1.820e-01 4.005e-02 0.000e+00
3.584e-02 2.281e-02 1.817e-01 2.884e-02 0.000e+00
3.957e-02 1.917e-02 1.810e-01 2.075e-02 0.000e+00
4.000e-02 1.881e-02 1.809e-01 2.001e-02 0.000e+00
4.368e-02 1.609e-02 1.800e-01 1.493e-02 0.000e+00
4.822e-02 1.346e-02 1.786e-01 1.074e-02 0.000e+00
5.000e-02 1.260e-02 1.780e-01 9.513e-03 0.000e+00
5.323e-02 1.124e-02 1.768e-01 7.719e-03 0.000e+00
5.876e-02 9.372e-03 1.748e-01 5.549e-03 0.000e+00
6.000e-02 9.016e-03 1.743e-01 5.175e-03 0.000e+00
6.486e-02 7.799e-03 1.725e-01 3.989e-03 0.000e+00
7.161e-02 6.476e-03 1.699e-01 2.866e-03 0.000e+00
7.905e-02 5.370e-03 1.671e-01 2.060e-03 0.000e+00
8.000e-02 5.249e-03 1.667e-01 1.980e-03 0.000e+00
8.726e-02 4.445e-03 1.640e-01 1.482e-03 0.000e+00
9.633e-02 3.674e-03 1.608e-01 1.066e-03 0.000e+00
1.000e-01 3.418e-03 1.595e-01 9.412e-04 0.000e+00
1.063e-01 3.036e-03 1.574e-01 7.684e-04 0.000e+00
1.174e-01 2.502e-03 1.538e-01 5.530e-04 0.000e+00
1.296e-01 2.063e-03 1.500e-01 3.991e-04 0.000e+00
1.431e-01 1.698e-03 1.462e-01 2.881e-04 0.000e+00
1.500e-01 1.548e-03 1.443e-01 2.469e-04 0.000e+00
1.579e-01 1.399e-03 1.422e-01 2.088e-04 0.000e+00
1.743e-01 1.151e-03 1.382e-01 1.513e-04 0.000e+00
1.925e-01 9.457e-04 1.341e-01 1.097e-04 0.000e+00
2.000e-01 8.767e-04 1.325e-01 9.705e-05 0.000e+00
2.125e-01 7.774e-04 1.299e-01 7.991e-05 0.000e+00
2.345e-01 6.394e-04 1.258e-01 5.844e-05 0.000e+00
2.589e-01 5.252e-04 1.216e-01 4.283e-05 0.000e+00
2.858e-01 4.315e-04 1.174e-01 3.154e-05 0.000e+00
3.000e-01 3.918e-04 1.154e-01 2.720e-05 0.000e+00
3.155e-01 3.543e-04 1.133e-01 2.335e-05 0.000e+00
3.483e-01 2.909e-04 1.091e-01 1.737e-05 0.000e+00
3.845e-01 2.389e-04 1.051e-01 1.301e-05 0.000e+00
4.000e-01 2.207e-04 1.034e-01 1.160e-05 0.000e+00
4.245e-01 1.961e-04 1.010e-01 9.792e-06 0.000e+00
4.686e-01 1.610e-04 9.707e-02 7.435e-06 0.000e+00
5.000e-01 1.414e-04 9.450e-02 6.241e-06 0.000e+00
5.173e-01 1.321e-04 9.316e-02 5.705e-06 0.000e+00
5.710e-01 1.085e-04 8.932e-02 4.415e-06 0.000e+00
6.000e-01 9.826e-05 8.742e-02 3.881e-06 0.000e+00
6.304e-01 8.902e-05 8.555e-02 3.407e-06 0.000e+00
6.959e-01 7.305e-05 8.187e-02 2.642e-06 0.000e+00
7.682e-01 5.995e-05 7.826e-02 2.113e-06 0.000e+00
8.000e-01 5.528e-05 7.680e-02 1.957e-06 0.000e+00
8.480e-01 4.920e-05 7.472e-02 1.779e-06 0.000e+00
9.361e-01 4.038e-05 7.127e-02 1.479e-06 0.000e+00
1.000e+00 3.539e-05 6.907e-02 1.217e-06 0.000e+00
1.022e+00 3.388e-05 6.836e-02 1.122e-06 0.000e+00
1.033e+00 3.316e-05 6.801e-02 1.081e-06 2.623e-09
1.141e+00 2.718e-05 6.473e-02 8.621e-07 2.497e-06
1.250e+00 2.265e-05 6.176e-02 7.618e-07 1.354e-05
1.259e+00 2.233e-05 6.153e-02 7.540e-07 1.490e-05
1.390e+00 1.832e-05 5.845e-02 6.372e-07 4.230e-05
1.500e+00 1.573e-05 5.615e-02 5.532e-07 7.522e-05
1.535e+00 1.502e-05 5.546e-02 5.308e-07 8.734e-05
1.694e+00 1.234e-05 5.257e-02 4.502e-07 1.507e-04
1.870e+00 1.012e-05 4.975e-02 3.864e-07 2.332e-04
2.000e+00 8.849e-06 4.790e-02 3.492e-07 3.000e-04
2.044e+00 8.471e-06 4.731e-02 3.379e-07 3.234e-04
2.065e+00 8.300e-06 4.704e-02 3.327e-07 3.347e-04
2.279e+00 6.813e-06 4.444e-02 2.876e-07 4.528e-04
2.516e+00 5.591e-06 4.192e-02 2.496e-07 5.886e-04
2.778e+00 4.587e-06 3.950e-02 2.175e-07 7.417e-04
3.000e+00 3.934e-06 3.769e-02 1.959e-07 8.723e-04
3.066e+00 3.766e-06 3.719e-02 1.903e-07 9.111e-04
3.385e+00 3.090e-06 3.496e-02 1.670e-07 1.098e-03
3.737e+00 2.535e-06 3.284e-02 1.470e-07 1.300e-03
4.000e+00 2.213e-06 3.144e-02 1.348e-07 1.449e-03
4.125e+00 2.080e-06 3.082e-02 1.297e-07 1.518e-03
4.554e+00 1.707e-06 2.889e-02 1.148e-07 1.749e-03
5.000e+00 1.416e-06 2.715e-02 1.024e-07 1.979e-03
5.027e+00 1.401e-06 2.705e-02 1.018e-07 1.993e-03
5.549e+00 1.150e-06 2.531e-02 9.042e-08 2.253e-03
6.000e+00 9.835e-07 2.400e-02 8.245e-08 2.467e-03
6.126e+00 9.434e-07 2.366e-02 8.047e-08 2.524e-03
6.762e+00 7.741e-07 2.210e-02 7.175e-08 2.806e-03
7.000e+00 7.223e-07 2.157e-02 6.895e-08 2.906e-03
7.465e+00 6.352e-07 2.062e-02 6.405e-08 3.097e-03
8.000e+00 5.532e-07 1.963e-02 5.921e-08 3.308e-03
8.241e+00 5.214e-07 1.922e-02 5.726e-08 3.399e-03
9.000e+00 4.371e-07 1.804e-02 5.189e-08 3.674e-03
9.097e+00 4.278e-07 1.791e-02 5.127e-08 3.708e-03
1.000e+01 3.540e-07 1.672e-02 4.617e-08 4.010e-03
1.004e+01 3.512e-07 1.667e-02 4.596e-08 4.023e-03
1.100e+01 2.926e-07 1.559e-02 4.155e-08 4.318e-03
1.109e+01 2.879e-07 1.550e-02 4.118e-08 4.345e-03
1.200e+01 2.459e-07 1.462e-02 3.778e-08 4.601e-03
1.224e+01 2.363e-07 1.441e-02 3.698e-08 4.667e-03
1.300e+01 2.095e-07 1.377e-02 3.464e-08 4.867e-03
1.351e+01 1.940e-07 1.338e-02 3.323e-08 4.995e-03
1.400e+01 1.806e-07 1.303e-02 3.198e-08 5.114e-03
1.491e+01 1.593e-07 1.243e-02 2.989e-08 5.325e-03
1.500e+01 1.574e-07 1.237e-02 2.970e-08 5.345e-03
1.600e+01 1.383e-07 1.178e-02 2.772e-08 5.566e-03
1.646e+01 1.307e-07 1.153e-02 2.689e-08 5.663e-03
1.800e+01 1.093e-07 1.077e-02 2.446e-08 5.966e-03
1.818e+01 1.071e-07 1.069e-02 2.420e-08 6.000e-03
2.000e+01 8.849e-08 9.929e-03 2.188e-08 6.328e-03
