# TRICHLOROETHYLENE from NIST Database
1.460e+00 0.000e+00 0.000e+00 0.000e+00 0.000e+00
1.000e+00 7.610e-03 3.500e+00 0.000e+00 0.000e+00
6.000e+00 1.522e-02 3.500e+00 0.000e+00 0.000e+00
1.700e+01 2.283e-02 3.500e+00 0.000e+00 0.000e+00
0.000e+00 0.000e+00 0.000e+00 0.000e+00 0.000e+00
1.000e-03 2.656e+00 9.621e-03 2.693e+03 0.000e+00
1.020e-03 2.647e+00 9.957e-03 2.555e+03 0.000e+00
1.126e-03 2.601e+00 1.181e-02 1.965e+03 0.000e+00
1.243e-03 2.552e+00 1.398e-02 1.511e+03 0.000e+00
1.372e-03 2.497e+00 1.648e-02 1.162e+03 0.000e+00
1.500e-03 2.441e+00 1.903e-02 9.166e+02 0.000e+00
1.515e-03 2.434e+00 1.933e-02 8.922e+02 0.000e+00
1.672e-03 2.361e+00 2.250e-02 6.824e+02 0.000e+00
1.846e-03 2.277e+00 2.602e-02 5.212e+02 0.000e+00
2.000e-03 2.203e+00 2.912e-02 4.190e+02 0.000e+00
2.038e-03 2.184e+00 2.988e-02 3.978e+02 0.000e+00
2.250e-03 2.083e+00 3.407e-02 3.026e+02 0.000e+00
2.483e-03 1.977e+00 3.855e-02 2.304e+02 0.000e+00
2.741e-03 1.866e+00 4.331e-02 1.753e+02 0.000e+00
2.822e-03 1.833e+00 4.477e-02 1.616e+02 0.000e+00
2.822e-03 1.833e+00 4.477e-02 1.343e+03 0.000e+00
3.000e-03 1.763e+00 4.786e-02 1.207e+03 0.000e+00
3.026e-03 1.753e+00 4.830e-02 1.187e+03 0.000e+00
3.341e-03 1.638e+00 5.346e-02 9.452e+02 0.000e+00
3.688e-03 1.523e+00 5.873e-02 7.226e+02 0.000e+00
4.000e-03 1.430e+00 6.309e-02 5.751e+02 0.000e+00
4.071e-03 1.410e+00 6.403e-02 5.479e+02 0.000e+00
4.494e-03 1.303e+00 6.930e-02 4.208e+02 0.000e+00
4.961e-03 1.201e+00 7.447e-02 3.247e+02 0.000e+00
5.000e-03 1.193e+00 7.488e-02 3.180e+02 0.000e+00
5.477e-03 1.105e+00 7.953e-02 2.489e+02 0.000e+00
6.000e-03 1.022e+00 8.408e-02 1.939e+02 0.000e+00
6.046e-03 1.016e+00 8.445e-02 1.898e+02 0.000e+00
6.675e-03 9.314e-01 8.927e-02 1.444e+02 0.000e+00
7.368e-03 8.522e-01 9.400e-02 1.096e+02 0.000e+00
8.000e-03 7.894e-01 9.789e-02 8.698e+01 0.000e+00
8.134e-03 7.770e-01 9.868e-02 8.299e+01 0.000e+00
8.979e-03 7.052e-01 1.033e-01 6.269e+01 0.000e+00
9.912e-03 6.361e-01 1.080e-01 4.723e+01 0.000e+00
1.000e-02 6.300e-01 1.084e-01 4.604e+01 0.000e+00
1.094e-02 5.695e-01 1.126e-01 3.552e+01 0.000e+00
1.208e-02 5.059e-01 1.172e-01 2.663e+01 0.000e+00
1.334e-02 4.461e-01 1.217e-01 1.991e+01 0.000e+00
1.472e-02 3.911e-01 1.260e-01 1.489e+01 0.000e+00
1.500e-02 3.811e-01 1.268e-01 1.409e+01 0.000e+00
1.625e-02 3.407e-01 1.301e-01 1.111e+01 0.000e+00
1.794e-02 2.952e-01 1.339e-01 8.264e+00 0.000e+00
1.980e-02 2.550e-01 1.373e-01 6.144e+00 0.000e+00
2.000e-02 2.512e-01 1.376e-01 5.961e+00 0.000e+00
2.186e-02 2.195e-01 1.403e-01 4.556e+00 0.000e+00
2.413e-02 1.887e-01 1.429e-01 3.375e+00 0.000e+00
2.664e-02 1.618e-01 1.451e-01 2.495e+00 0.000e+00
2.941e-02 1.386e-01 1.468e-01 1.841e+00 0.000e+00
3.000e-02 1.343e-01 1.471e-01 1.732e+00 0.000e+00
3.247e-02 1.185e-01 1.482e-01 1.357e+00 0.000e+00
3.584e-02 1.012e-01 1.492e-01 9.990e-01 0.000e+00
3.957e-02 8.625e-02 1.499e-01 7.341e-01 0.000e+00
4.000e-02 8.474e-02 1.499e-01 7.098e-01 0.000e+00
4.368e-02 7.333e-02 1.502e-01 5.393e-01 0.000e+00
4.822e-02 6.216e-02 1.502e-01 3.957e-01 0.000e+00
5.000e-02 5.847e-02 1.500e-01 3.531e-01 0.000e+00
5.323e-02 5.254e-02 1.498e-01 2.900e-01 0.000e+00
5.876e-02 4.428e-02 1.490e-01 2.123e-01 0.000e+00
6.000e-02 4.269e-02 1.488e-01 1.988e-01 0.000e+00
6.486e-02 3.721e-02 1.479e-01 1.554e-01 0.000e+00
7.161e-02 3.118e-02 1.465e-01 1.136e-01 0.000e+00
7.905e-02 2.607e-02 1.448e-01 8.302e-02 0.000e+00
8.000e-02 2.551e-02 1.446e-01 7.993e-02 0.000e+00
8.726e-02 2.176e-02 1.428e-01 6.065e-02 0.000e+00
9.633e-02 1.812e-02 1.406e-01 4.429e-02 0.000e+00
1.000e-01 1.691e-02 1.397e-01 3.932e-02 0.000e+00
1.063e-01 1.509e-02 1.381e-01 3.238e-02 0.000e+00
1.174e-01 1.252e-02 1.353e-01 2.361e-02 0.000e+00
1.296e-01 1.039e-02 1.324e-01 1.725e-02 0.000e+00
1.431e-01 8.612e-03 1.293e-01 1.261e-02 0.000e+00
1.500e-01 7.873e-03 1.278e-01 1.086e-02 0.000e+00
1.579e-01 7.138e-03 1.261e-01 9.240e-03 0.000e+00
1.743e-01 5.905e-03 1.227e-01 6.771e-03 0.000e+00
1.925e-01 4.876e-03 1.192e-01 4.963e-03 0.000e+00
2.000e-01 4.528e-03 1.179e-01 4.406e-03 0.000e+00
2.125e-01 4.026e-03 1.157e-01 3.650e-03 0.000e+00
2.345e-01 3.324e-03 1.121e-01 2.694e-03 0.000e+00
2.589e-01 2.739e-03 1.085e-01 1.992e-03 0.000e+00
2.858e-01 2.257e-03 1.049e-01 1.479e-03 0.000e+00
3.000e-01 2.051e-03 1.031e-01 1.280e-03 0.000e+00
3.155e-01 1.858e-03 1.012e-01 1.103e-03 0.000e+00
3.483e-01 1.529e-03 9.759e-02 8.267e-04 0.000e+00
3.845e-01 1.257e-03 9.399e-02 6.228e-04 0.000e+00
4.000e-01 1.163e-03 9.256e-02 5.570e-04 0.000e+00
4.245e-01 1.033e-03 9.043e-02 4.718e-04 0.000e+00
4.686e-01 8.494e-04 8.691e-02 3.601e-04 0.000e+00
5.000e-01 7.467e-04 8.464e-02 3.029e-04 0.000e+00
5.173e-01 6.979e-04 8.345e-02 2.771e-04 0.000e+00
5.710e-01 5.734e-04 8.004e-02 2.150e-04 0.000e+00
6.000e-01 5.196e-04 7.835e-02 1.897e-04 0.000e+00
6.304e-01 4.709e-04 7.669e-02 1.675e-04 0.000e+00
6.959e-01 3.867e-04 7.340e-02 1.315e-04 0.000e+00
7.682e-01 3.176e-04 7.018e-02 1.048e-04 0.000e+00
8.000e-01 2.929e-04 6.888e-02 9.614e-05 0.000e+00
8.480e-01 2.608e-04 6.703e-02 8.549e-05 0.000e+00
9.361e-01 2.141e-04 6.396e-02 6.985e-05 0.000e+00
1.000e+00 1.876e-04 6.196e-02 5.980e-05 0.000e+00
1.022e+00 1.796e-04 6.130e-02 5.653e-05 0.000e+00
1.033e+00 1.758e-04 6.099e-02 5.505e-05 7.575e-09
1.141e+00 1.441e-04 5.805e-02 4.480e-05 6.996e-06
1.250e+00 1.202e-04 5.541e-02 3.830e-05 3.700e-05
1.259e+00 1.185e-04 5.521e-02 3.783e-05 4.065e-05
1.390e+00 9.720e-05 5.245e-02 3.174e-05 1.130e-04
1.500e+00 8.347e-05 5.038e-02 2.769e-05 1.987e-04
1.535e+00 7.971e-05 4.976e-02 2.660e-05 2.300e-04
1.694e+00 6.545e-05 4.715e-02 2.250e-05 3.934e-04
1.870e+00 5.372e-05 4.463e-02 1.916e-05 6.058e-04
2.000e+00 4.696e-05 4.299e-02 1.722e-05 7.778e-04
2.044e+00 4.496e-05 4.247e-02 1.664e-05 8.381e-04
2.065e+00 4.405e-05 4.222e-02 1.637e-05 8.671e-04
2.279e+00 3.617e-05 3.991e-02 1.407e-05 1.169e-03
2.516e+00 2.968e-05 3.764e-02 1.216e-05 1.512e-03
2.778e+00 2.434e-05 3.546e-02 1.054e-05 1.892e-03
3.000e+00 2.087e-05 3.382e-02 9.464e-06 2.212e-03
3.066e+00 1.999e-05 3.337e-02 9.183e-06 2.307e-03
3.385e+00 1.640e-05 3.137e-02 8.020e-06 2.759e-03
3.737e+00 1.346e-05 2.947e-02 7.027e-06 3.244e-03
4.000e+00 1.175e-05 2.821e-02 6.428e-06 3.595e-03
4.125e+00 1.105e-05 2.766e-02 6.176e-06 3.759e-03
4.554e+00 9.063e-06 2.593e-02 5.442e-06 4.303e-03
5.000e+00 7.518e-06 2.437e-02 4.840e-06 4.841e-03
5.027e+00 7.438e-06 2.428e-02 4.808e-06 4.874e-03
5.549e+00 6.104e-06 2.271e-02 4.256e-06 5.472e-03
6.000e+00 5.221e-06 2.154e-02 3.871e-06 5.964e-03
6.126e+00 5.008e-06 2.123e-02 3.775e-06 6.096e-03
6.762e+00 4.111e-06 1.983e-02 3.356e-06 6.739e-03
7.000e+00 3.836e-06 1.936e-02 3.222e-06 6.969e-03
7.465e+00 3.373e-06 1.850e-02 2.988e-06 7.402e-03
8.000e+00 2.936e-06 1.762e-02 2.756e-06 7.876e-03
8.241e+00 2.767e-06 1.725e-02 2.663e-06 8.083e-03
9.000e+00 2.320e-06 1.620e-02 2.407e-06 8.702e-03
9.097e+00 2.271e-06 1.607e-02 2.378e-06 8.779e-03
1.000e+01 1.879e-06 1.501e-02 2.136e-06 9.453e-03
1.004e+01 1.864e-06 1.496e-02 2.127e-06 9.482e-03
1.100e+01 1.553e-06 1.400e-02 1.920e-06 1.014e-02
1.109e+01 1.528e-06 1.391e-02 1.902e-06 1.019e-02
1.200e+01 1.305e-06 1.313e-02 1.742e-06 1.077e-02
1.224e+01 1.255e-06 1.293e-02 1.704e-06 1.091e-02
1.300e+01 1.112e-06 1.237e-02 1.595e-06 1.135e-02
1.351e+01 1.030e-06 1.201e-02 1.529e-06 1.162e-02
1.400e+01 9.590e-07 1.170e-02 1.471e-06 1.189e-02
1.491e+01 8.455e-07 1.116e-02 1.373e-06 1.235e-02
1.500e+01 8.354e-07 1.111e-02 1.364e-06 1.240e-02
1.600e+01 7.342e-07 1.058e-02 1.272e-06 1.287e-02
1.646e+01 6.938e-07 1.035e-02 1.233e-06 1.309e-02
1.800e+01 5.801e-07 9.666e-03 1.120e-06 1.375e-02
1.818e+01 5.687e-07 9.593e-03 1.108e-06 1.383e-02
2.000e+01 4.699e-07 8.914e-03 1.001e-06 1.453e-02
