# URANIUM from NIST Database
1.895e+01 0.000e+00 0.000e+00 0.000e+00 0.000e+00
9.200e+01 1.000e+00 3.500e+00 0.000e+00 0.000e+00
0.000e+00 0.000e+00 0.000e+00 0.000e+00 0.000e+00
1.000e-03 1.357e+01 4.526e-03 6.613e+03 0.000e+00
1.020e-03 1.354e+01 4.646e-03 6.384e+03 0.000e+00
1.045e-03 1.352e+01 4.794e-03 6.115e+03 0.000e+00
1.045e-03 1.352e+01 4.794e-03 6.507e+03 0.000e+00
1.126e-03 1.342e+01 5.271e-03 5.664e+03 0.000e+00
1.243e-03 1.328e+01 5.948e-03 4.715e+03 0.000e+00
1.273e-03 1.325e+01 6.120e-03 4.514e+03 0.000e+00
1.273e-03 1.325e+01 6.120e-03 4.577e+03 0.000e+00
1.372e-03 1.312e+01 6.702e-03 3.947e+03 0.000e+00
1.441e-03 1.303e+01 7.107e-03 3.585e+03 0.000e+00
1.441e-03 1.303e+01 7.107e-03 3.656e+03 0.000e+00
1.500e-03 1.295e+01 7.453e-03 3.367e+03 0.000e+00
1.515e-03 1.293e+01 7.541e-03 3.299e+03 0.000e+00
1.672e-03 1.272e+01 8.454e-03 2.688e+03 0.000e+00
1.846e-03 1.250e+01 9.458e-03 2.188e+03 0.000e+00
2.000e-03 1.230e+01 1.034e-02 1.853e+03 0.000e+00
2.038e-03 1.225e+01 1.056e-02 1.777e+03 0.000e+00
2.250e-03 1.197e+01 1.177e-02 1.429e+03 0.000e+00
2.483e-03 1.167e+01 1.309e-02 1.150e+03 0.000e+00
2.741e-03 1.134e+01 1.453e-02 9.251e+02 0.000e+00
3.000e-03 1.102e+01 1.595e-02 7.582e+02 0.000e+00
3.026e-03 1.099e+01 1.609e-02 7.434e+02 0.000e+00
3.341e-03 1.061e+01 1.778e-02 5.927e+02 0.000e+00
3.552e-03 1.036e+01 1.889e-02 5.154e+02 0.000e+00
3.552e-03 1.036e+01 1.889e-02 1.255e+03 0.000e+00
3.688e-03 1.020e+01 1.959e-02 1.134e+03 0.000e+00
3.728e-03 1.016e+01 1.979e-02 1.102e+03 0.000e+00
3.728e-03 1.016e+01 1.979e-02 1.572e+03 0.000e+00
4.000e-03 9.854e+00 2.116e-02 1.319e+03 0.000e+00
4.071e-03 9.777e+00 2.151e-02 1.263e+03 0.000e+00
4.303e-03 9.531e+00 2.264e-02 1.101e+03 0.000e+00
4.303e-03 9.531e+00 2.264e-02 1.282e+03 0.000e+00
4.494e-03 9.335e+00 2.356e-02 1.150e+03 0.000e+00
4.961e-03 8.877e+00 2.571e-02 8.976e+02 0.000e+00
5.000e-03 8.840e+00 2.588e-02 8.802e+02 0.000e+00
5.182e-03 8.670e+00 2.667e-02 8.030e+02 0.000e+00
5.182e-03 8.670e+00 2.667e-02 8.524e+02 0.000e+00
5.477e-03 8.408e+00 2.793e-02 7.432e+02 0.000e+00
5.548e-03 8.346e+00 2.823e-02 7.198e+02 0.000e+00
5.548e-03 8.346e+00 2.823e-02 7.507e+02 0.000e+00
6.000e-03 7.970e+00 3.008e-02 6.204e+02 0.000e+00
6.046e-03 7.933e+00 3.026e-02 6.087e+02 0.000e+00
6.675e-03 7.451e+00 3.270e-02 4.763e+02 0.000e+00
7.368e-03 6.969e+00 3.525e-02 3.729e+02 0.000e+00
8.000e-03 6.568e+00 3.747e-02 3.041e+02 0.000e+00
8.134e-03 6.487e+00 3.793e-02 2.917e+02 0.000e+00
8.979e-03 6.009e+00 4.075e-02 2.275e+02 0.000e+00
9.912e-03 5.539e+00 4.370e-02 1.775e+02 0.000e+00
1.000e-02 5.498e+00 4.397e-02 1.736e+02 0.000e+00
1.094e-02 5.084e+00 4.677e-02 1.379e+02 0.000e+00
1.208e-02 4.641e+00 4.995e-02 1.070e+02 0.000e+00
1.334e-02 4.215e+00 5.319e-02 8.300e+01 0.000e+00
1.472e-02 3.810e+00 5.643e-02 6.452e+01 0.000e+00
1.500e-02 3.734e+00 5.705e-02 6.148e+01 0.000e+00
1.625e-02 3.423e+00 5.966e-02 4.996e+01 0.000e+00
1.717e-02 3.218e+00 6.143e-02 4.334e+01 0.000e+00
1.717e-02 3.218e+00 6.143e-02 1.037e+02 0.000e+00
1.794e-02 3.060e+00 6.284e-02 9.192e+01 0.000e+00
1.980e-02 2.723e+00 6.595e-02 7.021e+01 0.000e+00
2.000e-02 2.689e+00 6.626e-02 6.831e+01 0.000e+00
2.095e-02 2.540e+00 6.770e-02 6.039e+01 0.000e+00
2.095e-02 2.540e+00 6.770e-02 8.577e+01 0.000e+00
2.135e-02 2.482e+00 6.830e-02 8.166e+01 0.000e+00
2.176e-02 2.425e+00 6.889e-02 7.775e+01 0.000e+00
2.176e-02 2.425e+00 6.889e-02 8.971e+01 0.000e+00
2.186e-02 2.410e+00 6.904e-02 8.864e+01 0.000e+00
2.413e-02 2.125e+00 7.206e-02 6.894e+01 0.000e+00
2.664e-02 1.863e+00 7.497e-02 5.360e+01 0.000e+00
2.941e-02 1.628e+00 7.778e-02 4.167e+01 0.000e+00
3.000e-02 1.585e+00 7.833e-02 3.962e+01 0.000e+00
3.247e-02 1.423e+00 8.049e-02 3.222e+01 0.000e+00
3.584e-02 1.242e+00 8.308e-02 2.489e+01 0.000e+00
3.957e-02 1.082e+00 8.551e-02 1.921e+01 0.000e+00
4.000e-02 1.065e+00 8.577e-02 1.868e+01 0.000e+00
4.368e-02 9.389e-01 8.772e-02 1.480e+01 0.000e+00
4.822e-02 8.113e-01 8.969e-02 1.139e+01 0.000e+00
5.000e-02 7.681e-01 9.035e-02 1.035e+01 0.000e+00
5.323e-02 6.978e-01 9.139e-02 8.759e+00 0.000e+00
5.876e-02 5.976e-01 9.280e-02 6.728e+00 0.000e+00
6.000e-02 5.781e-01 9.305e-02 6.363e+00 0.000e+00
6.486e-02 5.103e-01 9.389e-02 5.161e+00 0.000e+00
7.161e-02 4.348e-01 9.467e-02 3.956e+00 0.000e+00
7.905e-02 3.702e-01 9.514e-02 3.033e+00 0.000e+00
8.000e-02 3.631e-01 9.518e-02 2.937e+00 0.000e+00
8.726e-02 3.152e-01 9.532e-02 2.323e+00 0.000e+00
9.633e-02 2.680e-01 9.521e-02 1.778e+00 0.000e+00
1.000e-01 2.519e-01 9.510e-02 1.608e+00 0.000e+00
1.063e-01 2.275e-01 9.485e-02 1.363e+00 0.000e+00
1.156e-01 1.974e-01 9.434e-02 1.086e+00 0.000e+00
1.156e-01 1.974e-01 9.434e-02 4.602e+00 0.000e+00
1.174e-01 1.923e-01 9.423e-02 4.426e+00 0.000e+00
1.296e-01 1.624e-01 9.334e-02 3.443e+00 0.000e+00
1.431e-01 1.368e-01 9.221e-02 2.676e+00 0.000e+00
1.500e-01 1.260e-01 9.159e-02 2.373e+00 0.000e+00
1.579e-01 1.151e-01 9.086e-02 2.082e+00 0.000e+00
1.743e-01 9.654e-02 8.930e-02 1.616e+00 0.000e+00
1.925e-01 8.081e-02 8.755e-02 1.253e+00 0.000e+00
2.000e-01 7.544e-02 8.683e-02 1.136e+00 0.000e+00
2.125e-01 6.765e-02 8.564e-02 9.722e-01 0.000e+00
2.345e-01 5.663e-02 8.361e-02 7.556e-01 0.000e+00
2.589e-01 4.734e-02 8.144e-02 5.873e-01 0.000e+00
2.858e-01 3.955e-02 7.919e-02 4.575e-01 0.000e+00
3.000e-01 3.620e-02 7.805e-02 4.051e-01 0.000e+00
3.155e-01 3.302e-02 7.685e-02 3.572e-01 0.000e+00
3.483e-01 2.753e-02 7.447e-02 2.797e-01 0.000e+00
3.845e-01 2.293e-02 7.204e-02 2.198e-01 0.000e+00
4.000e-01 2.131e-02 7.107e-02 1.998e-01 0.000e+00
4.245e-01 1.907e-02 6.960e-02 1.734e-01 0.000e+00
4.686e-01 1.584e-02 6.714e-02 1.373e-01 0.000e+00
5.000e-01 1.402e-02 6.553e-02 1.181e-01 0.000e+00
5.173e-01 1.315e-02 6.468e-02 1.092e-01 0.000e+00
5.710e-01 1.090e-02 6.223e-02 8.723e-02 0.000e+00
6.000e-01 9.920e-03 6.100e-02 7.808e-02 0.000e+00
6.304e-01 9.027e-03 5.978e-02 6.999e-02 0.000e+00
6.959e-01 7.469e-03 5.734e-02 5.642e-02 0.000e+00
7.682e-01 6.177e-03 5.494e-02 4.567e-02 0.000e+00
8.000e-01 5.713e-03 5.396e-02 4.192e-02 0.000e+00
8.480e-01 5.106e-03 5.258e-02 3.711e-02 0.000e+00
9.361e-01 4.217e-03 5.024e-02 3.029e-02 0.000e+00
1.000e+00 3.709e-03 4.870e-02 2.654e-02 0.000e+00
1.022e+00 3.555e-03 4.820e-02 2.543e-02 0.000e+00
1.033e+00 3.481e-03 4.795e-02 2.490e-02 9.156e-08
1.141e+00 2.868e-03 4.569e-02 2.049e-02 8.493e-05
1.250e+00 2.400e-03 4.367e-02 1.718e-02 4.455e-04
1.259e+00 2.367e-03 4.351e-02 1.695e-02 4.888e-04
1.390e+00 1.950e-03 4.137e-02 1.406e-02 1.313e-03
1.500e+00 1.679e-03 3.977e-02 1.222e-02 2.199e-03
1.535e+00 1.604e-03 3.930e-02 1.172e-02 2.499e-03
1.694e+00 1.321e-03 3.730e-02 9.827e-03 3.884e-03
1.870e+00 1.087e-03 3.533e-02 8.275e-03 5.374e-03
2.000e+00 9.523e-04 3.400e-02 7.380e-03 6.441e-03
2.044e+00 9.123e-04 3.357e-02 7.114e-03 6.801e-03
2.065e+00 8.941e-04 3.337e-02 6.994e-03 6.971e-03
2.279e+00 7.359e-04 3.151e-02 5.941e-03 8.631e-03
2.516e+00 6.048e-04 2.974e-02 5.063e-03 1.032e-02
2.778e+00 4.967e-04 2.806e-02 4.331e-03 1.205e-02
3.000e+00 4.263e-04 2.679e-02 3.846e-03 1.340e-02
3.066e+00 4.082e-04 2.644e-02 3.720e-03 1.379e-02
3.385e+00 3.353e-04 2.487e-02 3.204e-03 1.561e-02
3.737e+00 2.754e-04 2.336e-02 2.769e-03 1.748e-02
4.000e+00 2.405e-04 2.236e-02 2.509e-03 1.881e-02
4.125e+00 2.262e-04 2.192e-02 2.401e-03 1.941e-02
4.554e+00 1.857e-04 2.055e-02 2.088e-03 2.141e-02
5.000e+00 1.541e-04 1.932e-02 1.835e-03 2.333e-02
5.027e+00 1.525e-04 1.925e-02 1.821e-03 2.344e-02
5.549e+00 1.252e-04 1.801e-02 1.592e-03 2.553e-02
6.000e+00 1.071e-04 1.708e-02 1.435e-03 2.722e-02
6.126e+00 1.028e-04 1.684e-02 1.396e-03 2.767e-02
6.762e+00 8.437e-05 1.573e-02 1.227e-03 2.988e-02
7.000e+00 7.873e-05 1.535e-02 1.173e-03 3.067e-02
7.465e+00 6.923e-05 1.467e-02 1.080e-03 3.214e-02
8.000e+00 6.029e-05 1.397e-02 9.895e-04 3.376e-02
8.241e+00 5.682e-05 1.368e-02 9.533e-04 3.448e-02
9.000e+00 4.767e-05 1.284e-02 8.544e-04 3.664e-02
9.097e+00 4.666e-05 1.275e-02 8.432e-04 3.691e-02
1.000e+01 3.861e-05 1.190e-02 7.509e-04 3.926e-02
1.004e+01 3.830e-05 1.187e-02 7.473e-04 3.936e-02
1.100e+01 3.190e-05 1.110e-02 6.692e-04 4.172e-02
1.109e+01 3.139e-05 1.104e-02 6.627e-04 4.192e-02
1.200e+01 2.682e-05 1.041e-02 6.032e-04 4.397e-02
1.224e+01 2.578e-05 1.026e-02 5.892e-04 4.450e-02
1.300e+01 2.285e-05 9.809e-03 5.488e-04 4.610e-02
1.351e+01 2.116e-05 9.531e-03 5.245e-04 4.713e-02
1.400e+01 1.971e-05 9.280e-03 5.032e-04 4.811e-02
1.491e+01 1.737e-05 8.850e-03 4.680e-04 4.981e-02
1.500e+01 1.717e-05 8.809e-03 4.648e-04 4.997e-02
1.600e+01 1.509e-05 8.389e-03 4.314e-04 5.172e-02
1.646e+01 1.426e-05 8.211e-03 4.175e-04 5.248e-02
1.800e+01 1.192e-05 7.668e-03 3.772e-04 5.488e-02
1.818e+01 1.169e-05 7.610e-03 3.730e-04 5.515e-02
2.000e+01 9.657e-06 7.071e-03 3.352e-04 5.771e-02
