# URANIUM MONOCARBIDE from NIST Database
1.363e+01 0.000e+00 0.000e+00 0.000e+00 0.000e+00
6.000e+00 4.000e-03 3.500e+00 0.000e+00 0.000e+00
9.200e+01 3.999e-03 3.500e+00 0.000e+00 0.000e+00
0.000e+00 0.000e+00 0.000e+00 0.000e+00 0.000e+00
1.000e-03 1.297e+01 4.915e-03 6.402e+03 0.000e+00
1.020e-03 1.295e+01 5.050e-03 6.178e+03 0.000e+00
1.045e-03 1.292e+01 5.219e-03 5.915e+03 0.000e+00
1.045e-03 1.292e+01 5.219e-03 6.288e+03 0.000e+00
1.126e-03 1.283e+01 5.763e-03 5.467e+03 0.000e+00
1.243e-03 1.269e+01 6.545e-03 4.546e+03 0.000e+00
1.273e-03 1.266e+01 6.745e-03 4.350e+03 0.000e+00
1.273e-03 1.266e+01 6.745e-03 4.411e+03 0.000e+00
1.372e-03 1.254e+01 7.422e-03 3.800e+03 0.000e+00
1.441e-03 1.245e+01 7.894e-03 3.451e+03 0.000e+00
1.441e-03 1.245e+01 7.894e-03 3.518e+03 0.000e+00
1.500e-03 1.237e+01 8.300e-03 3.239e+03 0.000e+00
1.515e-03 1.235e+01 8.403e-03 3.173e+03 0.000e+00
1.672e-03 1.216e+01 9.475e-03 2.583e+03 0.000e+00
1.846e-03 1.194e+01 1.066e-02 2.101e+03 0.000e+00
2.000e-03 1.175e+01 1.170e-02 1.778e+03 0.000e+00
2.038e-03 1.170e+01 1.196e-02 1.706e+03 0.000e+00
2.250e-03 1.143e+01 1.338e-02 1.371e+03 0.000e+00
2.483e-03 1.114e+01 1.493e-02 1.103e+03 0.000e+00
2.741e-03 1.083e+01 1.661e-02 8.864e+02 0.000e+00
3.000e-03 1.052e+01 1.826e-02 7.261e+02 0.000e+00
3.026e-03 1.049e+01 1.843e-02 7.119e+02 0.000e+00
3.341e-03 1.012e+01 2.037e-02 5.674e+02 0.000e+00
3.552e-03 9.888e+00 2.163e-02 4.932e+02 0.000e+00
3.552e-03 9.888e+00 2.163e-02 1.198e+03 0.000e+00
3.688e-03 9.737e+00 2.243e-02 1.082e+03 0.000e+00
3.728e-03 9.694e+00 2.266e-02 1.051e+03 0.000e+00
3.728e-03 9.694e+00 2.266e-02 1.498e+03 0.000e+00
4.000e-03 9.403e+00 2.420e-02 1.257e+03 0.000e+00
4.071e-03 9.329e+00 2.459e-02 1.204e+03 0.000e+00
4.303e-03 9.093e+00 2.586e-02 1.049e+03 0.000e+00
4.303e-03 9.093e+00 2.586e-02 1.222e+03 0.000e+00
4.494e-03 8.906e+00 2.687e-02 1.096e+03 0.000e+00
4.961e-03 8.468e+00 2.923e-02 8.554e+02 0.000e+00
5.000e-03 8.432e+00 2.942e-02 8.388e+02 0.000e+00
5.182e-03 8.270e+00 3.027e-02 7.653e+02 0.000e+00
5.182e-03 8.270e+00 3.027e-02 8.122e+02 0.000e+00
5.477e-03 8.020e+00 3.164e-02 7.081e+02 0.000e+00
5.548e-03 7.961e+00 3.196e-02 6.859e+02 0.000e+00
5.548e-03 7.961e+00 3.196e-02 7.152e+02 0.000e+00
6.000e-03 7.601e+00 3.394e-02 5.911e+02 0.000e+00
6.046e-03 7.565e+00 3.413e-02 5.800e+02 0.000e+00
6.675e-03 7.106e+00 3.671e-02 4.538e+02 0.000e+00
7.368e-03 6.646e+00 3.938e-02 3.553e+02 0.000e+00
8.000e-03 6.262e+00 4.168e-02 2.897e+02 0.000e+00
8.134e-03 6.185e+00 4.216e-02 2.779e+02 0.000e+00
8.979e-03 5.729e+00 4.506e-02 2.167e+02 0.000e+00
9.912e-03 5.281e+00 4.808e-02 1.690e+02 0.000e+00
1.000e-02 5.241e+00 4.835e-02 1.653e+02 0.000e+00
1.094e-02 4.846e+00 5.120e-02 1.314e+02 0.000e+00
1.208e-02 4.424e+00 5.442e-02 1.019e+02 0.000e+00
1.334e-02 4.018e+00 5.769e-02 7.906e+01 0.000e+00
1.472e-02 3.632e+00 6.095e-02 6.145e+01 0.000e+00
1.500e-02 3.560e+00 6.157e-02 5.855e+01 0.000e+00
1.625e-02 3.262e+00 6.418e-02 4.758e+01 0.000e+00
1.717e-02 3.067e+00 6.594e-02 4.127e+01 0.000e+00
1.717e-02 3.067e+00 6.594e-02 9.872e+01 0.000e+00
1.794e-02 2.917e+00 6.735e-02 8.752e+01 0.000e+00
1.980e-02 2.595e+00 7.043e-02 6.685e+01 0.000e+00
2.000e-02 2.563e+00 7.074e-02 6.504e+01 0.000e+00
2.095e-02 2.421e+00 7.217e-02 5.750e+01 0.000e+00
2.095e-02 2.421e+00 7.217e-02 8.166e+01 0.000e+00
2.135e-02 2.365e+00 7.275e-02 7.774e+01 0.000e+00
2.176e-02 2.311e+00 7.334e-02 7.402e+01 0.000e+00
2.176e-02 2.311e+00 7.334e-02 8.541e+01 0.000e+00
2.186e-02 2.297e+00 7.348e-02 8.439e+01 0.000e+00
2.413e-02 2.025e+00 7.644e-02 6.564e+01 0.000e+00
2.664e-02 1.775e+00 7.927e-02 5.103e+01 0.000e+00
2.941e-02 1.552e+00 8.198e-02 3.967e+01 0.000e+00
3.000e-02 1.510e+00 8.251e-02 3.772e+01 0.000e+00
3.247e-02 1.356e+00 8.459e-02 3.067e+01 0.000e+00
3.584e-02 1.184e+00 8.705e-02 2.370e+01 0.000e+00
3.957e-02 1.031e+00 8.935e-02 1.829e+01 0.000e+00
4.000e-02 1.015e+00 8.959e-02 1.778e+01 0.000e+00
4.368e-02 8.947e-01 9.142e-02 1.409e+01 0.000e+00
4.822e-02 7.731e-01 9.323e-02 1.085e+01 0.000e+00
5.000e-02 7.319e-01 9.383e-02 9.856e+00 0.000e+00
5.323e-02 6.648e-01 9.478e-02 8.339e+00 0.000e+00
5.876e-02 5.694e-01 9.604e-02 6.405e+00 0.000e+00
6.000e-02 5.508e-01 9.626e-02 6.058e+00 0.000e+00
6.486e-02 4.862e-01 9.698e-02 4.914e+00 0.000e+00
7.161e-02 4.142e-01 9.762e-02 3.766e+00 0.000e+00
7.905e-02 3.527e-01 9.794e-02 2.888e+00 0.000e+00
8.000e-02 3.459e-01 9.796e-02 2.796e+00 0.000e+00
8.726e-02 3.002e-01 9.798e-02 2.211e+00 0.000e+00
9.633e-02 2.553e-01 9.773e-02 1.693e+00 0.000e+00
1.000e-01 2.400e-01 9.758e-02 1.530e+00 0.000e+00
1.063e-01 2.167e-01 9.724e-02 1.297e+00 0.000e+00
1.156e-01 1.881e-01 9.663e-02 1.034e+00 0.000e+00
1.156e-01 1.881e-01 9.663e-02 4.381e+00 0.000e+00
1.174e-01 1.832e-01 9.649e-02 4.213e+00 0.000e+00
1.296e-01 1.547e-01 9.549e-02 3.278e+00 0.000e+00
1.431e-01 1.303e-01 9.423e-02 2.548e+00 0.000e+00
1.500e-01 1.200e-01 9.356e-02 2.259e+00 0.000e+00
1.579e-01 1.096e-01 9.278e-02 1.982e+00 0.000e+00
1.743e-01 9.197e-02 9.111e-02 1.539e+00 0.000e+00
1.925e-01 7.698e-02 8.927e-02 1.193e+00 0.000e+00
2.000e-01 7.187e-02 8.851e-02 1.081e+00 0.000e+00
2.125e-01 6.444e-02 8.727e-02 9.255e-01 0.000e+00
2.345e-01 5.394e-02 8.515e-02 7.193e-01 0.000e+00
2.589e-01 4.509e-02 8.291e-02 5.591e-01 0.000e+00
2.858e-01 3.768e-02 8.057e-02 4.355e-01 0.000e+00
3.000e-01 3.449e-02 7.940e-02 3.856e-01 0.000e+00
3.155e-01 3.145e-02 7.817e-02 3.401e-01 0.000e+00
3.483e-01 2.622e-02 7.572e-02 2.663e-01 0.000e+00
3.845e-01 2.184e-02 7.323e-02 2.093e-01 0.000e+00
4.000e-01 2.030e-02 7.223e-02 1.902e-01 0.000e+00
4.245e-01 1.817e-02 7.072e-02 1.650e-01 0.000e+00
4.686e-01 1.509e-02 6.821e-02 1.307e-01 0.000e+00
5.000e-01 1.336e-02 6.656e-02 1.124e-01 0.000e+00
5.173e-01 1.252e-02 6.569e-02 1.039e-01 0.000e+00
5.710e-01 1.038e-02 6.319e-02 8.304e-02 0.000e+00
6.000e-01 9.449e-03 6.193e-02 7.433e-02 0.000e+00
6.304e-01 8.598e-03 6.069e-02 6.662e-02 0.000e+00
6.959e-01 7.114e-03 5.821e-02 5.371e-02 0.000e+00
7.682e-01 5.883e-03 5.576e-02 4.348e-02 0.000e+00
8.000e-01 5.441e-03 5.477e-02 3.991e-02 0.000e+00
8.480e-01 4.863e-03 5.335e-02 3.532e-02 0.000e+00
9.361e-01 4.017e-03 5.098e-02 2.883e-02 0.000e+00
1.000e+00 3.533e-03 4.942e-02 2.526e-02 0.000e+00
1.022e+00 3.386e-03 4.890e-02 2.421e-02 0.000e+00
1.033e+00 3.316e-03 4.865e-02 2.370e-02 8.730e-08
1.141e+00 2.731e-03 4.636e-02 1.951e-02 8.098e-05
1.250e+00 2.286e-03 4.430e-02 1.636e-02 4.248e-04
1.259e+00 2.254e-03 4.414e-02 1.614e-02 4.661e-04
1.390e+00 1.857e-03 4.197e-02 1.339e-02 1.252e-03
1.500e+00 1.599e-03 4.034e-02 1.163e-02 2.097e-03
1.535e+00 1.528e-03 3.986e-02 1.116e-02 2.383e-03
1.694e+00 1.258e-03 3.783e-02 9.355e-03 3.705e-03
1.870e+00 1.035e-03 3.584e-02 7.877e-03 5.128e-03
2.000e+00 9.070e-04 3.449e-02 7.026e-03 6.147e-03
2.044e+00 8.689e-04 3.405e-02 6.773e-03 6.490e-03
2.065e+00 8.516e-04 3.385e-02 6.658e-03 6.653e-03
2.279e+00 7.009e-04 3.196e-02 5.655e-03 8.239e-03
2.516e+00 5.760e-04 3.017e-02 4.820e-03 9.857e-03
2.778e+00 4.731e-04 2.846e-02 4.123e-03 1.151e-02
3.000e+00 4.060e-04 2.717e-02 3.661e-03 1.280e-02
3.066e+00 3.888e-04 2.681e-02 3.541e-03 1.318e-02
3.385e+00 3.193e-04 2.522e-02 3.050e-03 1.492e-02
3.737e+00 2.623e-04 2.369e-02 2.636e-03 1.671e-02
4.000e+00 2.290e-04 2.268e-02 2.389e-03 1.798e-02
4.125e+00 2.154e-04 2.223e-02 2.286e-03 1.856e-02
4.554e+00 1.769e-04 2.084e-02 1.988e-03 2.047e-02
5.000e+00 1.468e-04 1.959e-02 1.746e-03 2.231e-02
5.027e+00 1.452e-04 1.952e-02 1.734e-03 2.242e-02
5.549e+00 1.192e-04 1.826e-02 1.516e-03 2.441e-02
6.000e+00 1.020e-04 1.732e-02 1.366e-03 2.603e-02
6.126e+00 9.788e-05 1.707e-02 1.329e-03 2.646e-02
6.762e+00 8.036e-05 1.595e-02 1.168e-03 2.859e-02
7.000e+00 7.499e-05 1.557e-02 1.117e-03 2.934e-02
7.465e+00 6.594e-05 1.488e-02 1.028e-03 3.076e-02
8.000e+00 5.742e-05 1.417e-02 9.420e-04 3.231e-02
8.241e+00 5.412e-05 1.387e-02 9.075e-04 3.300e-02
9.000e+00 4.540e-05 1.303e-02 8.133e-04 3.507e-02
9.097e+00 4.444e-05 1.293e-02 8.027e-04 3.532e-02
1.000e+01 3.677e-05 1.207e-02 7.148e-04 3.757e-02
1.004e+01 3.648e-05 1.204e-02 7.114e-04 3.767e-02
1.100e+01 3.039e-05 1.126e-02 6.370e-04 3.993e-02
1.109e+01 2.990e-05 1.119e-02 6.308e-04 4.013e-02
1.200e+01 2.554e-05 1.056e-02 5.742e-04 4.210e-02
1.224e+01 2.455e-05 1.041e-02 5.609e-04 4.259e-02
1.300e+01 2.177e-05 9.947e-03 5.224e-04 4.414e-02
1.351e+01 2.015e-05 9.665e-03 4.993e-04 4.513e-02
1.400e+01 1.877e-05 9.411e-03 4.790e-04 4.605e-02
1.491e+01 1.655e-05 8.974e-03 4.455e-04 4.769e-02
1.500e+01 1.635e-05 8.933e-03 4.424e-04 4.784e-02
1.600e+01 1.437e-05 8.507e-03 4.106e-04 4.952e-02
1.646e+01 1.358e-05 8.326e-03 3.975e-04 5.025e-02
1.800e+01 1.136e-05 7.776e-03 3.591e-04 5.254e-02
1.818e+01 1.113e-05 7.717e-03 3.551e-04 5.280e-02
2.000e+01 9.198e-06 7.171e-03 3.191e-04 5.525e-02
