# UREA from NIST Database
1.323e+00 0.000e+00 0.000e+00 0.000e+00 0.000e+00
1.000e+00 6.660e-02 3.500e+00 0.000e+00 0.000e+00
6.000e+00 1.665e-02 3.500e+00 0.000e+00 0.000e+00
7.000e+00 3.330e-02 3.500e+00 0.000e+00 0.000e+00
8.000e+00 1.665e-02 3.500e+00 0.000e+00 0.000e+00
0.000e+00 0.000e+00 0.000e+00 0.000e+00 0.000e+00
1.000e-03 1.241e+00 1.331e-02 3.209e+03 0.000e+00
1.020e-03 1.237e+00 1.378e-02 3.041e+03 0.000e+00
1.126e-03 1.213e+00 1.641e-02 2.325e+03 0.000e+00
1.243e-03 1.188e+00 1.950e-02 1.775e+03 0.000e+00
1.372e-03 1.160e+00 2.308e-02 1.353e+03 0.000e+00
1.500e-03 1.131e+00 2.677e-02 1.057e+03 0.000e+00
1.515e-03 1.127e+00 2.721e-02 1.028e+03 0.000e+00
1.672e-03 1.089e+00 3.183e-02 7.789e+02 0.000e+00
1.846e-03 1.046e+00 3.702e-02 5.878e+02 0.000e+00
2.000e-03 1.007e+00 4.162e-02 4.672e+02 0.000e+00
2.038e-03 9.977e-01 4.275e-02 4.426e+02 0.000e+00
2.250e-03 9.451e-01 4.900e-02 3.325e+02 0.000e+00
2.483e-03 8.891e-01 5.570e-02 2.495e+02 0.000e+00
2.741e-03 8.299e-01 6.283e-02 1.867e+02 0.000e+00
3.000e-03 7.739e-01 6.962e-02 1.430e+02 0.000e+00
3.026e-03 7.685e-01 7.028e-02 1.394e+02 0.000e+00
3.341e-03 7.058e-01 7.794e-02 1.038e+02 0.000e+00
3.688e-03 6.435e-01 8.567e-02 7.723e+01 0.000e+00
4.000e-03 5.932e-01 9.198e-02 6.048e+01 0.000e+00
4.071e-03 5.825e-01 9.334e-02 5.735e+01 0.000e+00
4.494e-03 5.240e-01 1.008e-01 4.251e+01 0.000e+00
4.961e-03 4.688e-01 1.081e-01 3.145e+01 0.000e+00
5.000e-03 4.645e-01 1.086e-01 3.071e+01 0.000e+00
5.477e-03 4.175e-01 1.149e-01 2.322e+01 0.000e+00
6.000e-03 3.741e-01 1.209e-01 1.754e+01 0.000e+00
6.046e-03 3.706e-01 1.214e-01 1.713e+01 0.000e+00
6.675e-03 3.281e-01 1.274e-01 1.260e+01 0.000e+00
7.368e-03 2.900e-01 1.330e-01 9.269e+00 0.000e+00
8.000e-03 2.615e-01 1.373e-01 7.167e+00 0.000e+00
8.134e-03 2.560e-01 1.381e-01 6.804e+00 0.000e+00
8.979e-03 2.260e-01 1.428e-01 4.988e+00 0.000e+00
9.912e-03 1.993e-01 1.472e-01 3.652e+00 0.000e+00
1.000e-02 1.971e-01 1.476e-01 3.551e+00 0.000e+00
1.094e-02 1.758e-01 1.513e-01 2.671e+00 0.000e+00
1.208e-02 1.547e-01 1.551e-01 1.948e+00 0.000e+00
1.334e-02 1.359e-01 1.587e-01 1.419e+00 0.000e+00
1.472e-02 1.192e-01 1.620e-01 1.035e+00 0.000e+00
1.500e-02 1.162e-01 1.626e-01 9.737e-01 0.000e+00
1.625e-02 1.041e-01 1.650e-01 7.525e-01 0.000e+00
1.794e-02 9.054e-02 1.677e-01 5.466e-01 0.000e+00
1.980e-02 7.841e-02 1.702e-01 3.971e-01 0.000e+00
2.000e-02 7.725e-02 1.704e-01 3.843e-01 0.000e+00
2.186e-02 6.754e-02 1.722e-01 2.878e-01 0.000e+00
2.413e-02 5.791e-02 1.738e-01 2.085e-01 0.000e+00
2.664e-02 4.942e-02 1.751e-01 1.509e-01 0.000e+00
2.941e-02 4.201e-02 1.759e-01 1.091e-01 0.000e+00
3.000e-02 4.064e-02 1.760e-01 1.022e-01 0.000e+00
3.247e-02 3.558e-02 1.763e-01 7.882e-02 0.000e+00
3.584e-02 3.005e-02 1.763e-01 5.695e-02 0.000e+00
3.957e-02 2.530e-02 1.759e-01 4.109e-02 0.000e+00
4.000e-02 2.482e-02 1.758e-01 3.965e-02 0.000e+00
4.368e-02 2.125e-02 1.751e-01 2.965e-02 0.000e+00
4.822e-02 1.782e-02 1.739e-01 2.138e-02 0.000e+00
5.000e-02 1.669e-02 1.734e-01 1.896e-02 0.000e+00
5.323e-02 1.491e-02 1.724e-01 1.541e-02 0.000e+00
5.876e-02 1.245e-02 1.706e-01 1.111e-02 0.000e+00
6.000e-02 1.198e-02 1.702e-01 1.036e-02 0.000e+00
6.486e-02 1.038e-02 1.685e-01 8.004e-03 0.000e+00
7.161e-02 8.631e-03 1.661e-01 5.765e-03 0.000e+00
7.905e-02 7.169e-03 1.634e-01 4.154e-03 0.000e+00
8.000e-02 7.009e-03 1.631e-01 3.993e-03 0.000e+00
8.726e-02 5.945e-03 1.606e-01 2.994e-03 0.000e+00
9.633e-02 4.923e-03 1.574e-01 2.158e-03 0.000e+00
1.000e-01 4.582e-03 1.562e-01 1.907e-03 0.000e+00
1.063e-01 4.074e-03 1.542e-01 1.558e-03 0.000e+00
1.174e-01 3.362e-03 1.507e-01 1.123e-03 0.000e+00
1.296e-01 2.775e-03 1.471e-01 8.112e-04 0.000e+00
1.431e-01 2.287e-03 1.433e-01 5.863e-04 0.000e+00
1.500e-01 2.086e-03 1.415e-01 5.028e-04 0.000e+00
1.579e-01 1.886e-03 1.395e-01 4.254e-04 0.000e+00
1.743e-01 1.553e-03 1.356e-01 3.088e-04 0.000e+00
1.925e-01 1.276e-03 1.315e-01 2.243e-04 0.000e+00
2.000e-01 1.184e-03 1.300e-01 1.985e-04 0.000e+00
2.125e-01 1.050e-03 1.275e-01 1.636e-04 0.000e+00
2.345e-01 8.638e-04 1.234e-01 1.198e-04 0.000e+00
2.589e-01 7.098e-04 1.193e-01 8.790e-05 0.000e+00
2.858e-01 5.833e-04 1.152e-01 6.481e-05 0.000e+00
3.000e-01 5.297e-04 1.132e-01 5.591e-05 0.000e+00
3.155e-01 4.791e-04 1.112e-01 4.802e-05 0.000e+00
3.483e-01 3.935e-04 1.071e-01 3.576e-05 0.000e+00
3.845e-01 3.231e-04 1.031e-01 2.679e-05 0.000e+00
4.000e-01 2.986e-04 1.015e-01 2.391e-05 0.000e+00
4.245e-01 2.652e-04 9.917e-02 2.019e-05 0.000e+00
4.686e-01 2.178e-04 9.528e-02 1.534e-05 0.000e+00
5.000e-01 1.913e-04 9.276e-02 1.288e-05 0.000e+00
5.173e-01 1.788e-04 9.144e-02 1.177e-05 0.000e+00
5.710e-01 1.468e-04 8.768e-02 9.114e-06 0.000e+00
6.000e-01 1.330e-04 8.582e-02 8.018e-06 0.000e+00
6.304e-01 1.205e-04 8.399e-02 7.050e-06 0.000e+00
6.959e-01 9.888e-05 8.038e-02 5.485e-06 0.000e+00
7.682e-01 8.115e-05 7.685e-02 4.381e-06 0.000e+00
8.000e-01 7.483e-05 7.541e-02 4.045e-06 0.000e+00
8.480e-01 6.659e-05 7.337e-02 3.653e-06 0.000e+00
9.361e-01 5.464e-05 6.999e-02 3.022e-06 0.000e+00
1.000e+00 4.790e-05 6.781e-02 2.515e-06 0.000e+00
1.022e+00 4.587e-05 6.711e-02 2.336e-06 0.000e+00
1.033e+00 4.490e-05 6.677e-02 2.259e-06 3.165e-09
1.141e+00 3.681e-05 6.356e-02 1.812e-06 3.004e-06
1.250e+00 3.067e-05 6.065e-02 1.586e-06 1.625e-05
1.259e+00 3.023e-05 6.042e-02 1.569e-06 1.788e-05
1.390e+00 2.480e-05 5.738e-02 1.324e-06 5.065e-05
1.500e+00 2.130e-05 5.511e-02 1.151e-06 8.998e-05
1.535e+00 2.034e-05 5.444e-02 1.105e-06 1.045e-04
1.694e+00 1.670e-05 5.163e-02 9.371e-07 1.801e-04
1.870e+00 1.371e-05 4.888e-02 8.029e-07 2.787e-04
2.000e+00 1.198e-05 4.704e-02 7.248e-07 3.583e-04
2.044e+00 1.147e-05 4.645e-02 7.013e-07 3.862e-04
2.065e+00 1.124e-05 4.617e-02 6.906e-07 3.997e-04
2.279e+00 9.221e-06 4.359e-02 5.965e-07 5.405e-04
2.516e+00 7.566e-06 4.113e-02 5.173e-07 7.018e-04
2.778e+00 6.208e-06 3.877e-02 4.504e-07 8.833e-04
3.000e+00 5.324e-06 3.701e-02 4.056e-07 1.038e-03
3.066e+00 5.098e-06 3.652e-02 3.938e-07 1.084e-03
3.385e+00 4.183e-06 3.434e-02 3.454e-07 1.304e-03
3.737e+00 3.432e-06 3.225e-02 3.038e-07 1.543e-03
4.000e+00 2.996e-06 3.087e-02 2.786e-07 1.716e-03
4.125e+00 2.817e-06 3.026e-02 2.680e-07 1.797e-03
4.554e+00 2.311e-06 2.836e-02 2.370e-07 2.067e-03
5.000e+00 1.917e-06 2.666e-02 2.114e-07 2.337e-03
5.027e+00 1.896e-06 2.656e-02 2.100e-07 2.353e-03
5.549e+00 1.556e-06 2.485e-02 1.865e-07 2.655e-03
6.000e+00 1.331e-06 2.356e-02 1.700e-07 2.905e-03
6.126e+00 1.277e-06 2.323e-02 1.659e-07 2.972e-03
6.762e+00 1.048e-06 2.170e-02 1.479e-07 3.299e-03
7.000e+00 9.781e-07 2.118e-02 1.421e-07 3.416e-03
7.465e+00 8.601e-07 2.024e-02 1.320e-07 3.638e-03
8.000e+00 7.490e-07 1.927e-02 1.219e-07 3.881e-03
8.241e+00 7.058e-07 1.887e-02 1.179e-07 3.988e-03
9.000e+00 5.918e-07 1.772e-02 1.068e-07 4.307e-03
9.097e+00 5.792e-07 1.758e-02 1.055e-07 4.346e-03
1.000e+01 4.793e-07 1.642e-02 9.496e-08 4.694e-03
1.004e+01 4.755e-07 1.637e-02 9.454e-08 4.709e-03
1.100e+01 3.961e-07 1.531e-02 8.548e-08 5.051e-03
1.109e+01 3.897e-07 1.522e-02 8.472e-08 5.081e-03
1.200e+01 3.328e-07 1.436e-02 7.771e-08 5.378e-03
1.224e+01 3.199e-07 1.415e-02 7.606e-08 5.453e-03
1.300e+01 2.836e-07 1.353e-02 7.124e-08 5.684e-03
1.351e+01 2.626e-07 1.314e-02 6.833e-08 5.831e-03
1.400e+01 2.445e-07 1.280e-02 6.574e-08 5.969e-03
1.491e+01 2.156e-07 1.220e-02 6.144e-08 6.214e-03
1.500e+01 2.130e-07 1.215e-02 6.104e-08 6.237e-03
1.600e+01 1.872e-07 1.157e-02 5.698e-08 6.490e-03
1.646e+01 1.769e-07 1.132e-02 5.528e-08 6.600e-03
1.800e+01 1.479e-07 1.057e-02 5.026e-08 6.951e-03
1.818e+01 1.450e-07 1.049e-02 4.973e-08 6.990e-03
2.000e+01 1.198e-07 9.750e-03 4.496e-08 7.365e-03
