# VANADIUM from NIST Database
6.110e+00 0.000e+00 0.000e+00 0.000e+00 0.000e+00
2.300e+01 1.000e+00 3.500e+00 0.000e+00 0.000e+00
0.000e+00 0.000e+00 0.000e+00 0.000e+00 0.000e+00
1.000e-03 3.822e+00 1.071e-02 6.491e+03 0.000e+00
1.020e-03 3.809e+00 1.100e-02 6.176e+03 0.000e+00
1.126e-03 3.742e+00 1.255e-02 4.814e+03 0.000e+00
1.243e-03 3.673e+00 1.428e-02 3.754e+03 0.000e+00
1.372e-03 3.599e+00 1.616e-02 2.927e+03 0.000e+00
1.500e-03 3.524e+00 1.797e-02 2.338e+03 0.000e+00
1.515e-03 3.515e+00 1.818e-02 2.278e+03 0.000e+00
1.672e-03 3.422e+00 2.026e-02 1.761e+03 0.000e+00
1.846e-03 3.319e+00 2.246e-02 1.360e+03 0.000e+00
2.000e-03 3.230e+00 2.434e-02 1.103e+03 0.000e+00
2.038e-03 3.208e+00 2.480e-02 1.048e+03 0.000e+00
2.250e-03 3.090e+00 2.734e-02 8.039e+02 0.000e+00
2.483e-03 2.965e+00 3.007e-02 6.172e+02 0.000e+00
2.741e-03 2.833e+00 3.304e-02 4.734e+02 0.000e+00
3.000e-03 2.706e+00 3.595e-02 3.716e+02 0.000e+00
3.026e-03 2.694e+00 3.624e-02 3.629e+02 0.000e+00
3.341e-03 2.548e+00 3.968e-02 2.766e+02 0.000e+00
3.688e-03 2.397e+00 4.335e-02 2.110e+02 0.000e+00
4.000e-03 2.270e+00 4.653e-02 1.689e+02 0.000e+00
4.071e-03 2.242e+00 4.724e-02 1.609e+02 0.000e+00
4.494e-03 2.083e+00 5.133e-02 1.223e+02 0.000e+00
4.961e-03 1.924e+00 5.562e-02 9.294e+01 0.000e+00
5.000e-03 1.912e+00 5.596e-02 9.094e+01 0.000e+00
5.465e-03 1.770e+00 5.998e-02 7.093e+01 0.000e+00
5.465e-03 1.770e+00 5.998e-02 5.852e+02 0.000e+00
5.477e-03 1.766e+00 6.008e-02 5.821e+02 0.000e+00
6.000e-03 1.624e+00 6.433e-02 4.671e+02 0.000e+00
6.046e-03 1.613e+00 6.469e-02 4.584e+02 0.000e+00
6.675e-03 1.465e+00 6.941e-02 3.565e+02 0.000e+00
7.368e-03 1.326e+00 7.418e-02 2.747e+02 0.000e+00
8.000e-03 1.218e+00 7.814e-02 2.204e+02 0.000e+00
8.134e-03 1.197e+00 7.894e-02 2.107e+02 0.000e+00
8.979e-03 1.078e+00 8.363e-02 1.615e+02 0.000e+00
9.912e-03 9.698e-01 8.822e-02 1.236e+02 0.000e+00
1.000e-02 9.606e-01 8.863e-02 1.207e+02 0.000e+00
1.094e-02 8.718e-01 9.266e-02 9.441e+01 0.000e+00
1.208e-02 7.819e-01 9.696e-02 7.179e+01 0.000e+00
1.334e-02 6.990e-01 1.011e-01 5.443e+01 0.000e+00
1.472e-02 6.228e-01 1.051e-01 4.125e+01 0.000e+00
1.500e-02 6.088e-01 1.058e-01 3.911e+01 0.000e+00
1.625e-02 5.516e-01 1.089e-01 3.115e+01 0.000e+00
1.794e-02 4.856e-01 1.126e-01 2.346e+01 0.000e+00
1.980e-02 4.249e-01 1.161e-01 1.765e+01 0.000e+00
2.000e-02 4.190e-01 1.164e-01 1.714e+01 0.000e+00
2.186e-02 3.691e-01 1.193e-01 1.324e+01 0.000e+00
2.413e-02 3.189e-01 1.223e-01 9.914e+00 0.000e+00
2.664e-02 2.742e-01 1.249e-01 7.408e+00 0.000e+00
2.941e-02 2.350e-01 1.273e-01 5.526e+00 0.000e+00
3.000e-02 2.278e-01 1.277e-01 5.209e+00 0.000e+00
3.247e-02 2.010e-01 1.292e-01 4.113e+00 0.000e+00
3.584e-02 1.717e-01 1.307e-01 3.059e+00 0.000e+00
3.957e-02 1.464e-01 1.318e-01 2.269e+00 0.000e+00
4.000e-02 1.439e-01 1.319e-01 2.196e+00 0.000e+00
4.368e-02 1.247e-01 1.326e-01 1.682e+00 0.000e+00
4.822e-02 1.061e-01 1.330e-01 1.245e+00 0.000e+00
5.000e-02 9.993e-02 1.331e-01 1.114e+00 0.000e+00
5.323e-02 9.009e-02 1.331e-01 9.202e-01 0.000e+00
5.876e-02 7.636e-02 1.330e-01 6.795e-01 0.000e+00
6.000e-02 7.372e-02 1.329e-01 6.372e-01 0.000e+00
6.486e-02 6.458e-02 1.325e-01 5.012e-01 0.000e+00
7.161e-02 5.445e-02 1.317e-01 3.691e-01 0.000e+00
7.905e-02 4.580e-02 1.305e-01 2.717e-01 0.000e+00
8.000e-02 4.484e-02 1.304e-01 2.619e-01 0.000e+00
8.726e-02 3.841e-02 1.291e-01 2.000e-01 0.000e+00
9.633e-02 3.213e-02 1.274e-01 1.471e-01 0.000e+00
1.000e-01 3.002e-02 1.267e-01 1.310e-01 0.000e+00
1.063e-01 2.684e-02 1.255e-01 1.083e-01 0.000e+00
1.174e-01 2.235e-02 1.233e-01 7.950e-02 0.000e+00
1.296e-01 1.860e-02 1.208e-01 5.844e-02 0.000e+00
1.431e-01 1.545e-02 1.182e-01 4.295e-02 0.000e+00
1.500e-01 1.414e-02 1.169e-01 3.711e-02 0.000e+00
1.579e-01 1.283e-02 1.155e-01 3.165e-02 0.000e+00
1.743e-01 1.064e-02 1.126e-01 2.332e-02 0.000e+00
1.925e-01 8.801e-03 1.095e-01 1.718e-02 0.000e+00
2.000e-01 8.179e-03 1.083e-01 1.529e-02 0.000e+00
2.125e-01 7.281e-03 1.064e-01 1.270e-02 0.000e+00
2.345e-01 6.023e-03 1.032e-01 9.423e-03 0.000e+00
2.589e-01 4.974e-03 9.998e-02 7.000e-03 0.000e+00
2.858e-01 4.105e-03 9.671e-02 5.220e-03 0.000e+00
3.000e-01 3.734e-03 9.509e-02 4.527e-03 0.000e+00
3.155e-01 3.385e-03 9.342e-02 3.908e-03 0.000e+00
3.483e-01 2.788e-03 9.012e-02 2.939e-03 0.000e+00
3.845e-01 2.296e-03 8.684e-02 2.222e-03 0.000e+00
4.000e-01 2.124e-03 8.554e-02 1.990e-03 0.000e+00
4.245e-01 1.890e-03 8.359e-02 1.689e-03 0.000e+00
4.686e-01 1.555e-03 8.037e-02 1.292e-03 0.000e+00
5.000e-01 1.368e-03 7.828e-02 1.089e-03 0.000e+00
5.173e-01 1.279e-03 7.719e-02 9.967e-04 0.000e+00
5.710e-01 1.051e-03 7.406e-02 7.747e-04 0.000e+00
6.000e-01 9.527e-04 7.250e-02 6.841e-04 0.000e+00
6.304e-01 8.636e-04 7.097e-02 6.050e-04 0.000e+00
6.959e-01 7.095e-04 6.794e-02 4.761e-04 0.000e+00
7.682e-01 5.828e-04 6.498e-02 3.797e-04 0.000e+00
8.000e-01 5.376e-04 6.378e-02 3.479e-04 0.000e+00
8.480e-01 4.788e-04 6.207e-02 3.084e-04 0.000e+00
9.361e-01 3.932e-04 5.923e-02 2.514e-04 0.000e+00
1.000e+00 3.447e-04 5.738e-02 2.163e-04 0.000e+00
1.022e+00 3.301e-04 5.678e-02 2.052e-04 0.000e+00
1.033e+00 3.231e-04 5.648e-02 2.001e-04 1.265e-08
1.141e+00 2.649e-04 5.377e-02 1.633e-04 1.128e-05
1.250e+00 2.208e-04 5.133e-02 1.389e-04 5.795e-05
1.259e+00 2.177e-04 5.114e-02 1.372e-04 6.354e-05
1.390e+00 1.787e-04 4.858e-02 1.149e-04 1.726e-04
1.500e+00 1.534e-04 4.667e-02 1.002e-04 2.997e-04
1.535e+00 1.465e-04 4.610e-02 9.624e-05 3.461e-04
1.694e+00 1.203e-04 4.372e-02 8.125e-05 5.880e-04
1.870e+00 9.877e-05 4.139e-02 6.900e-05 9.035e-04
2.000e+00 8.636e-05 3.984e-02 6.196e-05 1.159e-03
2.044e+00 8.268e-05 3.934e-02 5.986e-05 1.248e-03
2.065e+00 8.101e-05 3.911e-02 5.891e-05 1.291e-03
2.279e+00 6.652e-05 3.694e-02 5.057e-05 1.736e-03
2.516e+00 5.458e-05 3.485e-02 4.357e-05 2.233e-03
2.778e+00 4.478e-05 3.285e-02 3.769e-05 2.778e-03
3.000e+00 3.840e-05 3.135e-02 3.376e-05 3.236e-03
3.066e+00 3.676e-05 3.093e-02 3.274e-05 3.371e-03
3.385e+00 3.016e-05 2.909e-02 2.854e-05 4.018e-03
3.737e+00 2.475e-05 2.732e-02 2.496e-05 4.713e-03
4.000e+00 2.160e-05 2.615e-02 2.280e-05 5.215e-03
4.125e+00 2.031e-05 2.563e-02 2.190e-05 5.447e-03
4.554e+00 1.666e-05 2.403e-02 1.925e-05 6.218e-03
5.000e+00 1.382e-05 2.259e-02 1.709e-05 6.979e-03
5.027e+00 1.367e-05 2.251e-02 1.698e-05 7.023e-03
5.549e+00 1.122e-05 2.106e-02 1.501e-05 7.869e-03
6.000e+00 9.602e-06 1.997e-02 1.364e-05 8.561e-03
6.126e+00 9.211e-06 1.968e-02 1.330e-05 8.748e-03
6.762e+00 7.559e-06 1.838e-02 1.180e-05 9.650e-03
7.000e+00 7.054e-06 1.795e-02 1.132e-05 9.973e-03
7.465e+00 6.203e-06 1.715e-02 1.049e-05 1.058e-02
8.000e+00 5.401e-06 1.633e-02 9.670e-06 1.125e-02
8.241e+00 5.090e-06 1.599e-02 9.341e-06 1.153e-02
9.000e+00 4.268e-06 1.501e-02 8.434e-06 1.241e-02
9.097e+00 4.177e-06 1.490e-02 8.330e-06 1.251e-02
1.000e+01 3.457e-06 1.391e-02 7.475e-06 1.345e-02
1.004e+01 3.429e-06 1.387e-02 7.441e-06 1.349e-02
1.100e+01 2.857e-06 1.297e-02 6.709e-06 1.440e-02
1.109e+01 2.811e-06 1.289e-02 6.648e-06 1.448e-02
1.200e+01 2.401e-06 1.216e-02 6.086e-06 1.528e-02
1.224e+01 2.308e-06 1.199e-02 5.953e-06 1.548e-02
1.300e+01 2.045e-06 1.146e-02 5.567e-06 1.609e-02
1.351e+01 1.894e-06 1.114e-02 5.335e-06 1.649e-02
1.400e+01 1.764e-06 1.084e-02 5.129e-06 1.684e-02
1.491e+01 1.555e-06 1.034e-02 4.786e-06 1.749e-02
1.500e+01 1.537e-06 1.029e-02 4.755e-06 1.756e-02
1.600e+01 1.350e-06 9.804e-03 4.431e-06 1.822e-02
1.646e+01 1.276e-06 9.594e-03 4.296e-06 1.850e-02
1.800e+01 1.067e-06 8.960e-03 3.900e-06 1.942e-02
1.818e+01 1.046e-06 8.891e-03 3.858e-06 1.953e-02
2.000e+01 8.642e-07 8.262e-03 3.481e-06 2.051e-02
