# VALINE from NIST Database
1.230e+00 0.000e+00 0.000e+00 0.000e+00 0.000e+00
1.000e+00 9.389e-02 3.500e+00 0.000e+00 0.000e+00
6.000e+00 4.268e-02 3.500e+00 0.000e+00 0.000e+00
7.000e+00 8.537e-03 3.500e+00 0.000e+00 0.000e+00
8.000e+00 1.707e-02 3.500e+00 0.000e+00 0.000e+00
0.000e+00 0.000e+00 0.000e+00 0.000e+00 0.000e+00
1.000e-03 1.150e+00 1.488e-02 2.782e+03 0.000e+00
1.020e-03 1.146e+00 1.540e-02 2.636e+03 0.000e+00
1.126e-03 1.122e+00 1.831e-02 2.012e+03 0.000e+00
1.243e-03 1.097e+00 2.171e-02 1.534e+03 0.000e+00
1.372e-03 1.069e+00 2.565e-02 1.168e+03 0.000e+00
1.500e-03 1.040e+00 2.969e-02 9.107e+02 0.000e+00
1.515e-03 1.037e+00 3.016e-02 8.856e+02 0.000e+00
1.672e-03 9.996e-01 3.520e-02 6.703e+02 0.000e+00
1.846e-03 9.574e-01 4.082e-02 5.052e+02 0.000e+00
2.000e-03 9.199e-01 4.578e-02 4.011e+02 0.000e+00
2.038e-03 9.107e-01 4.699e-02 3.799e+02 0.000e+00
2.250e-03 8.603e-01 5.369e-02 2.851e+02 0.000e+00
2.483e-03 8.070e-01 6.082e-02 2.137e+02 0.000e+00
2.741e-03 7.514e-01 6.837e-02 1.598e+02 0.000e+00
3.000e-03 6.992e-01 7.552e-02 1.223e+02 0.000e+00
3.026e-03 6.942e-01 7.621e-02 1.192e+02 0.000e+00
3.341e-03 6.363e-01 8.421e-02 8.870e+01 0.000e+00
3.688e-03 5.792e-01 9.222e-02 6.593e+01 0.000e+00
4.000e-03 5.336e-01 9.873e-02 5.159e+01 0.000e+00
4.071e-03 5.239e-01 1.001e-01 4.892e+01 0.000e+00
4.494e-03 4.710e-01 1.078e-01 3.623e+01 0.000e+00
4.961e-03 4.215e-01 1.151e-01 2.679e+01 0.000e+00
5.000e-03 4.178e-01 1.156e-01 2.615e+01 0.000e+00
5.477e-03 3.758e-01 1.220e-01 1.976e+01 0.000e+00
6.000e-03 3.371e-01 1.279e-01 1.491e+01 0.000e+00
6.046e-03 3.340e-01 1.284e-01 1.456e+01 0.000e+00
6.675e-03 2.963e-01 1.344e-01 1.071e+01 0.000e+00
7.368e-03 2.625e-01 1.399e-01 7.871e+00 0.000e+00
8.000e-03 2.372e-01 1.442e-01 6.082e+00 0.000e+00
8.134e-03 2.324e-01 1.450e-01 5.773e+00 0.000e+00
8.979e-03 2.056e-01 1.497e-01 4.229e+00 0.000e+00
9.912e-03 1.817e-01 1.541e-01 3.094e+00 0.000e+00
1.000e-02 1.797e-01 1.545e-01 3.009e+00 0.000e+00
1.094e-02 1.605e-01 1.582e-01 2.262e+00 0.000e+00
1.208e-02 1.415e-01 1.620e-01 1.649e+00 0.000e+00
1.334e-02 1.243e-01 1.655e-01 1.200e+00 0.000e+00
1.472e-02 1.090e-01 1.688e-01 8.747e-01 0.000e+00
1.500e-02 1.063e-01 1.693e-01 8.232e-01 0.000e+00
1.625e-02 9.517e-02 1.717e-01 6.359e-01 0.000e+00
1.794e-02 8.269e-02 1.744e-01 4.617e-01 0.000e+00
1.980e-02 7.153e-02 1.767e-01 3.352e-01 0.000e+00
2.000e-02 7.046e-02 1.769e-01 3.244e-01 0.000e+00
2.186e-02 6.154e-02 1.786e-01 2.428e-01 0.000e+00
2.413e-02 5.271e-02 1.801e-01 1.759e-01 0.000e+00
2.664e-02 4.494e-02 1.812e-01 1.272e-01 0.000e+00
2.941e-02 3.817e-02 1.818e-01 9.196e-02 0.000e+00
3.000e-02 3.693e-02 1.819e-01 8.615e-02 0.000e+00
3.247e-02 3.231e-02 1.821e-01 6.641e-02 0.000e+00
3.584e-02 2.727e-02 1.819e-01 4.797e-02 0.000e+00
3.957e-02 2.295e-02 1.813e-01 3.460e-02 0.000e+00
4.000e-02 2.252e-02 1.812e-01 3.338e-02 0.000e+00
4.368e-02 1.927e-02 1.804e-01 2.496e-02 0.000e+00
4.822e-02 1.615e-02 1.791e-01 1.799e-02 0.000e+00
5.000e-02 1.513e-02 1.785e-01 1.596e-02 0.000e+00
5.323e-02 1.350e-02 1.774e-01 1.297e-02 0.000e+00
5.876e-02 1.127e-02 1.755e-01 9.341e-03 0.000e+00
6.000e-02 1.085e-02 1.750e-01 8.716e-03 0.000e+00
6.486e-02 9.391e-03 1.732e-01 6.731e-03 0.000e+00
7.161e-02 7.807e-03 1.707e-01 4.846e-03 0.000e+00
7.905e-02 6.482e-03 1.679e-01 3.491e-03 0.000e+00
8.000e-02 6.337e-03 1.675e-01 3.355e-03 0.000e+00
8.726e-02 5.373e-03 1.649e-01 2.516e-03 0.000e+00
9.633e-02 4.447e-03 1.616e-01 1.813e-03 0.000e+00
1.000e-01 4.139e-03 1.604e-01 1.602e-03 0.000e+00
1.063e-01 3.679e-03 1.582e-01 1.309e-03 0.000e+00
1.174e-01 3.035e-03 1.546e-01 9.433e-04 0.000e+00
1.296e-01 2.504e-03 1.509e-01 6.814e-04 0.000e+00
1.431e-01 2.063e-03 1.471e-01 4.925e-04 0.000e+00
1.500e-01 1.881e-03 1.452e-01 4.223e-04 0.000e+00
1.579e-01 1.701e-03 1.431e-01 3.573e-04 0.000e+00
1.743e-01 1.400e-03 1.390e-01 2.593e-04 0.000e+00
1.925e-01 1.151e-03 1.349e-01 1.882e-04 0.000e+00
2.000e-01 1.067e-03 1.333e-01 1.665e-04 0.000e+00
2.125e-01 9.466e-04 1.307e-01 1.373e-04 0.000e+00
2.345e-01 7.788e-04 1.266e-01 1.005e-04 0.000e+00
2.589e-01 6.399e-04 1.224e-01 7.375e-05 0.000e+00
2.858e-01 5.258e-04 1.182e-01 5.437e-05 0.000e+00
3.000e-01 4.774e-04 1.161e-01 4.691e-05 0.000e+00
3.155e-01 4.319e-04 1.140e-01 4.028e-05 0.000e+00
3.483e-01 3.547e-04 1.099e-01 3.000e-05 0.000e+00
3.845e-01 2.912e-04 1.057e-01 2.247e-05 0.000e+00
4.000e-01 2.692e-04 1.041e-01 2.005e-05 0.000e+00
4.245e-01 2.391e-04 1.017e-01 1.693e-05 0.000e+00
4.686e-01 1.963e-04 9.771e-02 1.286e-05 0.000e+00
5.000e-01 1.725e-04 9.512e-02 1.080e-05 0.000e+00
5.173e-01 1.611e-04 9.378e-02 9.874e-06 0.000e+00
5.710e-01 1.323e-04 8.991e-02 7.644e-06 0.000e+00
6.000e-01 1.198e-04 8.800e-02 6.723e-06 0.000e+00
6.304e-01 1.086e-04 8.612e-02 5.910e-06 0.000e+00
6.959e-01 8.911e-05 8.242e-02 4.597e-06 0.000e+00
7.682e-01 7.314e-05 7.879e-02 3.672e-06 0.000e+00
8.000e-01 6.744e-05 7.732e-02 3.392e-06 0.000e+00
8.480e-01 6.002e-05 7.523e-02 3.066e-06 0.000e+00
9.361e-01 4.925e-05 7.177e-02 2.538e-06 0.000e+00
1.000e+00 4.317e-05 6.953e-02 2.109e-06 0.000e+00
1.022e+00 4.134e-05 6.881e-02 1.957e-06 0.000e+00
1.033e+00 4.046e-05 6.846e-02 1.891e-06 2.945e-09
1.141e+00 3.317e-05 6.516e-02 1.517e-06 2.798e-06
1.250e+00 2.764e-05 6.218e-02 1.329e-06 1.514e-05
1.259e+00 2.724e-05 6.195e-02 1.315e-06 1.666e-05
1.390e+00 2.235e-05 5.884e-02 1.109e-06 4.724e-05
1.500e+00 1.919e-05 5.652e-02 9.645e-07 8.394e-05
1.535e+00 1.833e-05 5.583e-02 9.259e-07 9.746e-05
1.694e+00 1.505e-05 5.293e-02 7.852e-07 1.681e-04
1.870e+00 1.235e-05 5.011e-02 6.729e-07 2.601e-04
2.000e+00 1.080e-05 4.823e-02 6.075e-07 3.345e-04
2.044e+00 1.034e-05 4.763e-02 5.877e-07 3.605e-04
2.065e+00 1.013e-05 4.735e-02 5.787e-07 3.730e-04
2.279e+00 8.311e-06 4.471e-02 4.998e-07 5.045e-04
2.516e+00 6.820e-06 4.219e-02 4.335e-07 6.554e-04
2.778e+00 5.595e-06 3.976e-02 3.775e-07 8.254e-04
3.000e+00 4.799e-06 3.794e-02 3.400e-07 9.703e-04
3.066e+00 4.595e-06 3.744e-02 3.302e-07 1.013e-03
3.385e+00 3.770e-06 3.520e-02 2.896e-07 1.220e-03
3.737e+00 3.093e-06 3.306e-02 2.547e-07 1.444e-03
4.000e+00 2.700e-06 3.165e-02 2.336e-07 1.607e-03
4.125e+00 2.538e-06 3.103e-02 2.247e-07 1.683e-03
4.554e+00 2.083e-06 2.908e-02 1.987e-07 1.938e-03
5.000e+00 1.728e-06 2.733e-02 1.772e-07 2.192e-03
5.027e+00 1.709e-06 2.723e-02 1.761e-07 2.208e-03
5.549e+00 1.403e-06 2.548e-02 1.564e-07 2.493e-03
6.000e+00 1.200e-06 2.416e-02 1.426e-07 2.728e-03
6.126e+00 1.151e-06 2.382e-02 1.391e-07 2.791e-03
6.762e+00 9.445e-07 2.224e-02 1.240e-07 3.100e-03
7.000e+00 8.814e-07 2.171e-02 1.191e-07 3.211e-03
7.465e+00 7.751e-07 2.075e-02 1.107e-07 3.420e-03
8.000e+00 6.749e-07 1.976e-02 1.023e-07 3.650e-03
8.241e+00 6.361e-07 1.935e-02 9.889e-08 3.751e-03
9.000e+00 5.333e-07 1.817e-02 8.957e-08 4.053e-03
9.097e+00 5.220e-07 1.803e-02 8.850e-08 4.090e-03
1.000e+01 4.319e-07 1.683e-02 7.965e-08 4.420e-03
1.004e+01 4.285e-07 1.678e-02 7.930e-08 4.434e-03
1.100e+01 3.570e-07 1.570e-02 7.170e-08 4.756e-03
1.109e+01 3.512e-07 1.560e-02 7.106e-08 4.786e-03
1.200e+01 2.999e-07 1.472e-02 6.518e-08 5.066e-03
1.224e+01 2.883e-07 1.451e-02 6.379e-08 5.138e-03
1.300e+01 2.556e-07 1.387e-02 5.975e-08 5.357e-03
1.351e+01 2.366e-07 1.348e-02 5.731e-08 5.496e-03
1.400e+01 2.204e-07 1.312e-02 5.514e-08 5.627e-03
1.491e+01 1.943e-07 1.251e-02 5.154e-08 5.858e-03
1.500e+01 1.920e-07 1.246e-02 5.120e-08 5.879e-03
1.600e+01 1.687e-07 1.186e-02 4.779e-08 6.121e-03
1.646e+01 1.594e-07 1.161e-02 4.637e-08 6.225e-03
1.800e+01 1.333e-07 1.084e-02 4.216e-08 6.558e-03
1.818e+01 1.307e-07 1.076e-02 4.172e-08 6.595e-03
2.000e+01 1.080e-07 9.997e-03 3.771e-08 6.952e-03
