# VITON FLUOROELASTOMER from NIST Database
1.800e+00 0.000e+00 0.000e+00 0.000e+00 0.000e+00
1.000e+00 9.342e-03 3.500e+00 0.000e+00 0.000e+00
6.000e+00 2.336e-02 3.500e+00 0.000e+00 0.000e+00
9.000e+00 3.737e-02 3.500e+00 0.000e+00 0.000e+00
0.000e+00 0.000e+00 0.000e+00 0.000e+00 0.000e+00
1.000e-03 1.456e+00 8.584e-03 4.631e+03 0.000e+00
1.020e-03 1.452e+00 8.896e-03 4.399e+03 0.000e+00
1.126e-03 1.430e+00 1.063e-02 3.405e+03 0.000e+00
1.243e-03 1.407e+00 1.268e-02 2.632e+03 0.000e+00
1.372e-03 1.380e+00 1.508e-02 2.030e+03 0.000e+00
1.500e-03 1.352e+00 1.757e-02 1.600e+03 0.000e+00
1.515e-03 1.349e+00 1.787e-02 1.558e+03 0.000e+00
1.672e-03 1.312e+00 2.105e-02 1.192e+03 0.000e+00
1.846e-03 1.270e+00 2.468e-02 9.074e+02 0.000e+00
2.000e-03 1.232e+00 2.795e-02 7.261e+02 0.000e+00
2.038e-03 1.223e+00 2.877e-02 6.889e+02 0.000e+00
2.250e-03 1.170e+00 3.333e-02 5.216e+02 0.000e+00
2.483e-03 1.112e+00 3.835e-02 3.945e+02 0.000e+00
2.741e-03 1.050e+00 4.384e-02 2.975e+02 0.000e+00
3.000e-03 9.893e-01 4.923e-02 2.294e+02 0.000e+00
3.026e-03 9.834e-01 4.976e-02 2.237e+02 0.000e+00
3.341e-03 9.137e-01 5.606e-02 1.678e+02 0.000e+00
3.688e-03 8.424e-01 6.264e-02 1.257e+02 0.000e+00
4.000e-03 7.833e-01 6.822e-02 9.892e+01 0.000e+00
4.071e-03 7.705e-01 6.944e-02 9.391e+01 0.000e+00
4.494e-03 6.994e-01 7.634e-02 7.002e+01 0.000e+00
4.961e-03 6.302e-01 8.326e-02 5.211e+01 0.000e+00
5.000e-03 6.249e-01 8.381e-02 5.090e+01 0.000e+00
5.477e-03 5.642e-01 9.010e-02 3.871e+01 0.000e+00
6.000e-03 5.069e-01 9.623e-02 2.938e+01 0.000e+00
6.046e-03 5.023e-01 9.674e-02 2.871e+01 0.000e+00
6.675e-03 4.450e-01 1.031e-01 2.124e+01 0.000e+00
7.368e-03 3.929e-01 1.091e-01 1.570e+01 0.000e+00
8.000e-03 3.533e-01 1.139e-01 1.219e+01 0.000e+00
8.134e-03 3.457e-01 1.148e-01 1.158e+01 0.000e+00
8.979e-03 3.035e-01 1.201e-01 8.534e+00 0.000e+00
9.912e-03 2.660e-01 1.250e-01 6.278e+00 0.000e+00
1.000e-02 2.628e-01 1.254e-01 6.108e+00 0.000e+00
1.094e-02 2.328e-01 1.295e-01 4.614e+00 0.000e+00
1.208e-02 2.034e-01 1.336e-01 3.382e+00 0.000e+00
1.334e-02 1.775e-01 1.375e-01 2.474e+00 0.000e+00
1.472e-02 1.547e-01 1.410e-01 1.812e+00 0.000e+00
1.500e-02 1.507e-01 1.416e-01 1.707e+00 0.000e+00
1.625e-02 1.346e-01 1.442e-01 1.324e+00 0.000e+00
1.794e-02 1.167e-01 1.471e-01 9.660e-01 0.000e+00
1.980e-02 1.010e-01 1.497e-01 7.046e-01 0.000e+00
2.000e-02 9.951e-02 1.500e-01 6.822e-01 0.000e+00
2.186e-02 8.704e-02 1.520e-01 5.128e-01 0.000e+00
2.413e-02 7.474e-02 1.540e-01 3.730e-01 0.000e+00
2.664e-02 6.392e-02 1.555e-01 2.709e-01 0.000e+00
2.941e-02 5.445e-02 1.567e-01 1.965e-01 0.000e+00
3.000e-02 5.270e-02 1.569e-01 1.843e-01 0.000e+00
3.247e-02 4.621e-02 1.575e-01 1.425e-01 0.000e+00
3.584e-02 3.909e-02 1.578e-01 1.033e-01 0.000e+00
3.957e-02 3.295e-02 1.578e-01 7.476e-02 0.000e+00
4.000e-02 3.233e-02 1.578e-01 7.216e-02 0.000e+00
4.368e-02 2.771e-02 1.575e-01 5.412e-02 0.000e+00
4.822e-02 2.325e-02 1.567e-01 3.914e-02 0.000e+00
5.000e-02 2.178e-02 1.563e-01 3.475e-02 0.000e+00
5.323e-02 1.946e-02 1.556e-01 2.829e-02 0.000e+00
5.876e-02 1.627e-02 1.542e-01 2.043e-02 0.000e+00
6.000e-02 1.566e-02 1.538e-01 1.908e-02 0.000e+00
6.486e-02 1.357e-02 1.524e-01 1.476e-02 0.000e+00
7.161e-02 1.130e-02 1.504e-01 1.066e-02 0.000e+00
7.905e-02 9.399e-03 1.482e-01 7.696e-03 0.000e+00
8.000e-02 9.191e-03 1.479e-01 7.399e-03 0.000e+00
8.726e-02 7.804e-03 1.457e-01 5.559e-03 0.000e+00
9.633e-02 6.469e-03 1.430e-01 4.015e-03 0.000e+00
1.000e-01 6.025e-03 1.419e-01 3.551e-03 0.000e+00
1.063e-01 5.360e-03 1.401e-01 2.905e-03 0.000e+00
1.174e-01 4.429e-03 1.370e-01 2.098e-03 0.000e+00
1.296e-01 3.659e-03 1.337e-01 1.518e-03 0.000e+00
1.431e-01 3.018e-03 1.304e-01 1.099e-03 0.000e+00
1.500e-01 2.754e-03 1.287e-01 9.433e-04 0.000e+00
1.579e-01 2.491e-03 1.269e-01 7.986e-04 0.000e+00
1.743e-01 2.052e-03 1.234e-01 5.804e-04 0.000e+00
1.925e-01 1.688e-03 1.198e-01 4.220e-04 0.000e+00
2.000e-01 1.566e-03 1.183e-01 3.735e-04 0.000e+00
2.125e-01 1.389e-03 1.161e-01 3.081e-04 0.000e+00
2.345e-01 1.143e-03 1.124e-01 2.259e-04 0.000e+00
2.589e-01 9.399e-04 1.087e-01 1.660e-04 0.000e+00
2.858e-01 7.726e-04 1.050e-01 1.226e-04 0.000e+00
3.000e-01 7.017e-04 1.032e-01 1.058e-04 0.000e+00
3.155e-01 6.349e-04 1.013e-01 9.093e-05 0.000e+00
3.483e-01 5.216e-04 9.762e-02 6.780e-05 0.000e+00
3.845e-01 4.284e-04 9.399e-02 5.084e-05 0.000e+00
4.000e-01 3.959e-04 9.255e-02 4.538e-05 0.000e+00
4.245e-01 3.517e-04 9.039e-02 3.834e-05 0.000e+00
4.686e-01 2.888e-04 8.685e-02 2.914e-05 0.000e+00
5.000e-01 2.537e-04 8.455e-02 2.447e-05 0.000e+00
5.173e-01 2.371e-04 8.335e-02 2.237e-05 0.000e+00
5.710e-01 1.947e-04 7.993e-02 1.732e-05 0.000e+00
6.000e-01 1.763e-04 7.823e-02 1.525e-05 0.000e+00
6.304e-01 1.598e-04 7.656e-02 1.343e-05 0.000e+00
6.959e-01 1.311e-04 7.328e-02 1.047e-05 0.000e+00
7.682e-01 1.076e-04 7.006e-02 8.356e-06 0.000e+00
8.000e-01 9.925e-05 6.876e-02 7.698e-06 0.000e+00
8.480e-01 8.835e-05 6.690e-02 6.915e-06 0.000e+00
9.361e-01 7.252e-05 6.383e-02 5.695e-06 0.000e+00
1.000e+00 6.354e-05 6.183e-02 4.785e-06 0.000e+00
1.022e+00 6.083e-05 6.119e-02 4.473e-06 0.000e+00
1.033e+00 5.954e-05 6.087e-02 4.335e-06 3.647e-09
1.141e+00 4.880e-05 5.794e-02 3.495e-06 3.462e-06
1.250e+00 4.067e-05 5.530e-02 3.034e-06 1.872e-05
1.259e+00 4.009e-05 5.509e-02 3.000e-06 2.060e-05
1.390e+00 3.289e-05 5.233e-02 2.527e-06 5.838e-05
1.500e+00 2.824e-05 5.026e-02 2.202e-06 1.037e-04
1.535e+00 2.697e-05 4.965e-02 2.114e-06 1.204e-04
1.694e+00 2.215e-05 4.705e-02 1.793e-06 2.076e-04
1.870e+00 1.818e-05 4.453e-02 1.534e-06 3.212e-04
2.000e+00 1.589e-05 4.288e-02 1.383e-06 4.131e-04
2.044e+00 1.522e-05 4.236e-02 1.338e-06 4.454e-04
2.065e+00 1.491e-05 4.212e-02 1.317e-06 4.609e-04
2.279e+00 1.224e-05 3.980e-02 1.137e-06 6.235e-04
2.516e+00 1.005e-05 3.755e-02 9.850e-07 8.092e-04
2.778e+00 8.239e-06 3.537e-02 8.571e-07 1.018e-03
3.000e+00 7.065e-06 3.374e-02 7.714e-07 1.194e-03
3.066e+00 6.764e-06 3.329e-02 7.491e-07 1.246e-03
3.385e+00 5.549e-06 3.130e-02 6.565e-07 1.497e-03
3.737e+00 4.554e-06 2.940e-02 5.771e-07 1.768e-03
4.000e+00 3.974e-06 2.815e-02 5.289e-07 1.965e-03
4.125e+00 3.737e-06 2.759e-02 5.087e-07 2.057e-03
4.554e+00 3.066e-06 2.586e-02 4.495e-07 2.364e-03
5.000e+00 2.543e-06 2.431e-02 4.008e-07 2.669e-03
5.027e+00 2.516e-06 2.422e-02 3.982e-07 2.686e-03
5.549e+00 2.065e-06 2.266e-02 3.536e-07 3.027e-03
6.000e+00 1.766e-06 2.149e-02 3.222e-07 3.308e-03
6.126e+00 1.694e-06 2.118e-02 3.144e-07 3.384e-03
6.762e+00 1.391e-06 1.978e-02 2.800e-07 3.753e-03
7.000e+00 1.298e-06 1.931e-02 2.690e-07 3.884e-03
7.465e+00 1.141e-06 1.846e-02 2.498e-07 4.132e-03
8.000e+00 9.935e-07 1.757e-02 2.308e-07 4.405e-03
8.241e+00 9.362e-07 1.721e-02 2.231e-07 4.524e-03
9.000e+00 7.849e-07 1.615e-02 2.020e-07 4.881e-03
9.097e+00 7.683e-07 1.603e-02 1.996e-07 4.924e-03
1.000e+01 6.359e-07 1.497e-02 1.796e-07 5.315e-03
1.004e+01 6.309e-07 1.492e-02 1.788e-07 5.332e-03
1.100e+01 5.255e-07 1.396e-02 1.616e-07 5.714e-03
1.109e+01 5.170e-07 1.388e-02 1.601e-07 5.748e-03
1.200e+01 4.414e-07 1.309e-02 1.469e-07 6.078e-03
1.224e+01 4.243e-07 1.290e-02 1.437e-07 6.162e-03
1.300e+01 3.763e-07 1.233e-02 1.346e-07 6.418e-03
1.351e+01 3.484e-07 1.198e-02 1.291e-07 6.582e-03
1.400e+01 3.245e-07 1.167e-02 1.242e-07 6.735e-03
1.491e+01 2.861e-07 1.113e-02 1.160e-07 7.007e-03
1.500e+01 2.827e-07 1.108e-02 1.153e-07 7.033e-03
1.600e+01 2.484e-07 1.055e-02 1.076e-07 7.312e-03
1.646e+01 2.347e-07 1.032e-02 1.044e-07 7.436e-03
1.800e+01 1.962e-07 9.642e-03 9.489e-08 7.827e-03
1.818e+01 1.924e-07 9.569e-03 9.389e-08 7.872e-03
2.000e+01 1.590e-07 8.891e-03 8.485e-08 8.289e-03
