# TUNGSTEN from NIST Database
1.930e+01 0.000e+00 0.000e+00 0.000e+00 0.000e+00
7.400e+01 1.000e+00 3.500e+00 0.000e+00 0.000e+00
0.000e+00 0.000e+00 0.000e+00 0.000e+00 0.000e+00
1.000e-03 1.144e+01 4.340e-03 3.672e+03 0.000e+00
1.020e-03 1.142e+01 4.463e-03 3.529e+03 0.000e+00
1.126e-03 1.132e+01 5.128e-03 2.896e+03 0.000e+00
1.243e-03 1.121e+01 5.878e-03 2.377e+03 0.000e+00
1.372e-03 1.109e+01 6.707e-03 1.951e+03 0.000e+00
1.500e-03 1.096e+01 7.514e-03 1.633e+03 0.000e+00
1.515e-03 1.095e+01 7.607e-03 1.598e+03 0.000e+00
1.672e-03 1.079e+01 8.561e-03 1.297e+03 0.000e+00
1.809e-03 1.064e+01 9.381e-03 1.097e+03 0.000e+00
1.809e-03 1.064e+01 9.381e-03 1.305e+03 0.000e+00
1.846e-03 1.060e+01 9.601e-03 2.078e+03 0.000e+00
1.872e-03 1.057e+01 9.755e-03 2.854e+03 0.000e+00
1.872e-03 1.057e+01 9.755e-03 3.112e+03 0.000e+00
2.000e-03 1.043e+01 1.052e-02 3.911e+03 0.000e+00
2.038e-03 1.039e+01 1.075e-02 3.732e+03 0.000e+00
2.250e-03 1.015e+01 1.201e-02 2.915e+03 0.000e+00
2.281e-03 1.012e+01 1.219e-02 2.818e+03 0.000e+00
2.281e-03 1.012e+01 1.219e-02 3.269e+03 0.000e+00
2.483e-03 9.911e+00 1.336e-02 2.660e+03 0.000e+00
2.575e-03 9.817e+00 1.389e-02 2.436e+03 0.000e+00
2.575e-03 9.817e+00 1.389e-02 2.589e+03 0.000e+00
2.741e-03 9.640e+00 1.484e-02 2.237e+03 0.000e+00
2.820e-03 9.555e+00 1.529e-02 2.094e+03 0.000e+00
2.820e-03 9.555e+00 1.529e-02 2.184e+03 0.000e+00
3.000e-03 9.362e+00 1.633e-02 1.893e+03 0.000e+00
3.026e-03 9.334e+00 1.647e-02 1.854e+03 0.000e+00
3.341e-03 9.009e+00 1.825e-02 1.461e+03 0.000e+00
3.688e-03 8.666e+00 2.017e-02 1.152e+03 0.000e+00
4.000e-03 8.369e+00 2.186e-02 9.480e+02 0.000e+00
4.071e-03 8.303e+00 2.225e-02 9.076e+02 0.000e+00
4.494e-03 7.918e+00 2.449e-02 7.106e+02 0.000e+00
4.961e-03 7.514e+00 2.691e-02 5.564e+02 0.000e+00
5.000e-03 7.481e+00 2.711e-02 5.457e+02 0.000e+00
5.477e-03 7.093e+00 2.950e-02 4.337e+02 0.000e+00
6.000e-03 6.695e+00 3.203e-02 3.446e+02 0.000e+00
6.046e-03 6.662e+00 3.224e-02 3.379e+02 0.000e+00
6.675e-03 6.224e+00 3.512e-02 2.623e+02 0.000e+00
7.368e-03 5.784e+00 3.812e-02 2.037e+02 0.000e+00
8.000e-03 5.418e+00 4.068e-02 1.651e+02 0.000e+00
8.134e-03 5.344e+00 4.121e-02 1.581e+02 0.000e+00
8.979e-03 4.908e+00 4.437e-02 1.223e+02 0.000e+00
9.912e-03 4.485e+00 4.763e-02 9.455e+01 0.000e+00
1.000e-02 4.448e+00 4.792e-02 9.240e+01 0.000e+00
1.021e-02 4.363e+00 4.861e-02 8.759e+01 0.000e+00
1.021e-02 4.363e+00 4.861e-02 2.290e+02 0.000e+00
1.094e-02 4.076e+00 5.097e-02 1.903e+02 0.000e+00
1.154e-02 3.859e+00 5.280e-02 1.650e+02 0.000e+00
1.154e-02 3.859e+00 5.280e-02 2.273e+02 0.000e+00
1.208e-02 3.682e+00 5.435e-02 2.036e+02 0.000e+00
1.210e-02 3.675e+00 5.441e-02 2.028e+02 0.000e+00
1.210e-02 3.675e+00 5.441e-02 2.344e+02 0.000e+00
1.334e-02 3.304e+00 5.780e-02 1.830e+02 0.000e+00
1.472e-02 2.951e+00 6.130e-02 1.426e+02 0.000e+00
1.500e-02 2.886e+00 6.197e-02 1.359e+02 0.000e+00
1.625e-02 2.624e+00 6.487e-02 1.100e+02 0.000e+00
1.794e-02 2.328e+00 6.848e-02 8.475e+01 0.000e+00
1.980e-02 2.061e+00 7.209e-02 6.532e+01 0.000e+00
2.000e-02 2.036e+00 7.246e-02 6.361e+01 0.000e+00
2.186e-02 1.822e+00 7.568e-02 5.011e+01 0.000e+00
2.413e-02 1.607e+00 7.919e-02 3.845e+01 0.000e+00
2.664e-02 1.413e+00 8.259e-02 2.948e+01 0.000e+00
2.941e-02 1.237e+00 8.582e-02 2.261e+01 0.000e+00
3.000e-02 1.204e+00 8.644e-02 2.144e+01 0.000e+00
3.247e-02 1.078e+00 8.882e-02 1.728e+01 0.000e+00
3.584e-02 9.348e-01 9.156e-02 1.320e+01 0.000e+00
3.957e-02 8.068e-01 9.402e-02 1.007e+01 0.000e+00
4.000e-02 7.937e-01 9.427e-02 9.781e+00 0.000e+00
4.368e-02 6.935e-01 9.618e-02 7.675e+00 0.000e+00
4.822e-02 5.943e-01 9.803e-02 5.845e+00 0.000e+00
5.000e-02 5.614e-01 9.863e-02 5.290e+00 0.000e+00
5.323e-02 5.087e-01 9.955e-02 4.447e+00 0.000e+00
5.876e-02 4.348e-01 1.008e-01 3.381e+00 0.000e+00
6.000e-02 4.206e-01 1.010e-01 3.191e+00 0.000e+00
6.486e-02 3.711e-01 1.017e-01 2.569e+00 0.000e+00
6.953e-02 3.318e-01 1.022e-01 2.118e+00 0.000e+00
6.953e-02 3.318e-01 1.022e-01 1.080e+01 0.000e+00
7.161e-02 3.164e-01 1.023e-01 9.982e+00 0.000e+00
7.905e-02 2.694e-01 1.026e-01 7.680e+00 0.000e+00
8.000e-02 2.642e-01 1.026e-01 7.442e+00 0.000e+00
8.726e-02 2.287e-01 1.026e-01 5.929e+00 0.000e+00
9.633e-02 1.935e-01 1.022e-01 4.581e+00 0.000e+00
1.000e-01 1.815e-01 1.020e-01 4.153e+00 0.000e+00
1.063e-01 1.633e-01 1.016e-01 3.534e+00 0.000e+00
1.174e-01 1.372e-01 1.007e-01 2.710e+00 0.000e+00
1.296e-01 1.152e-01 9.955e-02 2.075e+00 0.000e+00
1.431e-01 9.657e-02 9.813e-02 1.586e+00 0.000e+00
1.500e-01 8.877e-02 9.738e-02 1.395e+00 0.000e+00
1.579e-01 8.097e-02 9.651e-02 1.214e+00 0.000e+00
1.743e-01 6.781e-02 9.468e-02 9.282e-01 0.000e+00
1.925e-01 5.669e-02 9.266e-02 7.093e-01 0.000e+00
2.000e-01 5.290e-02 9.185e-02 6.397e-01 0.000e+00
2.125e-01 4.739e-02 9.051e-02 5.432e-01 0.000e+00
2.345e-01 3.959e-02 8.823e-02 4.167e-01 0.000e+00
2.589e-01 3.301e-02 8.583e-02 3.198e-01 0.000e+00
2.858e-01 2.749e-02 8.336e-02 2.461e-01 0.000e+00
3.000e-01 2.512e-02 8.212e-02 2.166e-01 0.000e+00
3.155e-01 2.286e-02 8.082e-02 1.898e-01 0.000e+00
3.483e-01 1.899e-02 7.824e-02 1.469e-01 0.000e+00
3.845e-01 1.575e-02 7.563e-02 1.141e-01 0.000e+00
4.000e-01 1.461e-02 7.458e-02 1.033e-01 0.000e+00
4.245e-01 1.305e-02 7.301e-02 8.901e-02 0.000e+00
4.686e-01 1.080e-02 7.038e-02 6.977e-02 0.000e+00
5.000e-01 9.535e-03 6.866e-02 5.962e-02 0.000e+00
5.173e-01 8.931e-03 6.776e-02 5.494e-02 0.000e+00
5.710e-01 7.382e-03 6.515e-02 4.348e-02 0.000e+00
6.000e-01 6.708e-03 6.384e-02 3.875e-02 0.000e+00
6.304e-01 6.096e-03 6.254e-02 3.459e-02 0.000e+00
6.959e-01 5.033e-03 5.995e-02 2.769e-02 0.000e+00
7.682e-01 4.152e-03 5.742e-02 2.229e-02 0.000e+00
8.000e-01 3.836e-03 5.641e-02 2.042e-02 0.000e+00
8.480e-01 3.422e-03 5.497e-02 1.804e-02 0.000e+00
9.361e-01 2.820e-03 5.253e-02 1.468e-02 0.000e+00
1.000e+00 2.477e-03 5.087e-02 1.283e-02 0.000e+00
1.022e+00 2.373e-03 5.031e-02 1.228e-02 0.000e+00
1.033e+00 2.324e-03 5.004e-02 1.202e-02 7.558e-08
1.141e+00 1.911e-03 4.765e-02 9.872e-03 6.511e-05
1.250e+00 1.597e-03 4.556e-02 8.281e-03 3.227e-04
1.259e+00 1.574e-03 4.540e-02 8.169e-03 3.527e-04
1.390e+00 1.294e-03 4.316e-02 6.790e-03 9.118e-04
1.500e+00 1.113e-03 4.147e-02 5.906e-03 1.510e-03
1.535e+00 1.064e-03 4.096e-02 5.664e-03 1.716e-03
1.694e+00 8.755e-04 3.884e-02 4.746e-03 2.705e-03
1.870e+00 7.196e-04 3.678e-02 3.998e-03 3.841e-03
2.000e+00 6.292e-04 3.544e-02 3.574e-03 4.684e-03
2.044e+00 6.024e-04 3.502e-02 3.449e-03 4.969e-03
2.065e+00 5.902e-04 3.482e-02 3.392e-03 5.105e-03
2.279e+00 4.847e-04 3.291e-02 2.892e-03 6.464e-03
2.516e+00 3.981e-04 3.105e-02 2.468e-03 7.913e-03
2.778e+00 3.270e-04 2.926e-02 2.111e-03 9.442e-03
3.000e+00 2.806e-04 2.791e-02 1.875e-03 1.068e-02
3.066e+00 2.687e-04 2.754e-02 1.814e-03 1.104e-02
3.385e+00 2.206e-04 2.590e-02 1.566e-03 1.272e-02
3.737e+00 1.811e-04 2.433e-02 1.356e-03 1.446e-02
4.000e+00 1.580e-04 2.330e-02 1.231e-03 1.569e-02
4.125e+00 1.486e-04 2.284e-02 1.179e-03 1.625e-02
4.554e+00 1.220e-04 2.141e-02 1.027e-03 1.811e-02
5.000e+00 1.012e-04 2.012e-02 9.044e-04 1.991e-02
5.027e+00 1.001e-04 2.005e-02 8.978e-04 2.001e-02
5.549e+00 8.221e-05 1.876e-02 7.867e-04 2.196e-02
6.000e+00 7.033e-05 1.779e-02 7.098e-04 2.354e-02
6.126e+00 6.746e-05 1.753e-02 6.908e-04 2.397e-02
6.762e+00 5.536e-05 1.638e-02 6.083e-04 2.601e-02
7.000e+00 5.166e-05 1.599e-02 5.821e-04 2.674e-02
7.465e+00 4.543e-05 1.528e-02 5.367e-04 2.812e-02
8.000e+00 3.957e-05 1.455e-02 4.923e-04 2.963e-02
8.241e+00 3.729e-05 1.425e-02 4.745e-04 3.029e-02
9.000e+00 3.127e-05 1.338e-02 4.258e-04 3.226e-02
9.097e+00 3.060e-05 1.327e-02 4.203e-04 3.251e-02
1.000e+01 2.533e-05 1.240e-02 3.747e-04 3.467e-02
1.004e+01 2.513e-05 1.236e-02 3.729e-04 3.476e-02
1.100e+01 2.093e-05 1.156e-02 3.344e-04 3.690e-02
1.109e+01 2.059e-05 1.149e-02 3.312e-04 3.710e-02
1.200e+01 1.759e-05 1.085e-02 3.019e-04 3.900e-02
1.224e+01 1.691e-05 1.069e-02 2.950e-04 3.947e-02
1.300e+01 1.499e-05 1.022e-02 2.750e-04 4.093e-02
1.351e+01 1.388e-05 9.928e-03 2.630e-04 4.188e-02
1.400e+01 1.293e-05 9.666e-03 2.524e-04 4.276e-02
1.491e+01 1.139e-05 9.217e-03 2.349e-04 4.428e-02
1.500e+01 1.126e-05 9.175e-03 2.333e-04 4.442e-02
1.600e+01 9.895e-06 8.739e-03 2.167e-04 4.602e-02
1.646e+01 9.351e-06 8.553e-03 2.099e-04 4.671e-02
1.800e+01 7.819e-06 7.986e-03 1.898e-04 4.886e-02
1.818e+01 7.665e-06 7.925e-03 1.877e-04 4.909e-02
2.000e+01 6.332e-06 7.363e-03 1.688e-04 5.139e-02
