# XENON from NIST Database
5.485e-03 0.000e+00 0.000e+00 0.000e+00 0.000e+00
5.400e+01 1.000e+00 3.500e+00 0.000e+00 0.000e+00
0.000e+00 0.000e+00 0.000e+00 0.000e+00 0.000e+00
1.000e-03 8.458e+00 4.417e-03 9.403e+03 0.000e+00
1.020e-03 8.440e+00 4.568e-03 9.022e+03 0.000e+00
1.126e-03 8.345e+00 5.397e-03 7.336e+03 0.000e+00
1.149e-03 8.325e+00 5.582e-03 7.032e+03 0.000e+00
1.149e-03 8.325e+00 5.582e-03 7.334e+03 0.000e+00
1.243e-03 8.242e+00 6.351e-03 6.168e+03 0.000e+00
1.372e-03 8.123e+00 7.431e-03 4.962e+03 0.000e+00
1.500e-03 8.000e+00 8.522e-03 4.077e+03 0.000e+00
1.515e-03 7.985e+00 8.651e-03 3.983e+03 0.000e+00
1.672e-03 7.825e+00 1.001e-02 3.163e+03 0.000e+00
1.846e-03 7.643e+00 1.151e-02 2.509e+03 0.000e+00
2.000e-03 7.481e+00 1.285e-02 2.080e+03 0.000e+00
2.038e-03 7.441e+00 1.318e-02 1.987e+03 0.000e+00
2.250e-03 7.220e+00 1.500e-02 1.559e+03 0.000e+00
2.483e-03 6.983e+00 1.698e-02 1.225e+03 0.000e+00
2.741e-03 6.728e+00 1.912e-02 9.622e+02 0.000e+00
3.000e-03 6.481e+00 2.123e-02 7.715e+02 0.000e+00
3.026e-03 6.457e+00 2.144e-02 7.549e+02 0.000e+00
3.341e-03 6.173e+00 2.391e-02 5.878e+02 0.000e+00
3.688e-03 5.881e+00 2.651e-02 4.579e+02 0.000e+00
4.000e-03 5.637e+00 2.874e-02 3.730e+02 0.000e+00
4.071e-03 5.584e+00 2.923e-02 3.565e+02 0.000e+00
4.494e-03 5.283e+00 3.202e-02 2.765e+02 0.000e+00
4.782e-03 5.087e+00 3.383e-02 2.357e+02 0.000e+00
4.782e-03 5.087e+00 3.383e-02 6.890e+02 0.000e+00
4.961e-03 4.969e+00 3.492e-02 6.436e+02 0.000e+00
5.000e-03 4.945e+00 3.515e-02 6.344e+02 0.000e+00
5.104e-03 4.880e+00 3.577e-02 5.995e+02 0.000e+00
5.104e-03 4.880e+00 3.577e-02 8.133e+02 0.000e+00
5.275e-03 4.775e+00 3.677e-02 7.515e+02 0.000e+00
5.453e-03 4.669e+00 3.777e-02 6.945e+02 0.000e+00
5.453e-03 4.669e+00 3.777e-02 8.018e+02 0.000e+00
5.477e-03 4.655e+00 3.790e-02 7.931e+02 0.000e+00
6.000e-03 4.368e+00 4.071e-02 6.330e+02 0.000e+00
6.046e-03 4.344e+00 4.095e-02 6.206e+02 0.000e+00
6.675e-03 4.031e+00 4.412e-02 4.798e+02 0.000e+00
7.368e-03 3.719e+00 4.742e-02 3.712e+02 0.000e+00
8.000e-03 3.464e+00 5.027e-02 2.998e+02 0.000e+00
8.134e-03 3.414e+00 5.086e-02 2.869e+02 0.000e+00
8.979e-03 3.119e+00 5.444e-02 2.209e+02 0.000e+00
9.912e-03 2.839e+00 5.815e-02 1.701e+02 0.000e+00
1.000e-02 2.815e+00 5.848e-02 1.662e+02 0.000e+00
1.094e-02 2.577e+00 6.196e-02 1.303e+02 0.000e+00
1.208e-02 2.331e+00 6.588e-02 9.968e+01 0.000e+00
1.334e-02 2.102e+00 6.981e-02 7.622e+01 0.000e+00
1.472e-02 1.891e+00 7.367e-02 5.840e+01 0.000e+00
1.500e-02 1.852e+00 7.440e-02 5.550e+01 0.000e+00
1.625e-02 1.694e+00 7.743e-02 4.451e+01 0.000e+00
1.794e-02 1.511e+00 8.105e-02 3.388e+01 0.000e+00
1.980e-02 1.339e+00 8.451e-02 2.581e+01 0.000e+00
2.000e-02 1.322e+00 8.486e-02 2.510e+01 0.000e+00
2.186e-02 1.178e+00 8.784e-02 1.958e+01 0.000e+00
2.413e-02 1.031e+00 9.101e-02 1.485e+01 0.000e+00
2.664e-02 8.964e-01 9.399e-02 1.126e+01 0.000e+00
2.941e-02 7.768e-01 9.676e-02 8.539e+00 0.000e+00
3.000e-02 7.545e-01 9.729e-02 8.078e+00 0.000e+00
3.247e-02 6.714e-01 9.930e-02 6.461e+00 0.000e+00
3.456e-02 6.119e-01 1.008e-01 5.417e+00 0.000e+00
3.456e-02 6.119e-01 1.008e-01 3.244e+01 0.000e+00
3.584e-02 5.795e-01 1.016e-01 2.949e+01 0.000e+00
3.957e-02 4.993e-01 1.036e-01 2.274e+01 0.000e+00
4.000e-02 4.913e-01 1.038e-01 2.211e+01 0.000e+00
4.368e-02 4.299e-01 1.054e-01 1.756e+01 0.000e+00
4.822e-02 3.694e-01 1.069e-01 1.352e+01 0.000e+00
5.000e-02 3.492e-01 1.073e-01 1.227e+01 0.000e+00
5.323e-02 3.165e-01 1.080e-01 1.036e+01 0.000e+00
5.876e-02 2.700e-01 1.089e-01 7.895e+00 0.000e+00
6.000e-02 2.610e-01 1.091e-01 7.454e+00 0.000e+00
6.486e-02 2.295e-01 1.095e-01 6.014e+00 0.000e+00
7.161e-02 1.944e-01 1.098e-01 4.575e+00 0.000e+00
7.905e-02 1.641e-01 1.097e-01 3.477e+00 0.000e+00
8.000e-02 1.608e-01 1.096e-01 3.363e+00 0.000e+00
8.726e-02 1.383e-01 1.092e-01 2.636e+00 0.000e+00
9.633e-02 1.163e-01 1.085e-01 1.994e+00 0.000e+00
1.000e-01 1.089e-01 1.081e-01 1.793e+00 0.000e+00
1.063e-01 9.779e-02 1.074e-01 1.508e+00 0.000e+00
1.174e-01 8.204e-02 1.061e-01 1.137e+00 0.000e+00
1.296e-01 6.883e-02 1.046e-01 8.577e-01 0.000e+00
1.431e-01 5.766e-02 1.028e-01 6.464e-01 0.000e+00
1.500e-01 5.298e-02 1.019e-01 5.651e-01 0.000e+00
1.579e-01 4.829e-02 1.009e-01 4.881e-01 0.000e+00
1.743e-01 4.036e-02 9.875e-02 3.682e-01 0.000e+00
1.925e-01 3.365e-02 9.646e-02 2.776e-01 0.000e+00
2.000e-01 3.136e-02 9.555e-02 2.490e-01 0.000e+00
2.125e-01 2.802e-02 9.406e-02 2.097e-01 0.000e+00
2.345e-01 2.332e-02 9.156e-02 1.588e-01 0.000e+00
2.589e-01 1.936e-02 8.896e-02 1.204e-01 0.000e+00
2.858e-01 1.605e-02 8.628e-02 9.151e-02 0.000e+00
3.000e-01 1.464e-02 8.495e-02 8.009e-02 0.000e+00
3.155e-01 1.330e-02 8.355e-02 6.979e-02 0.000e+00
3.483e-01 1.101e-02 8.078e-02 5.341e-02 0.000e+00
3.845e-01 9.104e-03 7.799e-02 4.104e-02 0.000e+00
4.000e-01 8.435e-03 7.688e-02 3.699e-02 0.000e+00
4.245e-01 7.519e-03 7.521e-02 3.168e-02 0.000e+00
4.686e-01 6.207e-03 7.244e-02 2.458e-02 0.000e+00
5.000e-01 5.472e-03 7.064e-02 2.088e-02 0.000e+00
5.173e-01 5.122e-03 6.969e-02 1.919e-02 0.000e+00
5.710e-01 4.226e-03 6.696e-02 1.508e-02 0.000e+00
6.000e-01 3.837e-03 6.559e-02 1.338e-02 0.000e+00
6.304e-01 3.483e-03 6.424e-02 1.190e-02 0.000e+00
6.959e-01 2.870e-03 6.155e-02 9.445e-03 0.000e+00
7.682e-01 2.362e-03 5.891e-02 7.571e-03 0.000e+00
8.000e-01 2.181e-03 5.784e-02 6.940e-03 0.000e+00
8.480e-01 1.944e-03 5.632e-02 6.147e-03 0.000e+00
9.361e-01 1.600e-03 5.379e-02 5.008e-03 0.000e+00
1.000e+00 1.404e-03 5.211e-02 4.335e-03 0.000e+00
1.022e+00 1.345e-03 5.156e-02 4.126e-03 0.000e+00
1.033e+00 1.317e-03 5.129e-02 4.029e-03 4.783e-08
1.141e+00 1.081e-03 4.883e-02 3.293e-03 3.967e-05
1.250e+00 9.022e-04 4.665e-02 2.782e-03 1.914e-04
1.259e+00 8.895e-04 4.648e-02 2.746e-03 2.089e-04
1.390e+00 7.307e-04 4.417e-02 2.289e-03 5.330e-04
1.500e+00 6.279e-04 4.244e-02 1.991e-03 8.853e-04
1.535e+00 5.998e-04 4.192e-02 1.910e-03 1.009e-03
1.694e+00 4.928e-04 3.975e-02 1.605e-03 1.627e-03
1.870e+00 4.046e-04 3.764e-02 1.355e-03 2.384e-03
2.000e+00 3.540e-04 3.625e-02 1.211e-03 2.971e-03
2.044e+00 3.390e-04 3.580e-02 1.169e-03 3.173e-03
2.065e+00 3.322e-04 3.559e-02 1.149e-03 3.270e-03
2.279e+00 2.729e-04 3.363e-02 9.801e-04 4.256e-03
2.516e+00 2.240e-04 3.173e-02 8.388e-04 5.338e-03
2.778e+00 1.838e-04 2.991e-02 7.206e-04 6.507e-03
3.000e+00 1.576e-04 2.854e-02 6.422e-04 7.468e-03
3.066e+00 1.509e-04 2.816e-02 6.218e-04 7.749e-03
3.385e+00 1.238e-04 2.648e-02 5.382e-04 9.068e-03
3.737e+00 1.016e-04 2.487e-02 4.674e-04 1.045e-02
4.000e+00 8.871e-05 2.381e-02 4.250e-04 1.145e-02
4.125e+00 8.342e-05 2.334e-02 4.073e-04 1.191e-02
4.554e+00 6.845e-05 2.188e-02 3.559e-04 1.342e-02
5.000e+00 5.679e-05 2.057e-02 3.142e-04 1.489e-02
5.027e+00 5.618e-05 2.049e-02 3.119e-04 1.498e-02
5.549e+00 4.611e-05 1.918e-02 2.741e-04 1.657e-02
6.000e+00 3.944e-05 1.818e-02 2.478e-04 1.786e-02
6.126e+00 3.784e-05 1.793e-02 2.413e-04 1.822e-02
6.762e+00 3.106e-05 1.674e-02 2.130e-04 1.991e-02
7.000e+00 2.898e-05 1.634e-02 2.040e-04 2.052e-02
7.465e+00 2.548e-05 1.562e-02 1.884e-04 2.166e-02
8.000e+00 2.219e-05 1.488e-02 1.731e-04 2.290e-02
8.241e+00 2.091e-05 1.456e-02 1.669e-04 2.344e-02
9.000e+00 1.754e-05 1.367e-02 1.501e-04 2.507e-02
9.097e+00 1.716e-05 1.357e-02 1.482e-04 2.527e-02
1.000e+01 1.420e-05 1.267e-02 1.324e-04 2.706e-02
1.004e+01 1.409e-05 1.263e-02 1.318e-04 2.713e-02
1.100e+01 1.174e-05 1.182e-02 1.184e-04 2.889e-02
1.109e+01 1.155e-05 1.175e-02 1.173e-04 2.905e-02
1.200e+01 9.862e-06 1.108e-02 1.071e-04 3.059e-02
1.224e+01 9.479e-06 1.092e-02 1.046e-04 3.097e-02
1.300e+01 8.403e-06 1.044e-02 9.766e-05 3.217e-02
1.351e+01 7.782e-06 1.014e-02 9.344e-05 3.292e-02
1.400e+01 7.247e-06 9.876e-03 8.972e-05 3.363e-02
1.491e+01 6.388e-06 9.418e-03 8.359e-05 3.486e-02
1.500e+01 6.312e-06 9.376e-03 8.302e-05 3.498e-02
1.600e+01 5.550e-06 8.931e-03 7.720e-05 3.623e-02
1.646e+01 5.245e-06 8.740e-03 7.478e-05 3.679e-02
1.800e+01 4.384e-06 8.160e-03 6.770e-05 3.851e-02
1.818e+01 4.298e-06 8.098e-03 6.696e-05 3.871e-02
2.000e+01 3.551e-06 7.527e-03 6.032e-05 4.056e-02
