# XYLENE from NIST Database
8.700e-01 0.000e+00 0.000e+00 0.000e+00 0.000e+00
1.000e+00 9.418e-02 3.500e+00 0.000e+00 0.000e+00
6.000e+00 7.536e-02 3.500e+00 0.000e+00 0.000e+00
0.000e+00 0.000e+00 0.000e+00 0.000e+00 0.000e+00
1.000e-03 1.009e+00 1.621e-02 2.000e+03 0.000e+00
1.020e-03 1.005e+00 1.677e-02 1.892e+03 0.000e+00
1.126e-03 9.800e-01 1.989e-02 1.432e+03 0.000e+00
1.243e-03 9.540e-01 2.355e-02 1.083e+03 0.000e+00
1.372e-03 9.253e-01 2.776e-02 8.178e+02 0.000e+00
1.500e-03 8.959e-01 3.205e-02 6.332e+02 0.000e+00
1.515e-03 8.924e-01 3.256e-02 6.153e+02 0.000e+00
1.672e-03 8.549e-01 3.790e-02 4.622e+02 0.000e+00
1.846e-03 8.130e-01 4.382e-02 3.459e+02 0.000e+00
2.000e-03 7.763e-01 4.901e-02 2.731e+02 0.000e+00
2.038e-03 7.674e-01 5.028e-02 2.583e+02 0.000e+00
2.250e-03 7.189e-01 5.724e-02 1.926e+02 0.000e+00
2.483e-03 6.687e-01 6.462e-02 1.435e+02 0.000e+00
2.741e-03 6.173e-01 7.238e-02 1.066e+02 0.000e+00
3.000e-03 5.702e-01 7.967e-02 8.115e+01 0.000e+00
3.026e-03 5.657e-01 8.038e-02 7.906e+01 0.000e+00
3.341e-03 5.147e-01 8.848e-02 5.851e+01 0.000e+00
3.688e-03 4.656e-01 9.652e-02 4.326e+01 0.000e+00
4.000e-03 4.272e-01 1.030e-01 3.371e+01 0.000e+00
4.071e-03 4.191e-01 1.044e-01 3.193e+01 0.000e+00
4.494e-03 3.758e-01 1.118e-01 2.353e+01 0.000e+00
4.961e-03 3.360e-01 1.189e-01 1.731e+01 0.000e+00
5.000e-03 3.330e-01 1.195e-01 1.689e+01 0.000e+00
5.477e-03 2.998e-01 1.255e-01 1.271e+01 0.000e+00
6.000e-03 2.697e-01 1.311e-01 9.545e+00 0.000e+00
6.046e-03 2.673e-01 1.316e-01 9.318e+00 0.000e+00
6.675e-03 2.383e-01 1.372e-01 6.820e+00 0.000e+00
7.368e-03 2.125e-01 1.424e-01 4.988e+00 0.000e+00
8.000e-03 1.932e-01 1.464e-01 3.839e+00 0.000e+00
8.134e-03 1.895e-01 1.472e-01 3.641e+00 0.000e+00
8.979e-03 1.690e-01 1.517e-01 2.655e+00 0.000e+00
9.912e-03 1.506e-01 1.560e-01 1.933e+00 0.000e+00
1.000e-02 1.490e-01 1.564e-01 1.879e+00 0.000e+00
1.094e-02 1.339e-01 1.600e-01 1.407e+00 0.000e+00
1.208e-02 1.186e-01 1.638e-01 1.021e+00 0.000e+00
1.334e-02 1.047e-01 1.674e-01 7.405e-01 0.000e+00
1.472e-02 9.199e-02 1.707e-01 5.376e-01 0.000e+00
1.500e-02 8.968e-02 1.713e-01 5.056e-01 0.000e+00
1.625e-02 8.032e-02 1.737e-01 3.893e-01 0.000e+00
1.794e-02 6.971e-02 1.763e-01 2.815e-01 0.000e+00
1.980e-02 6.018e-02 1.786e-01 2.036e-01 0.000e+00
2.000e-02 5.926e-02 1.788e-01 1.970e-01 0.000e+00
2.186e-02 5.164e-02 1.805e-01 1.470e-01 0.000e+00
2.413e-02 4.411e-02 1.818e-01 1.061e-01 0.000e+00
2.664e-02 3.751e-02 1.828e-01 7.654e-02 0.000e+00
2.941e-02 3.179e-02 1.833e-01 5.516e-02 0.000e+00
3.000e-02 3.074e-02 1.834e-01 5.165e-02 0.000e+00
3.247e-02 2.686e-02 1.834e-01 3.972e-02 0.000e+00
3.584e-02 2.264e-02 1.831e-01 2.861e-02 0.000e+00
3.957e-02 1.903e-02 1.823e-01 2.058e-02 0.000e+00
4.000e-02 1.867e-02 1.822e-01 1.985e-02 0.000e+00
4.368e-02 1.597e-02 1.813e-01 1.481e-02 0.000e+00
4.822e-02 1.336e-02 1.798e-01 1.065e-02 0.000e+00
5.000e-02 1.251e-02 1.792e-01 9.435e-03 0.000e+00
5.323e-02 1.116e-02 1.781e-01 7.656e-03 0.000e+00
5.876e-02 9.302e-03 1.760e-01 5.504e-03 0.000e+00
6.000e-02 8.949e-03 1.755e-01 5.133e-03 0.000e+00
6.486e-02 7.741e-03 1.737e-01 3.957e-03 0.000e+00
7.161e-02 6.427e-03 1.711e-01 2.843e-03 0.000e+00
7.905e-02 5.329e-03 1.682e-01 2.044e-03 0.000e+00
8.000e-02 5.210e-03 1.679e-01 1.964e-03 0.000e+00
8.726e-02 4.412e-03 1.652e-01 1.470e-03 0.000e+00
9.633e-02 3.647e-03 1.619e-01 1.057e-03 0.000e+00
1.000e-01 3.392e-03 1.606e-01 9.335e-04 0.000e+00
1.063e-01 3.013e-03 1.585e-01 7.621e-04 0.000e+00
1.174e-01 2.484e-03 1.548e-01 5.485e-04 0.000e+00
1.296e-01 2.047e-03 1.511e-01 3.958e-04 0.000e+00
1.431e-01 1.686e-03 1.472e-01 2.858e-04 0.000e+00
1.500e-01 1.536e-03 1.453e-01 2.449e-04 0.000e+00
1.579e-01 1.389e-03 1.432e-01 2.071e-04 0.000e+00
1.743e-01 1.142e-03 1.391e-01 1.501e-04 0.000e+00
1.925e-01 9.386e-04 1.350e-01 1.089e-04 0.000e+00
2.000e-01 8.701e-04 1.334e-01 9.626e-05 0.000e+00
2.125e-01 7.716e-04 1.308e-01 7.926e-05 0.000e+00
2.345e-01 6.346e-04 1.266e-01 5.796e-05 0.000e+00
2.589e-01 5.213e-04 1.224e-01 4.248e-05 0.000e+00
2.858e-01 4.282e-04 1.182e-01 3.129e-05 0.000e+00
3.000e-01 3.888e-04 1.162e-01 2.698e-05 0.000e+00
3.155e-01 3.517e-04 1.140e-01 2.316e-05 0.000e+00
3.483e-01 2.888e-04 1.099e-01 1.723e-05 0.000e+00
3.845e-01 2.371e-04 1.058e-01 1.290e-05 0.000e+00
4.000e-01 2.191e-04 1.041e-01 1.151e-05 0.000e+00
4.245e-01 1.946e-04 1.017e-01 9.713e-06 0.000e+00
4.686e-01 1.598e-04 9.773e-02 7.374e-06 0.000e+00
5.000e-01 1.404e-04 9.514e-02 6.190e-06 0.000e+00
5.173e-01 1.311e-04 9.379e-02 5.659e-06 0.000e+00
5.710e-01 1.077e-04 8.992e-02 4.380e-06 0.000e+00
6.000e-01 9.752e-05 8.801e-02 3.849e-06 0.000e+00
6.304e-01 8.835e-05 8.613e-02 3.379e-06 0.000e+00
6.959e-01 7.250e-05 8.242e-02 2.621e-06 0.000e+00
7.682e-01 5.950e-05 7.879e-02 2.096e-06 0.000e+00
8.000e-01 5.486e-05 7.732e-02 1.941e-06 0.000e+00
8.480e-01 4.883e-05 7.522e-02 1.765e-06 0.000e+00
9.361e-01 4.008e-05 7.175e-02 1.467e-06 0.000e+00
1.000e+00 3.512e-05 6.953e-02 1.207e-06 0.000e+00
1.022e+00 3.363e-05 6.882e-02 1.113e-06 0.000e+00
1.033e+00 3.292e-05 6.846e-02 1.072e-06 2.609e-09
1.141e+00 2.698e-05 6.517e-02 8.551e-07 2.484e-06
1.250e+00 2.248e-05 6.218e-02 7.556e-07 1.347e-05
1.259e+00 2.216e-05 6.195e-02 7.478e-07 1.482e-05
1.390e+00 1.818e-05 5.885e-02 6.320e-07 4.207e-05
1.500e+00 1.561e-05 5.653e-02 5.487e-07 7.482e-05
1.535e+00 1.491e-05 5.584e-02 5.265e-07 8.688e-05
1.694e+00 1.224e-05 5.292e-02 4.466e-07 1.499e-04
1.870e+00 1.005e-05 5.009e-02 3.833e-07 2.320e-04
2.000e+00 8.783e-06 4.823e-02 3.463e-07 2.984e-04
2.044e+00 8.408e-06 4.763e-02 3.351e-07 3.217e-04
2.065e+00 8.238e-06 4.736e-02 3.300e-07 3.329e-04
2.279e+00 6.762e-06 4.474e-02 2.852e-07 4.505e-04
2.516e+00 5.549e-06 4.221e-02 2.475e-07 5.855e-04
2.778e+00 4.552e-06 3.977e-02 2.157e-07 7.378e-04
3.000e+00 3.904e-06 3.794e-02 1.943e-07 8.678e-04
3.066e+00 3.738e-06 3.744e-02 1.887e-07 9.064e-04
3.385e+00 3.067e-06 3.520e-02 1.656e-07 1.093e-03
3.737e+00 2.516e-06 3.306e-02 1.458e-07 1.295e-03
4.000e+00 2.196e-06 3.165e-02 1.337e-07 1.441e-03
4.125e+00 2.065e-06 3.103e-02 1.287e-07 1.510e-03
4.554e+00 1.694e-06 2.908e-02 1.139e-07 1.740e-03
5.000e+00 1.405e-06 2.733e-02 1.016e-07 1.970e-03
5.027e+00 1.390e-06 2.724e-02 1.010e-07 1.984e-03
5.549e+00 1.141e-06 2.548e-02 8.969e-08 2.243e-03
6.000e+00 9.761e-07 2.416e-02 8.178e-08 2.456e-03
6.126e+00 9.363e-07 2.382e-02 7.982e-08 2.513e-03
6.762e+00 7.683e-07 2.224e-02 7.117e-08 2.793e-03
7.000e+00 7.169e-07 2.171e-02 6.839e-08 2.894e-03
7.465e+00 6.305e-07 2.075e-02 6.353e-08 3.084e-03
8.000e+00 5.491e-07 1.976e-02 5.873e-08 3.294e-03
8.241e+00 5.175e-07 1.935e-02 5.679e-08 3.384e-03
9.000e+00 4.338e-07 1.817e-02 5.146e-08 3.659e-03
9.097e+00 4.246e-07 1.803e-02 5.086e-08 3.693e-03
1.000e+01 3.514e-07 1.683e-02 4.579e-08 3.994e-03
1.004e+01 3.486e-07 1.678e-02 4.559e-08 4.007e-03
1.100e+01 2.904e-07 1.570e-02 4.121e-08 4.301e-03
1.109e+01 2.857e-07 1.561e-02 4.085e-08 4.327e-03
1.200e+01 2.440e-07 1.472e-02 3.748e-08 4.583e-03
1.224e+01 2.345e-07 1.451e-02 3.668e-08 4.648e-03
1.300e+01 2.079e-07 1.387e-02 3.436e-08 4.847e-03
1.351e+01 1.925e-07 1.347e-02 3.296e-08 4.975e-03
1.400e+01 1.793e-07 1.312e-02 3.172e-08 5.094e-03
1.491e+01 1.581e-07 1.251e-02 2.964e-08 5.304e-03
1.500e+01 1.562e-07 1.246e-02 2.945e-08 5.324e-03
1.600e+01 1.373e-07 1.186e-02 2.749e-08 5.545e-03
1.646e+01 1.297e-07 1.161e-02 2.668e-08 5.641e-03
1.800e+01 1.084e-07 1.084e-02 2.426e-08 5.944e-03
1.818e+01 1.063e-07 1.076e-02 2.400e-08 5.977e-03
2.000e+01 8.783e-08 9.996e-03 2.170e-08 6.304e-03
