# YTTRIUM from NIST Database
4.469e+00 0.000e+00 0.000e+00 0.000e+00 0.000e+00
3.900e+01 1.000e+00 3.500e+00 0.000e+00 0.000e+00
0.000e+00 0.000e+00 0.000e+00 0.000e+00 0.000e+00
1.000e-03 6.365e+00 8.399e-03 3.858e+03 0.000e+00
1.020e-03 6.347e+00 8.607e-03 3.682e+03 0.000e+00
1.126e-03 6.255e+00 9.722e-03 2.919e+03 0.000e+00
1.243e-03 6.159e+00 1.096e-02 2.314e+03 0.000e+00
1.372e-03 6.056e+00 1.231e-02 1.834e+03 0.000e+00
1.500e-03 5.953e+00 1.360e-02 1.487e+03 0.000e+00
1.515e-03 5.941e+00 1.375e-02 1.452e+03 0.000e+00
1.672e-03 5.814e+00 1.526e-02 1.141e+03 0.000e+00
1.846e-03 5.673e+00 1.688e-02 8.956e+02 0.000e+00
2.000e-03 5.550e+00 1.829e-02 7.363e+02 0.000e+00
2.038e-03 5.520e+00 1.864e-02 7.029e+02 0.000e+00
2.080e-03 5.487e+00 1.902e-02 6.684e+02 0.000e+00
2.080e-03 5.487e+00 1.902e-02 2.620e+03 0.000e+00
2.117e-03 5.457e+00 1.936e-02 2.474e+03 0.000e+00
2.155e-03 5.428e+00 1.970e-02 2.336e+03 0.000e+00
2.155e-03 5.428e+00 1.970e-02 3.257e+03 0.000e+00
2.250e-03 5.355e+00 2.056e-02 2.940e+03 0.000e+00
2.373e-03 5.262e+00 2.165e-02 2.593e+03 0.000e+00
2.373e-03 5.262e+00 2.165e-02 2.956e+03 0.000e+00
2.483e-03 5.181e+00 2.262e-02 2.640e+03 0.000e+00
2.741e-03 4.999e+00 2.486e-02 2.064e+03 0.000e+00
3.000e-03 4.823e+00 2.705e-02 1.649e+03 0.000e+00
3.026e-03 4.805e+00 2.726e-02 1.613e+03 0.000e+00
3.341e-03 4.599e+00 2.985e-02 1.252e+03 0.000e+00
3.688e-03 4.382e+00 3.261e-02 9.717e+02 0.000e+00
4.000e-03 4.197e+00 3.503e-02 7.891e+02 0.000e+00
4.071e-03 4.156e+00 3.557e-02 7.534e+02 0.000e+00
4.494e-03 3.925e+00 3.871e-02 5.809e+02 0.000e+00
4.961e-03 3.691e+00 4.203e-02 4.479e+02 0.000e+00
5.000e-03 3.673e+00 4.230e-02 4.387e+02 0.000e+00
5.477e-03 3.456e+00 4.552e-02 3.437e+02 0.000e+00
6.000e-03 3.240e+00 4.884e-02 2.693e+02 0.000e+00
6.046e-03 3.223e+00 4.913e-02 2.637e+02 0.000e+00
6.675e-03 2.992e+00 5.284e-02 2.015e+02 0.000e+00
7.368e-03 2.765e+00 5.662e-02 1.540e+02 0.000e+00
8.000e-03 2.580e+00 5.980e-02 1.231e+02 0.000e+00
8.134e-03 2.543e+00 6.045e-02 1.176e+02 0.000e+00
8.979e-03 2.325e+00 6.432e-02 8.957e+01 0.000e+00
9.912e-03 2.112e+00 6.826e-02 6.819e+01 0.000e+00
1.000e-02 2.093e+00 6.862e-02 6.655e+01 0.000e+00
1.094e-02 1.904e+00 7.228e-02 5.175e+01 0.000e+00
1.208e-02 1.703e+00 7.639e-02 3.921e+01 0.000e+00
1.334e-02 1.514e+00 8.053e-02 2.970e+01 0.000e+00
1.472e-02 1.340e+00 8.463e-02 2.255e+01 0.000e+00
1.500e-02 1.308e+00 8.542e-02 2.139e+01 0.000e+00
1.625e-02 1.180e+00 8.870e-02 1.705e+01 0.000e+00
1.704e-02 1.108e+00 9.063e-02 1.492e+01 0.000e+00
1.704e-02 1.108e+00 9.063e-02 1.017e+02 0.000e+00
1.794e-02 1.034e+00 9.271e-02 8.922e+01 0.000e+00
1.980e-02 9.025e-01 9.661e-02 6.934e+01 0.000e+00
2.000e-02 8.901e-01 9.700e-02 6.757e+01 0.000e+00
2.186e-02 7.871e-01 1.003e-01 5.354e+01 0.000e+00
2.413e-02 6.862e-01 1.038e-01 4.112e+01 0.000e+00
2.664e-02 5.972e-01 1.071e-01 3.144e+01 0.000e+00
2.941e-02 5.185e-01 1.101e-01 2.397e+01 0.000e+00
3.000e-02 5.038e-01 1.107e-01 2.269e+01 0.000e+00
3.247e-02 4.485e-01 1.128e-01 1.824e+01 0.000e+00
3.584e-02 3.866e-01 1.152e-01 1.387e+01 0.000e+00
3.957e-02 3.317e-01 1.173e-01 1.052e+01 0.000e+00
4.000e-02 3.261e-01 1.175e-01 1.020e+01 0.000e+00
4.368e-02 2.833e-01 1.189e-01 7.958e+00 0.000e+00
4.822e-02 2.409e-01 1.202e-01 6.007e+00 0.000e+00
5.000e-02 2.268e-01 1.206e-01 5.416e+00 0.000e+00
5.323e-02 2.043e-01 1.212e-01 4.526e+00 0.000e+00
5.876e-02 1.728e-01 1.218e-01 3.404e+00 0.000e+00
6.000e-02 1.668e-01 1.219e-01 3.204e+00 0.000e+00
6.486e-02 1.460e-01 1.220e-01 2.556e+00 0.000e+00
7.161e-02 1.232e-01 1.218e-01 1.915e+00 0.000e+00
7.905e-02 1.038e-01 1.212e-01 1.434e+00 0.000e+00
8.000e-02 1.017e-01 1.211e-01 1.385e+00 0.000e+00
8.726e-02 8.741e-02 1.203e-01 1.072e+00 0.000e+00
9.633e-02 7.350e-02 1.192e-01 8.012e-01 0.000e+00
1.000e-01 6.882e-02 1.187e-01 7.173e-01 0.000e+00
1.063e-01 6.177e-02 1.178e-01 5.987e-01 0.000e+00
1.174e-01 5.175e-02 1.161e-01 4.460e-01 0.000e+00
1.296e-01 4.332e-02 1.141e-01 3.325e-01 0.000e+00
1.431e-01 3.617e-02 1.120e-01 2.478e-01 0.000e+00
1.500e-01 3.318e-02 1.109e-01 2.155e-01 0.000e+00
1.579e-01 3.019e-02 1.096e-01 1.850e-01 0.000e+00
1.743e-01 2.513e-02 1.071e-01 1.381e-01 0.000e+00
1.925e-01 2.086e-02 1.045e-01 1.030e-01 0.000e+00
2.000e-01 1.941e-02 1.034e-01 9.205e-02 0.000e+00
2.125e-01 1.731e-02 1.017e-01 7.705e-02 0.000e+00
2.345e-01 1.436e-02 9.886e-02 5.780e-02 0.000e+00
2.589e-01 1.188e-02 9.592e-02 4.340e-02 0.000e+00
2.858e-01 9.830e-03 9.292e-02 3.270e-02 0.000e+00
3.000e-01 8.955e-03 9.144e-02 2.849e-02 0.000e+00
3.155e-01 8.126e-03 8.990e-02 2.472e-02 0.000e+00
3.483e-01 6.713e-03 8.686e-02 1.876e-02 0.000e+00
3.845e-01 5.542e-03 8.380e-02 1.430e-02 0.000e+00
4.000e-01 5.132e-03 8.257e-02 1.285e-02 0.000e+00
4.245e-01 4.571e-03 8.072e-02 1.096e-02 0.000e+00
4.686e-01 3.768e-03 7.765e-02 8.446e-03 0.000e+00
5.000e-01 3.318e-03 7.566e-02 7.146e-03 0.000e+00
5.173e-01 3.104e-03 7.462e-02 6.555e-03 0.000e+00
5.710e-01 2.557e-03 7.165e-02 5.123e-03 0.000e+00
6.000e-01 2.319e-03 7.017e-02 4.536e-03 0.000e+00
6.304e-01 2.104e-03 6.871e-02 4.023e-03 0.000e+00
6.959e-01 1.731e-03 6.582e-02 3.180e-03 0.000e+00
7.682e-01 1.424e-03 6.298e-02 2.541e-03 0.000e+00
8.000e-01 1.313e-03 6.182e-02 2.328e-03 0.000e+00
8.480e-01 1.169e-03 6.018e-02 2.061e-03 0.000e+00
9.361e-01 9.606e-04 5.745e-02 1.679e-03 0.000e+00
1.000e+00 8.433e-04 5.566e-02 1.451e-03 0.000e+00
1.022e+00 8.081e-04 5.508e-02 1.380e-03 0.000e+00
1.033e+00 7.913e-04 5.479e-02 1.347e-03 2.867e-08
1.141e+00 6.495e-04 5.217e-02 1.100e-03 2.427e-05
1.250e+00 5.411e-04 4.981e-02 9.314e-04 1.194e-04
1.259e+00 5.334e-04 4.963e-02 9.194e-04 1.304e-04
1.390e+00 4.378e-04 4.715e-02 7.679e-04 3.400e-04
1.500e+00 3.762e-04 4.530e-02 6.691e-04 5.747e-04
1.535e+00 3.593e-04 4.475e-02 6.421e-04 6.588e-04
1.694e+00 2.952e-04 4.244e-02 5.406e-04 1.089e-03
1.870e+00 2.423e-04 4.019e-02 4.573e-04 1.635e-03
2.000e+00 2.119e-04 3.868e-02 4.094e-04 2.065e-03
2.044e+00 2.029e-04 3.820e-02 3.952e-04 2.214e-03
2.065e+00 1.988e-04 3.798e-02 3.887e-04 2.285e-03
2.279e+00 1.633e-04 3.587e-02 3.323e-04 3.022e-03
2.516e+00 1.340e-04 3.385e-02 2.851e-04 3.850e-03
2.778e+00 1.099e-04 3.190e-02 2.456e-04 4.760e-03
3.000e+00 9.429e-05 3.045e-02 2.194e-04 5.517e-03
3.066e+00 9.028e-05 3.004e-02 2.126e-04 5.737e-03
3.385e+00 7.407e-05 2.825e-02 1.846e-04 6.782e-03
3.737e+00 6.077e-05 2.654e-02 1.608e-04 7.887e-03
4.000e+00 5.304e-05 2.540e-02 1.464e-04 8.679e-03
4.125e+00 4.988e-05 2.490e-02 1.405e-04 9.048e-03
4.554e+00 4.093e-05 2.334e-02 1.230e-04 1.027e-02
5.000e+00 3.396e-05 2.194e-02 1.089e-04 1.147e-02
5.027e+00 3.359e-05 2.186e-02 1.081e-04 1.154e-02
5.549e+00 2.757e-05 2.045e-02 9.524e-05 1.284e-02
6.000e+00 2.358e-05 1.939e-02 8.630e-05 1.390e-02
6.126e+00 2.262e-05 1.912e-02 8.407e-05 1.419e-02
6.762e+00 1.857e-05 1.785e-02 7.435e-05 1.559e-02
7.000e+00 1.733e-05 1.743e-02 7.126e-05 1.608e-02
7.465e+00 1.523e-05 1.666e-02 6.591e-05 1.702e-02
8.000e+00 1.326e-05 1.586e-02 6.065e-05 1.805e-02
8.241e+00 1.250e-05 1.553e-02 5.854e-05 1.849e-02
9.000e+00 1.048e-05 1.458e-02 5.273e-05 1.985e-02
9.097e+00 1.026e-05 1.447e-02 5.207e-05 2.001e-02
1.000e+01 8.487e-06 1.351e-02 4.662e-05 2.148e-02
1.004e+01 8.420e-06 1.347e-02 4.640e-05 2.154e-02
1.100e+01 7.017e-06 1.261e-02 4.175e-05 2.298e-02
1.109e+01 6.904e-06 1.253e-02 4.136e-05 2.311e-02
1.200e+01 5.896e-06 1.182e-02 3.780e-05 2.435e-02
1.224e+01 5.667e-06 1.165e-02 3.695e-05 2.466e-02
1.300e+01 5.024e-06 1.114e-02 3.452e-05 2.562e-02
1.351e+01 4.652e-06 1.082e-02 3.306e-05 2.622e-02
1.400e+01 4.332e-06 1.053e-02 3.176e-05 2.678e-02
1.491e+01 3.819e-06 1.005e-02 2.960e-05 2.777e-02
1.500e+01 3.774e-06 1.000e-02 2.940e-05 2.787e-02
1.600e+01 3.316e-06 9.524e-03 2.737e-05 2.888e-02
1.646e+01 3.134e-06 9.319e-03 2.653e-05 2.933e-02
1.800e+01 2.621e-06 8.704e-03 2.405e-05 3.075e-02
1.818e+01 2.569e-06 8.638e-03 2.379e-05 3.091e-02
2.000e+01 2.123e-06 8.027e-03 2.144e-05 3.243e-02
