# YTTERBIUM from NIST Database
6.730e+00 0.000e+00 0.000e+00 0.000e+00 0.000e+00
7.000e+01 1.000e+00 3.500e+00 0.000e+00 0.000e+00
0.000e+00 0.000e+00 0.000e+00 0.000e+00 0.000e+00
1.000e-03 1.085e+01 4.754e-03 3.007e+03 0.000e+00
1.020e-03 1.083e+01 4.876e-03 2.890e+03 0.000e+00
1.126e-03 1.072e+01 5.533e-03 2.373e+03 0.000e+00
1.243e-03 1.061e+01 6.271e-03 1.949e+03 0.000e+00
1.372e-03 1.050e+01 7.089e-03 1.601e+03 0.000e+00
1.500e-03 1.039e+01 7.897e-03 1.340e+03 0.000e+00
1.515e-03 1.038e+01 7.991e-03 1.312e+03 0.000e+00
1.528e-03 1.037e+01 8.071e-03 1.290e+03 0.000e+00
1.528e-03 1.037e+01 8.071e-03 1.937e+03 0.000e+00
1.552e-03 1.034e+01 8.221e-03 2.745e+03 0.000e+00
1.576e-03 1.032e+01 8.373e-03 3.894e+03 0.000e+00
1.576e-03 1.032e+01 8.373e-03 4.528e+03 0.000e+00
1.672e-03 1.022e+01 8.967e-03 4.211e+03 0.000e+00
1.846e-03 1.006e+01 1.004e-02 3.729e+03 0.000e+00
1.950e-03 9.960e+00 1.069e-02 3.487e+03 0.000e+00
1.950e-03 9.960e+00 1.069e-02 4.044e+03 0.000e+00
2.000e-03 9.912e+00 1.100e-02 3.786e+03 0.000e+00
2.038e-03 9.874e+00 1.124e-02 3.623e+03 0.000e+00
2.173e-03 9.734e+00 1.208e-02 3.119e+03 0.000e+00
2.173e-03 9.734e+00 1.208e-02 3.314e+03 0.000e+00
2.250e-03 9.655e+00 1.255e-02 3.060e+03 0.000e+00
2.398e-03 9.508e+00 1.348e-02 2.644e+03 0.000e+00
2.398e-03 9.508e+00 1.348e-02 2.760e+03 0.000e+00
2.483e-03 9.425e+00 1.400e-02 2.543e+03 0.000e+00
2.741e-03 9.177e+00 1.560e-02 2.017e+03 0.000e+00
3.000e-03 8.927e+00 1.719e-02 1.632e+03 0.000e+00
3.026e-03 8.901e+00 1.735e-02 1.598e+03 0.000e+00
3.341e-03 8.594e+00 1.924e-02 1.256e+03 0.000e+00
3.688e-03 8.257e+00 2.127e-02 9.881e+02 0.000e+00
4.000e-03 7.963e+00 2.304e-02 8.112e+02 0.000e+00
4.071e-03 7.897e+00 2.344e-02 7.764e+02 0.000e+00
4.494e-03 7.517e+00 2.577e-02 6.065e+02 0.000e+00
4.961e-03 7.118e+00 2.825e-02 4.738e+02 0.000e+00
5.000e-03 7.086e+00 2.845e-02 4.646e+02 0.000e+00
5.477e-03 6.703e+00 3.087e-02 3.686e+02 0.000e+00
6.000e-03 6.310e+00 3.339e-02 2.924e+02 0.000e+00
6.046e-03 6.276e+00 3.360e-02 2.867e+02 0.000e+00
6.675e-03 5.841e+00 3.643e-02 2.222e+02 0.000e+00
7.368e-03 5.410e+00 3.937e-02 1.722e+02 0.000e+00
8.000e-03 5.060e+00 4.197e-02 1.393e+02 0.000e+00
8.134e-03 4.991e+00 4.251e-02 1.334e+02 0.000e+00
8.944e-03 4.587e+00 4.552e-02 1.042e+02 0.000e+00
8.944e-03 4.587e+00 4.552e-02 2.778e+02 0.000e+00
8.979e-03 4.569e+00 4.563e-02 2.749e+02 0.000e+00
9.912e-03 4.156e+00 4.883e-02 2.123e+02 0.000e+00
9.978e-03 4.134e+00 4.914e-02 2.087e+02 0.000e+00
9.978e-03 4.134e+00 4.914e-02 2.938e+02 0.000e+00
1.000e-02 4.128e+00 4.924e-02 2.902e+02 0.000e+00
1.049e-02 3.940e+00 5.085e-02 2.537e+02 0.000e+00
1.049e-02 3.940e+00 5.085e-02 2.933e+02 0.000e+00
1.094e-02 3.764e+00 5.207e-02 2.629e+02 0.000e+00
1.208e-02 3.382e+00 5.536e-02 2.036e+02 0.000e+00
1.334e-02 3.034e+00 5.908e-02 1.577e+02 0.000e+00
1.472e-02 2.717e+00 6.298e-02 1.224e+02 0.000e+00
1.500e-02 2.659e+00 6.372e-02 1.166e+02 0.000e+00
1.625e-02 2.422e+00 6.683e-02 9.425e+01 0.000e+00
1.794e-02 2.150e+00 7.057e-02 7.249e+01 0.000e+00
1.980e-02 1.905e+00 7.421e-02 5.579e+01 0.000e+00
2.000e-02 1.881e+00 7.458e-02 5.433e+01 0.000e+00
2.186e-02 1.684e+00 7.783e-02 4.270e+01 0.000e+00
2.413e-02 1.486e+00 8.138e-02 3.268e+01 0.000e+00
2.664e-02 1.306e+00 8.481e-02 2.500e+01 0.000e+00
2.941e-02 1.142e+00 8.803e-02 1.913e+01 0.000e+00
3.000e-02 1.111e+00 8.864e-02 1.812e+01 0.000e+00
3.247e-02 9.933e-01 9.097e-02 1.458e+01 0.000e+00
3.584e-02 8.594e-01 9.362e-02 1.111e+01 0.000e+00
3.957e-02 7.402e-01 9.599e-02 8.465e+00 0.000e+00
4.000e-02 7.281e-01 9.623e-02 8.217e+00 0.000e+00
4.368e-02 6.357e-01 9.806e-02 6.436e+00 0.000e+00
4.822e-02 5.449e-01 9.984e-02 4.891e+00 0.000e+00
5.000e-02 5.147e-01 1.004e-01 4.423e+00 0.000e+00
5.323e-02 4.664e-01 1.013e-01 3.714e+00 0.000e+00
5.876e-02 3.989e-01 1.024e-01 2.818e+00 0.000e+00
6.000e-02 3.860e-01 1.026e-01 2.659e+00 0.000e+00
6.133e-02 3.727e-01 1.028e-01 2.500e+00 0.000e+00
6.133e-02 3.727e-01 1.028e-01 1.318e+01 0.000e+00
6.486e-02 3.409e-01 1.033e-01 1.139e+01 0.000e+00
7.161e-02 2.906e-01 1.038e-01 8.788e+00 0.000e+00
7.905e-02 2.471e-01 1.040e-01 6.775e+00 0.000e+00
8.000e-02 2.422e-01 1.040e-01 6.564e+00 0.000e+00
8.726e-02 2.094e-01 1.039e-01 5.209e+00 0.000e+00
9.633e-02 1.768e-01 1.036e-01 3.995e+00 0.000e+00
1.000e-01 1.658e-01 1.033e-01 3.612e+00 0.000e+00
1.063e-01 1.491e-01 1.029e-01 3.063e+00 0.000e+00
1.174e-01 1.252e-01 1.019e-01 2.339e+00 0.000e+00
1.296e-01 1.051e-01 1.006e-01 1.787e+00 0.000e+00
1.431e-01 8.804e-02 9.914e-02 1.363e+00 0.000e+00
1.500e-01 8.091e-02 9.835e-02 1.199e+00 0.000e+00
1.579e-01 7.380e-02 9.744e-02 1.041e+00 0.000e+00
1.743e-01 6.178e-02 9.555e-02 7.945e-01 0.000e+00
1.925e-01 5.163e-02 9.348e-02 6.054e-01 0.000e+00
2.000e-01 4.817e-02 9.264e-02 5.453e-01 0.000e+00
2.125e-01 4.313e-02 9.127e-02 4.622e-01 0.000e+00
2.345e-01 3.601e-02 8.894e-02 3.536e-01 0.000e+00
2.589e-01 3.001e-02 8.650e-02 2.707e-01 0.000e+00
2.858e-01 2.497e-02 8.398e-02 2.078e-01 0.000e+00
3.000e-01 2.281e-02 8.272e-02 1.826e-01 0.000e+00
3.155e-01 2.075e-02 8.141e-02 1.599e-01 0.000e+00
3.483e-01 1.722e-02 7.880e-02 1.234e-01 0.000e+00
3.845e-01 1.427e-02 7.616e-02 9.568e-02 0.000e+00
4.000e-01 1.324e-02 7.510e-02 8.652e-02 0.000e+00
4.245e-01 1.181e-02 7.351e-02 7.446e-02 0.000e+00
4.686e-01 9.774e-03 7.086e-02 5.824e-02 0.000e+00
5.000e-01 8.627e-03 6.912e-02 4.970e-02 0.000e+00
5.173e-01 8.080e-03 6.820e-02 4.577e-02 0.000e+00
5.710e-01 6.677e-03 6.556e-02 3.618e-02 0.000e+00
6.000e-01 6.066e-03 6.424e-02 3.222e-02 0.000e+00
6.304e-01 5.511e-03 6.294e-02 2.874e-02 0.000e+00
6.959e-01 4.546e-03 6.034e-02 2.297e-02 0.000e+00
7.682e-01 3.748e-03 5.777e-02 1.847e-02 0.000e+00
8.000e-01 3.462e-03 5.673e-02 1.691e-02 0.000e+00
8.480e-01 3.089e-03 5.523e-02 1.493e-02 0.000e+00
9.361e-01 2.545e-03 5.274e-02 1.215e-02 0.000e+00
1.000e+00 2.235e-03 5.112e-02 1.061e-02 0.000e+00
1.022e+00 2.141e-03 5.060e-02 1.016e-02 0.000e+00
1.033e+00 2.097e-03 5.035e-02 9.943e-03 7.034e-08
1.141e+00 1.724e-03 4.796e-02 8.166e-03 5.993e-05
1.250e+00 1.439e-03 4.580e-02 6.849e-03 2.946e-04
1.259e+00 1.419e-03 4.563e-02 6.756e-03 3.218e-04
1.390e+00 1.167e-03 4.337e-02 5.615e-03 8.278e-04
1.500e+00 1.003e-03 4.169e-02 4.886e-03 1.370e-03
1.535e+00 9.585e-04 4.119e-02 4.687e-03 1.558e-03
1.694e+00 7.882e-04 3.910e-02 3.935e-03 2.463e-03
1.870e+00 6.476e-04 3.704e-02 3.316e-03 3.518e-03
2.000e+00 5.666e-04 3.564e-02 2.961e-03 4.308e-03
2.044e+00 5.426e-04 3.518e-02 2.855e-03 4.576e-03
2.065e+00 5.316e-04 3.497e-02 2.807e-03 4.704e-03
2.279e+00 4.369e-04 3.301e-02 2.389e-03 5.990e-03
2.516e+00 3.588e-04 3.116e-02 2.040e-03 7.372e-03
2.778e+00 2.945e-04 2.939e-02 1.749e-03 8.838e-03
3.000e+00 2.526e-04 2.806e-02 1.556e-03 1.003e-02
3.066e+00 2.419e-04 2.769e-02 1.506e-03 1.037e-02
3.385e+00 1.985e-04 2.604e-02 1.300e-03 1.199e-02
3.737e+00 1.630e-04 2.446e-02 1.127e-03 1.367e-02
4.000e+00 1.423e-04 2.341e-02 1.023e-03 1.486e-02
4.125e+00 1.338e-04 2.295e-02 9.795e-04 1.540e-02
4.554e+00 1.098e-04 2.152e-02 8.539e-04 1.720e-02
5.000e+00 9.111e-05 2.022e-02 7.521e-04 1.895e-02
5.027e+00 9.014e-05 2.015e-02 7.466e-04 1.905e-02
5.549e+00 7.397e-05 1.885e-02 6.546e-04 2.095e-02
6.000e+00 6.327e-05 1.788e-02 5.909e-04 2.248e-02
6.126e+00 6.070e-05 1.763e-02 5.752e-04 2.290e-02
6.762e+00 4.982e-05 1.646e-02 5.065e-04 2.488e-02
7.000e+00 4.650e-05 1.607e-02 4.848e-04 2.559e-02
7.465e+00 4.089e-05 1.536e-02 4.472e-04 2.693e-02
8.000e+00 3.560e-05 1.463e-02 4.103e-04 2.840e-02
8.241e+00 3.355e-05 1.432e-02 3.955e-04 2.903e-02
9.000e+00 2.813e-05 1.345e-02 3.550e-04 3.095e-02
9.097e+00 2.754e-05 1.334e-02 3.504e-04 3.119e-02
1.000e+01 2.279e-05 1.246e-02 3.127e-04 3.330e-02
1.004e+01 2.261e-05 1.242e-02 3.112e-04 3.339e-02
1.100e+01 1.883e-05 1.162e-02 2.792e-04 3.547e-02
1.109e+01 1.853e-05 1.155e-02 2.765e-04 3.565e-02
1.200e+01 1.583e-05 1.090e-02 2.521e-04 3.748e-02
1.224e+01 1.521e-05 1.074e-02 2.463e-04 3.795e-02
1.300e+01 1.349e-05 1.027e-02 2.297e-04 3.936e-02
1.351e+01 1.249e-05 9.975e-03 2.197e-04 4.027e-02
1.400e+01 1.163e-05 9.713e-03 2.109e-04 4.113e-02
1.491e+01 1.025e-05 9.264e-03 1.962e-04 4.261e-02
1.500e+01 1.013e-05 9.223e-03 1.949e-04 4.276e-02
1.600e+01 8.906e-06 8.784e-03 1.811e-04 4.428e-02
1.646e+01 8.415e-06 8.597e-03 1.754e-04 4.494e-02
1.800e+01 7.037e-06 8.029e-03 1.587e-04 4.701e-02
1.818e+01 6.898e-06 7.968e-03 1.569e-04 4.724e-02
2.000e+01 5.701e-06 7.402e-03 1.411e-04 4.946e-02
