# ZINC from NIST Database
7.133e+00 0.000e+00 0.000e+00 0.000e+00 0.000e+00
3.000e+01 1.000e+00 3.500e+00 0.000e+00 0.000e+00
0.000e+00 0.000e+00 0.000e+00 0.000e+00 0.000e+00
1.000e-03 5.244e+00 6.580e-03 1.548e+03 0.000e+00
1.020e-03 5.234e+00 6.787e-03 1.479e+03 0.000e+00
1.020e-03 5.234e+00 6.787e-03 3.521e+03 0.000e+00
1.020e-03 5.234e+00 6.790e-03 3.549e+03 0.000e+00
1.043e-03 5.223e+00 7.030e-03 6.488e+03 0.000e+00
1.043e-03 5.223e+00 7.030e-03 8.233e+03 0.000e+00
1.126e-03 5.180e+00 7.912e-03 7.729e+03 0.000e+00
1.194e-03 5.143e+00 8.635e-03 7.368e+03 0.000e+00
1.194e-03 5.143e+00 8.635e-03 8.391e+03 0.000e+00
1.243e-03 5.116e+00 9.166e-03 7.604e+03 0.000e+00
1.372e-03 5.046e+00 1.055e-02 5.984e+03 0.000e+00
1.500e-03 4.975e+00 1.192e-02 4.819e+03 0.000e+00
1.515e-03 4.966e+00 1.208e-02 4.702e+03 0.000e+00
1.672e-03 4.875e+00 1.371e-02 3.687e+03 0.000e+00
1.846e-03 4.770e+00 1.547e-02 2.888e+03 0.000e+00
2.000e-03 4.677e+00 1.700e-02 2.370e+03 0.000e+00
2.038e-03 4.654e+00 1.737e-02 2.257e+03 0.000e+00
2.250e-03 4.526e+00 1.942e-02 1.745e+03 0.000e+00
2.483e-03 4.387e+00 2.162e-02 1.351e+03 0.000e+00
2.741e-03 4.235e+00 2.401e-02 1.045e+03 0.000e+00
3.000e-03 4.084e+00 2.638e-02 8.270e+02 0.000e+00
3.026e-03 4.070e+00 2.661e-02 8.081e+02 0.000e+00
3.341e-03 3.892e+00 2.945e-02 6.200e+02 0.000e+00
3.688e-03 3.702e+00 3.252e-02 4.760e+02 0.000e+00
4.000e-03 3.538e+00 3.523e-02 3.830e+02 0.000e+00
4.071e-03 3.502e+00 3.584e-02 3.651e+02 0.000e+00
4.494e-03 3.291e+00 3.941e-02 2.790e+02 0.000e+00
4.961e-03 3.072e+00 4.323e-02 2.132e+02 0.000e+00
5.000e-03 3.054e+00 4.354e-02 2.087e+02 0.000e+00
5.477e-03 2.846e+00 4.729e-02 1.624e+02 0.000e+00
6.000e-03 2.635e+00 5.122e-02 1.264e+02 0.000e+00
6.046e-03 2.617e+00 5.156e-02 1.237e+02 0.000e+00
6.675e-03 2.390e+00 5.605e-02 9.388e+01 0.000e+00
7.368e-03 2.168e+00 6.072e-02 7.129e+01 0.000e+00
8.000e-03 1.987e+00 6.476e-02 5.668e+01 0.000e+00
8.134e-03 1.952e+00 6.559e-02 5.410e+01 0.000e+00
8.979e-03 1.746e+00 7.061e-02 4.097e+01 0.000e+00
9.659e-03 1.605e+00 7.436e-02 3.338e+01 0.000e+00
9.659e-03 1.605e+00 7.436e-02 2.519e+02 0.000e+00
9.912e-03 1.558e+00 7.569e-02 2.365e+02 0.000e+00
1.000e-02 1.542e+00 7.614e-02 2.314e+02 0.000e+00
1.094e-02 1.385e+00 8.078e-02 1.849e+02 0.000e+00
1.208e-02 1.227e+00 8.588e-02 1.431e+02 0.000e+00
1.334e-02 1.083e+00 9.089e-02 1.100e+02 0.000e+00
1.472e-02 9.557e-01 9.571e-02 8.434e+01 0.000e+00
1.500e-02 9.329e-01 9.661e-02 8.014e+01 0.000e+00
1.625e-02 8.420e-01 1.003e-01 6.447e+01 0.000e+00
1.794e-02 7.406e-01 1.047e-01 4.919e+01 0.000e+00
1.980e-02 6.500e-01 1.087e-01 3.747e+01 0.000e+00
2.000e-02 6.413e-01 1.091e-01 3.644e+01 0.000e+00
2.186e-02 5.680e-01 1.126e-01 2.844e+01 0.000e+00
2.413e-02 4.943e-01 1.161e-01 2.155e+01 0.000e+00
2.664e-02 4.281e-01 1.193e-01 1.627e+01 0.000e+00
2.941e-02 3.690e-01 1.222e-01 1.227e+01 0.000e+00
3.000e-02 3.579e-01 1.228e-01 1.159e+01 0.000e+00
3.247e-02 3.164e-01 1.248e-01 9.225e+00 0.000e+00
3.584e-02 2.702e-01 1.269e-01 6.929e+00 0.000e+00
3.957e-02 2.300e-01 1.287e-01 5.191e+00 0.000e+00
4.000e-02 2.259e-01 1.288e-01 5.029e+00 0.000e+00
4.368e-02 1.953e-01 1.300e-01 3.884e+00 0.000e+00
4.822e-02 1.657e-01 1.309e-01 2.901e+00 0.000e+00
5.000e-02 1.559e-01 1.311e-01 2.605e+00 0.000e+00
5.323e-02 1.404e-01 1.314e-01 2.164e+00 0.000e+00
5.876e-02 1.189e-01 1.315e-01 1.612e+00 0.000e+00
6.000e-02 1.148e-01 1.315e-01 1.514e+00 0.000e+00
6.486e-02 1.005e-01 1.313e-01 1.199e+00 0.000e+00
7.161e-02 8.487e-02 1.308e-01 8.898e-01 0.000e+00
7.905e-02 7.154e-02 1.299e-01 6.601e-01 0.000e+00
8.000e-02 7.007e-02 1.298e-01 6.367e-01 0.000e+00
8.726e-02 6.019e-02 1.287e-01 4.894e-01 0.000e+00
9.633e-02 5.053e-02 1.272e-01 3.625e-01 0.000e+00
1.000e-01 4.727e-02 1.265e-01 3.235e-01 0.000e+00
1.063e-01 4.236e-02 1.254e-01 2.686e-01 0.000e+00
1.174e-01 3.537e-02 1.234e-01 1.985e-01 0.000e+00
1.296e-01 2.950e-02 1.212e-01 1.469e-01 0.000e+00
1.431e-01 2.455e-02 1.187e-01 1.086e-01 0.000e+00
1.500e-01 2.248e-02 1.175e-01 9.412e-02 0.000e+00
1.579e-01 2.042e-02 1.161e-01 8.054e-02 0.000e+00
1.743e-01 1.695e-02 1.133e-01 5.970e-02 0.000e+00
1.925e-01 1.404e-02 1.104e-01 4.425e-02 0.000e+00
2.000e-01 1.306e-02 1.092e-01 3.944e-02 0.000e+00
2.125e-01 1.163e-02 1.074e-01 3.289e-02 0.000e+00
2.345e-01 9.635e-03 1.043e-01 2.452e-02 0.000e+00
2.589e-01 7.966e-03 1.011e-01 1.831e-02 0.000e+00
2.858e-01 6.582e-03 9.784e-02 1.371e-02 0.000e+00
3.000e-01 5.993e-03 9.624e-02 1.192e-02 0.000e+00
3.155e-01 5.435e-03 9.457e-02 1.031e-02 0.000e+00
3.483e-01 4.484e-03 9.127e-02 7.785e-03 0.000e+00
3.845e-01 3.697e-03 8.798e-02 5.907e-03 0.000e+00
4.000e-01 3.421e-03 8.667e-02 5.298e-03 0.000e+00
4.245e-01 3.045e-03 8.471e-02 4.506e-03 0.000e+00
4.686e-01 2.507e-03 8.148e-02 3.460e-03 0.000e+00
5.000e-01 2.207e-03 7.938e-02 2.920e-03 0.000e+00
5.173e-01 2.064e-03 7.828e-02 2.675e-03 0.000e+00
5.710e-01 1.698e-03 7.513e-02 2.084e-03 0.000e+00
6.000e-01 1.540e-03 7.357e-02 1.843e-03 0.000e+00
6.304e-01 1.396e-03 7.202e-02 1.632e-03 0.000e+00
6.959e-01 1.148e-03 6.896e-02 1.287e-03 0.000e+00
7.682e-01 9.431e-04 6.596e-02 1.028e-03 0.000e+00
8.000e-01 8.700e-04 6.475e-02 9.412e-04 0.000e+00
8.480e-01 7.748e-04 6.303e-02 8.336e-04 0.000e+00
9.361e-01 6.365e-04 6.016e-02 6.788e-04 0.000e+00
1.000e+00 5.581e-04 5.827e-02 5.855e-04 0.000e+00
1.022e+00 5.344e-04 5.765e-02 5.563e-04 0.000e+00
1.033e+00 5.232e-04 5.735e-02 5.428e-04 1.934e-08
1.141e+00 4.292e-04 5.459e-02 4.432e-04 1.681e-05
1.250e+00 3.578e-04 5.214e-02 3.760e-04 8.453e-05
1.259e+00 3.527e-04 5.194e-02 3.712e-04 9.254e-05
1.390e+00 2.895e-04 4.935e-02 3.105e-04 2.464e-04
1.500e+00 2.487e-04 4.740e-02 2.708e-04 4.224e-04
1.535e+00 2.375e-04 4.682e-02 2.599e-04 4.861e-04
1.694e+00 1.951e-04 4.439e-02 2.191e-04 8.153e-04
1.870e+00 1.602e-04 4.203e-02 1.857e-04 1.239e-03
2.000e+00 1.400e-04 4.047e-02 1.665e-04 1.579e-03
2.044e+00 1.340e-04 3.997e-02 1.608e-04 1.696e-03
2.065e+00 1.313e-04 3.974e-02 1.582e-04 1.753e-03
2.279e+00 1.078e-04 3.754e-02 1.355e-04 2.341e-03
2.516e+00 8.843e-05 3.542e-02 1.165e-04 3.004e-03
2.778e+00 7.257e-05 3.338e-02 1.006e-04 3.734e-03
3.000e+00 6.225e-05 3.185e-02 9.001e-05 4.345e-03
3.066e+00 5.960e-05 3.142e-02 8.725e-05 4.525e-03
3.385e+00 4.890e-05 2.955e-02 7.590e-05 5.376e-03
3.737e+00 4.013e-05 2.775e-02 6.625e-05 6.282e-03
4.000e+00 3.502e-05 2.657e-02 6.044e-05 6.935e-03
4.125e+00 3.293e-05 2.605e-02 5.801e-05 7.237e-03
4.554e+00 2.702e-05 2.442e-02 5.093e-05 8.241e-03
5.000e+00 2.242e-05 2.295e-02 4.515e-05 9.231e-03
5.027e+00 2.218e-05 2.287e-02 4.484e-05 9.290e-03
5.549e+00 1.820e-05 2.139e-02 3.957e-05 1.038e-02
6.000e+00 1.556e-05 2.028e-02 3.590e-05 1.127e-02
6.126e+00 1.493e-05 1.999e-02 3.499e-05 1.152e-02
6.762e+00 1.226e-05 1.868e-02 3.101e-05 1.269e-02
7.000e+00 1.144e-05 1.823e-02 2.974e-05 1.310e-02
7.465e+00 1.006e-05 1.743e-02 2.753e-05 1.389e-02
8.000e+00 8.757e-06 1.660e-02 2.535e-05 1.474e-02
8.241e+00 8.253e-06 1.625e-02 2.448e-05 1.513e-02
9.000e+00 6.920e-06 1.525e-02 2.208e-05 1.624e-02
9.097e+00 6.773e-06 1.513e-02 2.180e-05 1.637e-02
1.000e+01 5.605e-06 1.414e-02 1.954e-05 1.759e-02
1.004e+01 5.560e-06 1.410e-02 1.945e-05 1.764e-02
1.100e+01 4.632e-06 1.318e-02 1.753e-05 1.882e-02
1.109e+01 4.558e-06 1.310e-02 1.736e-05 1.893e-02
1.200e+01 3.893e-06 1.236e-02 1.588e-05 1.995e-02
1.224e+01 3.742e-06 1.218e-02 1.553e-05 2.021e-02
1.300e+01 3.316e-06 1.165e-02 1.451e-05 2.100e-02
1.351e+01 3.071e-06 1.132e-02 1.390e-05 2.149e-02
1.400e+01 2.860e-06 1.101e-02 1.336e-05 2.197e-02
1.491e+01 2.521e-06 1.051e-02 1.247e-05 2.279e-02
1.500e+01 2.491e-06 1.046e-02 1.239e-05 2.287e-02
1.600e+01 2.189e-06 9.965e-03 1.153e-05 2.372e-02
1.646e+01 2.069e-06 9.752e-03 1.118e-05 2.410e-02
1.800e+01 1.730e-06 9.105e-03 1.014e-05 2.529e-02
1.818e+01 1.696e-06 9.035e-03 1.003e-05 2.543e-02
2.000e+01 1.402e-06 8.396e-03 9.048e-06 2.668e-02
