# ZIRCONIUM from NIST Database
6.506e+00 0.000e+00 0.000e+00 0.000e+00 0.000e+00
4.000e+01 1.000e+00 3.500e+00 0.000e+00 0.000e+00
0.000e+00 0.000e+00 0.000e+00 0.000e+00 0.000e+00
1.000e-03 6.547e+00 8.100e-03 4.203e+03 0.000e+00
1.020e-03 6.528e+00 8.309e-03 4.013e+03 0.000e+00
1.126e-03 6.435e+00 9.434e-03 3.183e+03 0.000e+00
1.243e-03 6.337e+00 1.069e-02 2.525e+03 0.000e+00
1.372e-03 6.231e+00 1.206e-02 2.003e+03 0.000e+00
1.500e-03 6.126e+00 1.338e-02 1.625e+03 0.000e+00
1.515e-03 6.113e+00 1.353e-02 1.586e+03 0.000e+00
1.672e-03 5.981e+00 1.508e-02 1.247e+03 0.000e+00
1.846e-03 5.833e+00 1.672e-02 9.799e+02 0.000e+00
2.000e-03 5.705e+00 1.814e-02 8.060e+02 0.000e+00
2.038e-03 5.674e+00 1.849e-02 7.692e+02 0.000e+00
2.222e-03 5.523e+00 2.017e-02 6.203e+02 0.000e+00
2.222e-03 5.523e+00 2.017e-02 2.386e+03 0.000e+00
2.250e-03 5.501e+00 2.043e-02 2.292e+03 0.000e+00
2.307e-03 5.456e+00 2.094e-02 2.114e+03 0.000e+00
2.307e-03 5.456e+00 2.094e-02 2.948e+03 0.000e+00
2.483e-03 5.326e+00 2.249e-02 2.466e+03 0.000e+00
2.532e-03 5.290e+00 2.291e-02 2.353e+03 0.000e+00
2.532e-03 5.290e+00 2.291e-02 2.685e+03 0.000e+00
2.741e-03 5.135e+00 2.472e-02 2.208e+03 0.000e+00
3.000e-03 4.944e+00 2.691e-02 1.767e+03 0.000e+00
3.026e-03 4.925e+00 2.713e-02 1.729e+03 0.000e+00
3.341e-03 4.709e+00 2.971e-02 1.342e+03 0.000e+00
3.688e-03 4.486e+00 3.245e-02 1.042e+03 0.000e+00
4.000e-03 4.297e+00 3.484e-02 8.463e+02 0.000e+00
4.071e-03 4.255e+00 3.538e-02 8.082e+02 0.000e+00
4.494e-03 4.018e+00 3.849e-02 6.239e+02 0.000e+00
4.961e-03 3.777e+00 4.180e-02 4.816e+02 0.000e+00
5.000e-03 3.758e+00 4.206e-02 4.718e+02 0.000e+00
5.477e-03 3.535e+00 4.527e-02 3.700e+02 0.000e+00
6.000e-03 3.314e+00 4.861e-02 2.901e+02 0.000e+00
6.046e-03 3.296e+00 4.889e-02 2.842e+02 0.000e+00
6.675e-03 3.060e+00 5.262e-02 2.173e+02 0.000e+00
7.368e-03 2.829e+00 5.642e-02 1.662e+02 0.000e+00
8.000e-03 2.641e+00 5.962e-02 1.330e+02 0.000e+00
8.134e-03 2.603e+00 6.028e-02 1.270e+02 0.000e+00
8.979e-03 2.384e+00 6.417e-02 9.677e+01 0.000e+00
9.912e-03 2.169e+00 6.810e-02 7.373e+01 0.000e+00
1.000e-02 2.150e+00 6.846e-02 7.196e+01 0.000e+00
1.094e-02 1.960e+00 7.207e-02 5.599e+01 0.000e+00
1.208e-02 1.758e+00 7.610e-02 4.245e+01 0.000e+00
1.334e-02 1.566e+00 8.015e-02 3.217e+01 0.000e+00
1.472e-02 1.386e+00 8.419e-02 2.444e+01 0.000e+00
1.500e-02 1.353e+00 8.496e-02 2.318e+01 0.000e+00
1.625e-02 1.219e+00 8.824e-02 1.849e+01 0.000e+00
1.794e-02 1.068e+00 9.223e-02 1.398e+01 0.000e+00
1.800e-02 1.063e+00 9.235e-02 1.386e+01 0.000e+00
1.800e-02 1.063e+00 9.235e-02 9.354e+01 0.000e+00
1.980e-02 9.349e-01 9.607e-02 7.324e+01 0.000e+00
2.000e-02 9.222e-01 9.645e-02 7.136e+01 0.000e+00
2.186e-02 8.165e-01 9.975e-02 5.661e+01 0.000e+00
2.413e-02 7.116e-01 1.032e-01 4.360e+01 0.000e+00
2.664e-02 6.187e-01 1.065e-01 3.344e+01 0.000e+00
2.941e-02 5.367e-01 1.095e-01 2.557e+01 0.000e+00
3.000e-02 5.215e-01 1.100e-01 2.422e+01 0.000e+00
3.247e-02 4.644e-01 1.122e-01 1.950e+01 0.000e+00
3.584e-02 4.007e-01 1.146e-01 1.485e+01 0.000e+00
3.957e-02 3.442e-01 1.166e-01 1.127e+01 0.000e+00
4.000e-02 3.384e-01 1.168e-01 1.093e+01 0.000e+00
4.368e-02 2.942e-01 1.184e-01 8.536e+00 0.000e+00
4.822e-02 2.504e-01 1.197e-01 6.450e+00 0.000e+00
5.000e-02 2.358e-01 1.201e-01 5.818e+00 0.000e+00
5.323e-02 2.124e-01 1.207e-01 4.865e+00 0.000e+00
5.876e-02 1.798e-01 1.213e-01 3.663e+00 0.000e+00
6.000e-02 1.735e-01 1.214e-01 3.449e+00 0.000e+00
6.486e-02 1.519e-01 1.215e-01 2.753e+00 0.000e+00
7.161e-02 1.281e-01 1.213e-01 2.065e+00 0.000e+00
7.905e-02 1.080e-01 1.208e-01 1.548e+00 0.000e+00
8.000e-02 1.058e-01 1.207e-01 1.495e+00 0.000e+00
8.726e-02 9.093e-02 1.200e-01 1.159e+00 0.000e+00
9.633e-02 7.649e-02 1.189e-01 8.661e-01 0.000e+00
1.000e-01 7.163e-02 1.184e-01 7.757e-01 0.000e+00
1.063e-01 6.430e-02 1.175e-01 6.477e-01 0.000e+00
1.174e-01 5.388e-02 1.158e-01 4.829e-01 0.000e+00
1.296e-01 4.511e-02 1.138e-01 3.604e-01 0.000e+00
1.431e-01 3.768e-02 1.117e-01 2.688e-01 0.000e+00
1.500e-01 3.457e-02 1.106e-01 2.338e-01 0.000e+00
1.579e-01 3.145e-02 1.094e-01 2.009e-01 0.000e+00
1.743e-01 2.618e-02 1.070e-01 1.501e-01 0.000e+00
1.925e-01 2.174e-02 1.044e-01 1.120e-01 0.000e+00
2.000e-01 2.023e-02 1.033e-01 1.001e-01 0.000e+00
2.125e-01 1.805e-02 1.016e-01 8.386e-02 0.000e+00
2.345e-01 1.497e-02 9.879e-02 6.295e-02 0.000e+00
2.589e-01 1.239e-02 9.585e-02 4.730e-02 0.000e+00
2.858e-01 1.025e-02 9.285e-02 3.565e-02 0.000e+00
3.000e-01 9.341e-03 9.136e-02 3.107e-02 0.000e+00
3.155e-01 8.477e-03 8.981e-02 2.696e-02 0.000e+00
3.483e-01 7.003e-03 8.674e-02 2.047e-02 0.000e+00
3.845e-01 5.782e-03 8.367e-02 1.562e-02 0.000e+00
4.000e-01 5.354e-03 8.245e-02 1.403e-02 0.000e+00
4.245e-01 4.769e-03 8.063e-02 1.197e-02 0.000e+00
4.686e-01 3.933e-03 7.762e-02 9.235e-03 0.000e+00
5.000e-01 3.464e-03 7.565e-02 7.816e-03 0.000e+00
5.173e-01 3.240e-03 7.463e-02 7.170e-03 0.000e+00
5.710e-01 2.669e-03 7.165e-02 5.604e-03 0.000e+00
6.000e-01 2.421e-03 7.017e-02 4.962e-03 0.000e+00
6.304e-01 2.196e-03 6.871e-02 4.401e-03 0.000e+00
6.959e-01 1.808e-03 6.580e-02 3.480e-03 0.000e+00
7.682e-01 1.487e-03 6.295e-02 2.782e-03 0.000e+00
8.000e-01 1.372e-03 6.179e-02 2.549e-03 0.000e+00
8.480e-01 1.222e-03 6.015e-02 2.257e-03 0.000e+00
9.361e-01 1.004e-03 5.742e-02 1.838e-03 0.000e+00
1.000e+00 8.806e-04 5.563e-02 1.588e-03 0.000e+00
1.022e+00 8.437e-04 5.505e-02 1.510e-03 0.000e+00
1.033e+00 8.260e-04 5.476e-02 1.474e-03 2.996e-08
1.141e+00 6.781e-04 5.214e-02 1.204e-03 2.530e-05
1.250e+00 5.652e-04 4.979e-02 1.019e-03 1.241e-04
1.259e+00 5.572e-04 4.961e-02 1.006e-03 1.356e-04
1.390e+00 4.574e-04 4.713e-02 8.402e-04 3.527e-04
1.500e+00 3.930e-04 4.528e-02 7.321e-04 5.953e-04
1.535e+00 3.753e-04 4.473e-02 7.026e-04 6.822e-04
1.694e+00 3.082e-04 4.241e-02 5.915e-04 1.126e-03
1.870e+00 2.530e-04 4.016e-02 5.004e-04 1.688e-03
2.000e+00 2.213e-04 3.866e-02 4.479e-04 2.130e-03
2.044e+00 2.120e-04 3.819e-02 4.323e-04 2.283e-03
2.065e+00 2.077e-04 3.797e-02 4.252e-04 2.356e-03
2.279e+00 1.707e-04 3.587e-02 3.634e-04 3.113e-03
2.516e+00 1.401e-04 3.384e-02 3.118e-04 3.963e-03
2.778e+00 1.149e-04 3.189e-02 2.685e-04 4.896e-03
3.000e+00 9.849e-05 3.043e-02 2.398e-04 5.671e-03
3.066e+00 9.430e-05 3.003e-02 2.323e-04 5.897e-03
3.385e+00 7.736e-05 2.823e-02 2.016e-04 6.967e-03
3.737e+00 6.348e-05 2.652e-02 1.756e-04 8.098e-03
4.000e+00 5.541e-05 2.539e-02 1.600e-04 8.909e-03
4.125e+00 5.211e-05 2.489e-02 1.534e-04 9.285e-03
4.554e+00 4.275e-05 2.333e-02 1.344e-04 1.053e-02
5.000e+00 3.547e-05 2.193e-02 1.189e-04 1.175e-02
5.027e+00 3.509e-05 2.185e-02 1.181e-04 1.183e-02
5.549e+00 2.880e-05 2.044e-02 1.040e-04 1.315e-02
6.000e+00 2.464e-05 1.938e-02 9.420e-05 1.424e-02
6.126e+00 2.363e-05 1.911e-02 9.177e-05 1.454e-02
6.762e+00 1.940e-05 1.785e-02 8.115e-05 1.596e-02
7.000e+00 1.810e-05 1.742e-02 7.777e-05 1.647e-02
7.465e+00 1.591e-05 1.665e-02 7.190e-05 1.743e-02
8.000e+00 1.386e-05 1.586e-02 6.615e-05 1.847e-02
8.241e+00 1.306e-05 1.553e-02 6.384e-05 1.893e-02
9.000e+00 1.095e-05 1.458e-02 5.752e-05 2.031e-02
9.097e+00 1.072e-05 1.446e-02 5.680e-05 2.047e-02
1.000e+01 8.872e-06 1.351e-02 5.084e-05 2.198e-02
1.004e+01 8.802e-06 1.347e-02 5.060e-05 2.204e-02
1.100e+01 7.328e-06 1.260e-02 4.553e-05 2.351e-02
1.109e+01 7.209e-06 1.252e-02 4.511e-05 2.364e-02
1.200e+01 6.160e-06 1.182e-02 4.121e-05 2.491e-02
1.224e+01 5.921e-06 1.164e-02 4.029e-05 2.523e-02
1.300e+01 5.248e-06 1.113e-02 3.764e-05 2.621e-02
1.351e+01 4.859e-06 1.081e-02 3.604e-05 2.683e-02
1.400e+01 4.525e-06 1.053e-02 3.462e-05 2.740e-02
1.491e+01 3.990e-06 1.004e-02 3.227e-05 2.842e-02
1.500e+01 3.942e-06 9.995e-03 3.206e-05 2.852e-02
1.600e+01 3.465e-06 9.519e-03 2.984e-05 2.956e-02
1.646e+01 3.274e-06 9.317e-03 2.892e-05 3.002e-02
1.800e+01 2.738e-06 8.701e-03 2.621e-05 3.146e-02
1.818e+01 2.684e-06 8.634e-03 2.592e-05 3.163e-02
2.000e+01 2.217e-06 8.021e-03 2.336e-05 3.317e-02
