2.699E+00 0.000E+00 0.000E+00 0.000E+00 0.000E+00
1.000E-03 2.256E+00 1.427E-02 1.183E+03 0.000E+00
1.500E-03 2.040E+00 2.477E-02 4.002E+02 0.000E+00
1.560E-03 2.015E+00 2.594E-02 3.600E+02 0.000E+00
1.560E-03 2.015E+00 2.594E-02 3.955E+03 0.000E+00
2.000E-03 1.838E+00 3.375E-02 2.261E+03 0.000E+00
3.000E-03 1.523E+00 4.732E-02 7.865E+02 0.000E+00
4.000E-03 1.295E+00 5.810E-02 3.591E+02 0.000E+00
5.000E-03 1.116E+00 6.787E-02 1.922E+02 0.000E+00
6.000E-03 9.638E-01 7.696E-02 1.143E+02 0.000E+00
8.000E-03 7.229E-01 9.292E-02 4.950E+01 0.000E+00
1.000E-02 5.513E-01 1.058E-01 2.556E+01 0.000E+00
1.500E-02 3.136E-01 1.265E-01 7.515E+00 0.000E+00
2.000E-02 2.046E-01 1.371E-01 3.100E+00 0.000E+00
3.000E-02 1.095E-01 1.464E-01 8.722E-01 0.000E+00
4.000E-02 6.859E-02 1.494E-01 3.504E-01 0.000E+00
5.000E-02 4.678E-02 1.496E-01 1.718E-01 0.000E+00
6.000E-02 3.386E-02 1.483E-01 9.564E-02 0.000E+00
8.000E-02 2.005E-02 1.439E-01 3.783E-02 0.000E+00
1.000E-01 1.324E-02 1.388E-01 1.840E-02 0.000E+00
1.500E-01 6.122E-03 1.267E-01 4.993E-03 0.000E+00
2.000E-01 3.504E-03 1.168E-01 2.002E-03 0.000E+00
3.000E-01 1.580E-03 1.021E-01 5.743E-04 0.000E+00
4.000E-01 8.934E-04 9.162E-02 2.480E-04 0.000E+00
5.000E-01 5.732E-04 8.374E-02 1.344E-04 0.000E+00
6.000E-01 3.986E-04 7.754E-02 8.401E-05 0.000E+00
8.000E-01 2.245E-04 6.814E-02 4.252E-05 0.000E+00
1.000E+00 1.438E-04 6.129E-02 2.643E-05 0.000E+00
1.022E+00 1.377E-04 6.064E-02 2.489E-05 0.000E+00
1.250E+00 9.207E-05 5.482E-02 1.688E-05 3.134E-05
1.500E+00 6.395E-05 4.982E-02 1.222E-05 1.708E-04
2.000E+00 3.598E-05 4.252E-02 7.633E-06 6.747E-04
2.044E+00 3.444E-05 4.201E-02 7.381E-06 7.272E-04
3.000E+00 1.599E-05 3.346E-02 4.223E-06 1.930E-03
4.000E+00 8.997E-06 2.790E-02 2.881E-06 3.150E-03
5.000E+00 5.758E-06 2.411E-02 2.175E-06 4.249E-03
6.000E+00 4.000E-06 2.130E-02 1.744E-06 5.244E-03
7.000E+00 2.937E-06 1.915E-02 1.453E-06 6.134E-03
8.000E+00 2.250E-06 1.743E-02 1.245E-06 6.941E-03
9.000E+00 1.777E-06 1.602E-02 1.088E-06 7.671E-03
1.000E+01 1.440E-06 1.484E-02 9.664E-07 8.338E-03
1.100E+01 1.190E-06 1.384E-02 8.691E-07 8.946E-03
1.200E+01 9.997E-07 1.298E-02 7.894E-07 9.504E-03
1.300E+01 8.519E-07 1.223E-02 7.229E-07 1.002E-02
1.400E+01 7.345E-07 1.157E-02 6.669E-07 1.051E-02
1.500E+01 6.399E-07 1.099E-02 6.187E-07 1.096E-02
1.600E+01 5.625E-07 1.046E-02 5.772E-07 1.138E-02
1.800E+01 4.444E-07 9.562E-03 5.087E-07 1.217E-02
2.000E+01 3.600E-07 8.818E-03 4.546E-07 1.286E-02
