2.260E+00 0.000E-03 0.000E-03 0.000E-03 0.000E-03
1.000E-03 1.079E+00 1.263E-02 2.210E+03 0.000E+00
1.020E-03 1.074E+00 1.307E-02 2.090E+03 0.000E+00
1.126E-03 1.048E+00 1.551E-02 1.582E+03 0.000E+00
1.243E-03 1.020E+00 1.838E-02 1.196E+03 0.000E+00
1.372E-03 9.898E-01 2.169E-02 9.034E+02 0.000E+00
1.500E-03 9.586E-01 2.507E-02 6.994E+02 0.000E+00
1.515E-03 9.549E-01 2.548E-02 6.796E+02 0.000E+00
1.672E-03 9.152E-01 2.971E-02 5.106E+02 0.000E+00
1.846E-03 8.707E-01 3.444E-02 3.821E+02 0.000E+00
2.000E-03 8.318E-01 3.862E-02 3.017E+02 0.000E+00
2.038E-03 8.223E-01 3.964E-02 2.853E+02 0.000E+00
2.250E-03 7.709E-01 4.532E-02 2.127E+02 0.000E+00
2.483E-03 7.175E-01 5.141E-02 1.585E+02 0.000E+00
2.741E-03 6.628E-01 5.789E-02 1.178E+02 0.000E+00
3.000E-03 6.127E-01 6.408E-02 8.965E+01 0.000E+00
3.026E-03 6.079E-01 6.468E-02 8.733E+01 0.000E+00
3.341E-03 5.536E-01 7.167E-02 6.464E+01 0.000E+00
3.688E-03 5.013E-01 7.873E-02 4.779E+01 0.000E+00
4.000E-03 4.602E-01 8.448E-02 3.724E+01 0.000E+00
4.071E-03 4.516E-01 8.572E-02 3.527E+01 0.000E+00
4.494E-03 4.053E-01 9.249E-02 2.599E+01 0.000E+00
4.961E-03 3.627E-01 9.898E-02 1.912E+01 0.000E+00
5.000E-03 3.595E-01 9.947E-02 1.866E+01 0.000E+00
5.477E-03 3.240E-01 1.051E-01 1.404E+01 0.000E+00
6.000E-03 2.918E-01 1.104E-01 1.054E+01 0.000E+00
6.046E-03 2.892E-01 1.108E-01 1.029E+01 0.000E+00
6.675E-03 2.581E-01 1.162E-01 7.535E+00 0.000E+00
7.368E-03 2.304E-01 1.212E-01 5.510E+00 0.000E+00
8.000E-03 2.096E-01 1.252E-01 4.241E+00 0.000E+00
8.134E-03 2.057E-01 1.260E-01 4.022E+00 0.000E+00
8.979E-03 1.836E-01 1.305E-01 2.933E+00 0.000E+00
9.912E-03 1.637E-01 1.348E-01 2.136E+00 0.000E+00
1.000E-02 1.620E-01 1.352E-01 2.076E+00 0.000E+00
1.094E-02 1.457E-01 1.390E-01 1.554E+00 0.000E+00
1.208E-02 1.292E-01 1.430E-01 1.128E+00 0.000E+00
1.334E-02 1.141E-01 1.468E-01 8.181E-01 0.000E+00
1.472E-02 1.004E-01 1.504E-01 5.939E-01 0.000E+00
1.500E-02 9.787E-02 1.510E-01 5.585E-01 0.000E+00
1.625E-02 8.770E-02 1.537E-01 4.301E-01 0.000E+00
1.794E-02 7.615E-02 1.567E-01 3.110E-01 0.000E+00
1.980E-02 6.577E-02 1.593E-01 2.250E-01 0.000E+00
2.000E-02 6.478E-02 1.595E-01 2.177E-01 0.000E+00
2.186E-02 5.647E-02 1.615E-01 1.624E-01 0.000E+00
2.413E-02 4.825E-02 1.632E-01 1.173E-01 0.000E+00
2.664E-02 4.105E-02 1.645E-01 8.456E-02 0.000E+00
2.941E-02 3.480E-02 1.653E-01 6.094E-02 0.000E+00
3.000E-02 3.365E-02 1.655E-01 5.706E-02 0.000E+00
3.247E-02 2.941E-02 1.657E-01 4.388E-02 0.000E+00
3.584E-02 2.480E-02 1.657E-01 3.161E-02 0.000E+00
3.957E-02 2.085E-02 1.653E-01 2.273E-02 0.000E+00
4.000E-02 2.045E-02 1.653E-01 2.193E-02 0.000E+00
4.368E-02 1.749E-02 1.646E-01 1.636E-02 0.000E+00
4.822E-02 1.464E-02 1.634E-01 1.176E-02 0.000E+00
5.000E-02 1.371E-02 1.630E-01 1.042E-02 0.000E+00
5.323E-02 1.223E-02 1.620E-01 8.458E-03 0.000E+00
5.876E-02 1.019E-02 1.602E-01 6.080E-03 0.000E+00
6.000E-02 9.807E-03 1.598E-01 5.671E-03 0.000E+00
6.486E-02 8.484E-03 1.582E-01 4.372E-03 0.000E+00
7.161E-02 7.045E-03 1.560E-01 3.141E-03 0.000E+00
7.905E-02 5.842E-03 1.534E-01 2.258E-03 0.000E+00
8.000E-02 5.711E-03 1.531E-01 2.169E-03 0.000E+00
8.726E-02 4.837E-03 1.507E-01 1.624E-03 0.000E+00
9.633E-02 3.998E-03 1.478E-01 1.168E-03 0.000E+00
1.000E-01 3.719E-03 1.466E-01 1.031E-03 0.000E+00
1.063E-01 3.304E-03 1.447E-01 8.420E-04 0.000E+00
1.174E-01 2.723E-03 1.414E-01 6.060E-04 0.000E+00
1.296E-01 2.245E-03 1.380E-01 4.373E-04 0.000E+00
1.431E-01 1.848E-03 1.344E-01 3.157E-04 0.000E+00
1.500E-01 1.685E-03 1.327E-01 2.706E-04 0.000E+00
1.579E-01 1.523E-03 1.308E-01 2.288E-04 0.000E+00
1.743E-01 1.253E-03 1.271E-01 1.658E-04 0.000E+00
1.925E-01 1.029E-03 1.234E-01 1.203E-04 0.000E+00
2.000E-01 9.541E-04 1.219E-01 1.063E-04 0.000E+00
2.125E-01 8.461E-04 1.196E-01 8.757E-05 0.000E+00
2.345E-01 6.959E-04 1.157E-01 6.403E-05 0.000E+00
2.589E-01 5.716E-04 1.119E-01 4.693E-05 0.000E+00
2.858E-01 4.696E-04 1.081E-01 3.456E-05 0.000E+00
3.000E-01 4.264E-04 1.062E-01 2.980E-05 0.000E+00
3.155E-01 3.857E-04 1.042E-01 2.558E-05 0.000E+00
3.483E-01 3.167E-04 1.005E-01 1.904E-05 0.000E+00
3.845E-01 2.600E-04 9.670E-02 1.425E-05 0.000E+00
4.000E-01 2.403E-04 9.521E-02 1.272E-05 0.000E+00
4.245E-01 2.134E-04 9.300E-02 1.073E-05 0.000E+00
4.686E-01 1.752E-04 8.935E-02 8.147E-06 0.000E+00
5.000E-01 1.539E-04 8.699E-02 6.839E-06 0.000E+00
5.173E-01 1.438E-04 8.576E-02 6.252E-06 0.000E+00
5.710E-01 1.181E-04 8.222E-02 4.838E-06 0.000E+00
6.000E-01 1.069E-04 8.047E-02 4.253E-06 0.000E+00
6.304E-01 9.689E-05 7.875E-02 3.733E-06 0.000E+00
6.959E-01 7.951E-05 7.536E-02 2.895E-06 0.000E+00
7.682E-01 6.525E-05 7.204E-02 2.315E-06 0.000E+00
8.000E-01 6.017E-05 7.070E-02 2.144E-06 0.000E+00
8.480E-01 5.355E-05 6.878E-02 1.950E-06 0.000E+00
9.361E-01 4.395E-05 6.560E-02 1.621E-06 0.000E+00
1.000E+00 3.852E-05 6.358E-02 1.333E-06 0.000E+00
1.022E+00 3.688E-05 6.292E-02 1.229E-06 0.000E+00
1.033E+00 3.610E-05 6.260E-02 1.185E-06 2.790E-09
1.141E+00 2.959E-05 5.959E-02 9.447E-07 2.655E-06
1.250E+00 2.465E-05 5.686E-02 8.348E-07 1.439E-05
1.259E+00 2.430E-05 5.665E-02 8.262E-07 1.584E-05
1.390E+00 1.994E-05 5.381E-02 6.983E-07 4.495E-05
1.500E+00 1.712E-05 5.169E-02 6.062E-07 7.992E-05
1.535E+00 1.635E-05 5.106E-02 5.817E-07 9.280E-05
1.694E+00 1.343E-05 4.839E-02 4.934E-07 1.601E-04
1.870E+00 1.102E-05 4.580E-02 4.235E-07 2.478E-04
2.000E+00 9.632E-06 4.410E-02 3.826E-07 3.187E-04
2.044E+00 9.220E-06 4.356E-02 3.702E-07 3.435E-04
2.065E+00 9.034E-06 4.330E-02 3.646E-07 3.555E-04
2.279E+00 7.416E-06 4.091E-02 3.151E-07 4.810E-04
2.516E+00 6.085E-06 3.859E-02 2.735E-07 6.249E-04
2.778E+00 4.992E-06 3.636E-02 2.383E-07 7.868E-04
3.000E+00 4.281E-06 3.470E-02 2.147E-07 9.246E-04
3.066E+00 4.099E-06 3.423E-02 2.085E-07 9.656E-04
3.385E+00 3.363E-06 3.219E-02 1.830E-07 1.163E-03
3.737E+00 2.759E-06 3.023E-02 1.611E-07 1.376E-03
4.000E+00 2.408E-06 2.894E-02 1.478E-07 1.532E-03
4.125E+00 2.264E-06 2.837E-02 1.422E-07 1.603E-03
4.554E+00 1.858E-06 2.659E-02 1.258E-07 1.846E-03
5.000E+00 1.541E-06 2.499E-02 1.123E-07 2.087E-03
5.027E+00 1.525E-06 2.490E-02 1.115E-07 2.101E-03
5.549E+00 1.252E-06 2.330E-02 9.908E-08 2.373E-03
6.000E+00 1.070E-06 2.209E-02 9.035E-08 2.597E-03
6.126E+00 1.027E-06 2.178E-02 8.818E-08 2.657E-03
6.762E+00 8.425E-07 2.034E-02 7.863E-08 2.951E-03
7.000E+00 7.862E-07 1.985E-02 7.556E-08 3.056E-03
7.465E+00 6.914E-07 1.898E-02 7.019E-08 3.255E-03
8.000E+00 6.022E-07 1.807E-02 6.488E-08 3.474E-03
8.241E+00 5.675E-07 1.769E-02 6.274E-08 3.569E-03
9.000E+00 4.757E-07 1.661E-02 5.686E-08 3.856E-03
9.097E+00 4.656E-07 1.648E-02 5.618E-08 3.891E-03
1.000E+01 3.853E-07 1.539E-02 5.059E-08 4.206E-03
1.004E+01 3.823E-07 1.534E-02 5.037E-08 4.219E-03
1.100E+01 3.185E-07 1.435E-02 4.553E-08 4.525E-03
1.109E+01 3.133E-07 1.427E-02 4.513E-08 4.552E-03
1.200E+01 2.676E-07 1.346E-02 4.140E-08 4.821E-03
1.224E+01 2.572E-07 1.326E-02 4.052E-08 4.888E-03
1.300E+01 2.280E-07 1.268E-02 3.796E-08 5.095E-03
1.351E+01 2.111E-07 1.232E-02 3.641E-08 5.229E-03
1.400E+01 1.966E-07 1.200E-02 3.504E-08 5.352E-03
1.491E+01 1.733E-07 1.144E-02 3.275E-08 5.570E-03
1.500E+01 1.713E-07 1.139E-02 3.254E-08 5.592E-03
1.600E+01 1.505E-07 1.084E-02 3.037E-08 5.821E-03
1.646E+01 1.422E-07 1.061E-02 2.947E-08 5.922E-03
1.800E+01 1.189E-07 9.912E-03 2.680E-08 6.236E-03
1.818E+01 1.166E-07 9.837E-03 2.652E-08 6.271E-03
2.000E+01 9.632E-08 9.140E-03 2.398E-08 6.611E-03