4.510E+00 0.000E+00 0.000E+00 0.000E+00 0.000E+00
1.000E-03 8.486E+00 5.298E-03 9.225E+03 0.000E+00
1.032E-03 8.458E+00 5.552E-03 8.639E+03 0.000E+00
1.065E-03 8.429E+00 5.817E-03 8.090E+03 0.000E+00
1.065E-03 8.429E+00 5.817E-03 8.331E+03 0.000E+00
1.069E-03 8.425E+00 5.846E-03 8.273E+03 0.000E+00
1.072E-03 8.422E+00 5.874E-03 8.216E+03 0.000E+00
1.072E-03 8.422E+00 5.874E-03 8.381E+03 0.000E+00
1.142E-03 8.358E+00 6.443E-03 7.319E+03 0.000E+00
1.217E-03 8.289E+00 7.056E-03 6.393E+03 0.000E+00
1.217E-03 8.289E+00 7.056E-03 6.548E+03 0.000E+00
1.500E-03 8.018E+00 9.427E-03 4.124E+03 0.000E+00
2.000E-03 7.512E+00 1.372E-02 2.106E+03 0.000E+00
3.000E-03 6.530E+00 2.197E-02 7.814E+02 0.000E+00
4.000E-03 5.688E+00 2.936E-02 3.779E+02 0.000E+00
4.557E-03 5.298E+00 3.302E-02 2.703E+02 0.000E+00
4.557E-03 5.298E+00 3.302E-02 5.125E+02 0.000E+00
4.702E-03 5.199E+00 3.393E-02 4.782E+02 0.000E+00
4.852E-03 5.096E+00 3.485E-02 4.462E+02 0.000E+00
4.852E-03 5.096E+00 3.485E-02 5.584E+02 0.000E+00
5.000E-03 4.993E+00 3.575E-02 5.246E+02 0.000E+00
5.012E-03 4.984E+00 3.582E-02 5.214E+02 0.000E+00
5.012E-03 4.984E+00 3.582E-02 7.457E+02 0.000E+00
5.099E-03 4.926E+00 3.634E-02 7.135E+02 0.000E+00
5.188E-03 4.871E+00 3.686E-02 6.826E+02 0.000E+00
5.188E-03 4.871E+00 3.686E-02 7.399E+02 0.000E+00
5.273E-03 4.820E+00 3.735E-02 7.105E+02 0.000E+00
5.359E-03 4.770E+00 3.784E-02 6.824E+02 0.000E+00
5.359E-03 4.770E+00 3.784E-02 7.871E+02 0.000E+00
5.534E-03 4.669E+00 3.882E-02 7.267E+02 0.000E+00
5.714E-03 4.566E+00 3.980E-02 6.710E+02 0.000E+00
5.714E-03 4.566E+00 3.980E-02 7.215E+02 0.000E+00
6.000E-03 4.409E+00 4.133E-02 6.404E+02 0.000E+00
8.000E-03 3.498E+00 5.092E-02 3.036E+02 0.000E+00
1.000E-02 2.843E+00 5.922E-02 1.682E+02 0.000E+00
1.500E-02 1.871E+00 7.519E-02 5.621E+01 0.000E+00
2.000E-02 1.336E+00 8.581E-02 2.544E+01 0.000E+00
3.000E-02 7.626E-01 9.833E-02 8.185E+00 0.000E+00
3.317E-02 6.576E-01 1.009E-01 6.163E+00 0.000E+00
3.317E-02 6.576E-01 1.009E-01 2.046E+01 0.000E+00
3.455E-02 6.189E-01 1.018E-01 1.838E+01 0.000E+00
3.598E-02 5.823E-01 1.027E-01 1.650E+01 0.000E+00
3.598E-02 5.823E-01 1.027E-01 2.958E+01 0.000E+00
4.000E-02 4.967E-01 1.049E-01 2.237E+01 0.000E+00
5.000E-02 3.530E-01 1.085E-01 1.241E+01 0.000E+00
6.000E-02 2.639E-01 1.102E-01 7.547E+00 0.000E+00
8.000E-02 1.625E-01 1.108E-01 3.404E+00 0.000E+00
1.000E-01 1.101E-01 1.093E-01 1.816E+00 0.000E+00
1.500E-01 5.357E-02 1.030E-01 5.725E-01 0.000E+00
2.000E-01 3.171E-02 9.654E-02 2.523E-01 0.000E+00
3.000E-01 1.481E-02 8.583E-02 8.117E-02 0.000E+00
4.000E-01 8.530E-03 7.772E-02 3.748E-02 0.000E+00
5.000E-01 5.537E-03 7.139E-02 2.116E-02 0.000E+00
6.000E-01 3.880E-03 6.629E-02 1.356E-02 0.000E+00
8.000E-01 2.206E-03 5.846E-02 7.033E-03 0.000E+00
1.000E+00 1.420E-03 5.266E-02 4.393E-03 0.000E+00
1.022E+00 1.360E-03 5.211E-02 4.194E-03 0.000E+00
1.250E+00 9.123E-04 4.715E-02 2.828E-03 1.937E-04
1.500E+00 6.349E-04 4.289E-02 2.024E-03 8.956E-04
2.000E+00 3.580E-04 3.663E-02 1.231E-03 3.006E-03
2.044E+00 3.428E-04 3.618E-02 1.188E-03 3.209E-03
3.000E+00 1.594E-04 2.884E-02 6.525E-04 7.552E-03
4.000E+00 8.973E-05 2.406E-02 4.320E-04 1.157E-02
5.000E+00 5.744E-05 2.079E-02 3.192E-04 1.505E-02
6.000E+00 3.989E-05 1.837E-02 2.518E-04 1.807E-02
7.000E+00 2.931E-05 1.652E-02 2.073E-04 2.074E-02
8.000E+00 2.244E-05 1.503E-02 1.759E-04 2.315E-02
9.000E+00 1.773E-05 1.382E-02 1.525E-04 2.534E-02
1.000E+01 1.436E-05 1.280E-02 1.346E-04 2.735E-02
1.100E+01 1.187E-05 1.194E-02 1.203E-04 2.921E-02
1.200E+01 9.976E-06 1.120E-02 1.088E-04 3.092E-02
1.300E+01 8.500E-06 1.055E-02 9.921E-05 3.251E-02
1.400E+01 7.329E-06 9.981E-03 9.116E-05 3.399E-02
1.500E+01 6.383E-06 9.478E-03 8.435E-05 3.536E-02
1.600E+01 5.612E-06 9.026E-03 7.846E-05 3.663E-02
1.800E+01 4.435E-06 8.247E-03 6.880E-05 3.893E-02
2.000E+01 3.592E-06 7.605E-03 6.126E-05 4.101E-02
