8.960E+00 0.000E+00 0.000E+00 0.000E+00 0.000E+00
1.000E-03 5.054E+00 5.914E-03 1.057E+04 0.000E+00
1.020E-03 5.044E+00 6.104E-03 1.001E+04 0.000E+00
1.096E-03 5.008E+00 6.838E-03 8.240E+03 0.000E+00
1.096E-03 5.008E+00 6.838E-03 9.340E+03 0.000E+00
1.126E-03 4.994E+00 7.131E-03 8.759E+03 0.000E+00
1.243E-03 4.938E+00 8.286E-03 6.916E+03 0.000E+00
1.372E-03 4.873E+00 9.574E-03 5.462E+03 0.000E+00
1.500E-03 4.806E+00 1.086E-02 4.413E+03 0.000E+00
1.515E-03 4.798E+00 1.101E-02 4.305E+03 0.000E+00
1.672E-03 4.712E+00 1.260E-02 3.364E+03 0.000E+00
1.846E-03 4.614E+00 1.436E-02 2.626E+03 0.000E+00
2.000E-03 4.525E+00 1.591E-02 2.149E+03 0.000E+00
2.038E-03 4.503E+00 1.630E-02 2.046E+03 0.000E+00
2.250E-03 4.380E+00 1.843E-02 1.580E+03 0.000E+00
2.483E-03 4.245E+00 2.077E-02 1.221E+03 0.000E+00
2.741E-03 4.095E+00 2.333E-02 9.431E+02 0.000E+00
3.000E-03 3.946E+00 2.587E-02 7.449E+02 0.000E+00
3.026E-03 3.931E+00 2.612E-02 7.278E+02 0.000E+00
3.341E-03 3.754E+00 2.916E-02 5.578E+02 0.000E+00
3.688E-03 3.564E+00 3.242E-02 4.278E+02 0.000E+00
4.000E-03 3.399E+00 3.527E-02 3.439E+02 0.000E+00
4.071E-03 3.363E+00 3.591E-02 3.278E+02 0.000E+00
4.494E-03 3.151E+00 3.963E-02 2.502E+02 0.000E+00
4.961E-03 2.932E+00 4.358E-02 1.910E+02 0.000E+00
5.000E-03 2.914E+00 4.391E-02 1.870E+02 0.000E+00
5.477E-03 2.708E+00 4.776E-02 1.454E+02 0.000E+00
6.000E-03 2.500E+00 5.181E-02 1.131E+02 0.000E+00
6.046E-03 2.483E+00 5.216E-02 1.107E+02 0.000E+00
6.675E-03 2.259E+00 5.677E-02 8.394E+01 0.000E+00
7.368E-03 2.043E+00 6.157E-02 6.370E+01 0.000E+00
8.000E-03 1.872E+00 6.569E-02 5.062E+01 0.000E+00
8.134E-03 1.838E+00 6.654E-02 4.830E+01 0.000E+00
8.979E-03 1.646E+00 7.162E-02 3.657E+01 0.000E+00
8.979E-03 1.646E+00 7.162E-02 2.766E+02 0.000E+00
8.979E-03 1.646E+00 7.162E-02 2.766E+02 0.000E+00
9.912E-03 1.465E+00 7.679E-02 2.191E+02 0.000E+00
1.000E-02 1.450E+00 7.725E-02 2.145E+02 0.000E+00
1.094E-02 1.301E+00 8.195E-02 1.713E+02 0.000E+00
1.208E-02 1.152E+00 8.704E-02 1.321E+02 0.000E+00
1.334E-02 1.019E+00 9.200E-02 1.009E+02 0.000E+00
1.472E-02 9.009E-01 9.673E-02 7.697E+01 0.000E+00
1.500E-02 8.797E-01 9.761E-02 7.308E+01 0.000E+00
1.625E-02 7.949E-01 1.012E-01 5.865E+01 0.000E+00
1.794E-02 6.998E-01 1.055E-01 4.468E+01 0.000E+00
1.980E-02 6.142E-01 1.094E-01 3.402E+01 0.000E+00
2.000E-02 6.059E-01 1.098E-01 3.308E+01 0.000E+00
2.186E-02 5.365E-01 1.132E-01 2.580E+01 0.000E+00
2.413E-02 4.664E-01 1.166E-01 1.951E+01 0.000E+00
2.664E-02 4.035E-01 1.198E-01 1.471E+01 0.000E+00
2.941E-02 3.474E-01 1.226E-01 1.107E+01 0.000E+00
3.000E-02 3.369E-01 1.231E-01 1.045E+01 0.000E+00
3.247E-02 2.976E-01 1.250E-01 8.313E+00 0.000E+00
3.584E-02 2.541E-01 1.271E-01 6.236E+00 0.000E+00
3.957E-02 2.162E-01 1.287E-01 4.666E+00 0.000E+00
4.000E-02 2.124E-01 1.289E-01 4.520E+00 0.000E+00
4.368E-02 1.837E-01 1.300E-01 3.487E+00 0.000E+00
4.822E-02 1.559E-01 1.309E-01 2.601E+00 0.000E+00
5.000E-02 1.467E-01 1.311E-01 2.335E+00 0.000E+00
5.323E-02 1.321E-01 1.313E-01 1.937E+00 0.000E+00
5.876E-02 1.118E-01 1.314E-01 1.441E+00 0.000E+00
6.000E-02 1.079E-01 1.313E-01 1.353E+00 0.000E+00
6.486E-02 9.458E-02 1.311E-01 1.071E+00 0.000E+00
7.161E-02 7.986E-02 1.305E-01 7.940E-01 0.000E+00
7.905E-02 6.733E-02 1.296E-01 5.885E-01 0.000E+00
8.000E-02 6.595E-02 1.295E-01 5.676E-01 0.000E+00
8.726E-02 5.664E-02 1.284E-01 4.359E-01 0.000E+00
9.633E-02 4.753E-02 1.269E-01 3.226E-01 0.000E+00
1.000E-01 4.446E-02 1.262E-01 2.878E-01 0.000E+00
1.063E-01 3.982E-02 1.251E-01 2.389E-01 0.000E+00
1.174E-01 3.324E-02 1.231E-01 1.764E-01 0.000E+00
1.296E-01 2.771E-02 1.208E-01 1.304E-01 0.000E+00
1.431E-01 2.306E-02 1.184E-01 9.634E-02 0.000E+00
1.500E-01 2.111E-02 1.171E-01 8.345E-02 0.000E+00
1.579E-01 1.918E-02 1.157E-01 7.137E-02 0.000E+00
1.743E-01 1.592E-02 1.129E-01 5.286E-02 0.000E+00
1.925E-01 1.319E-02 1.100E-01 3.913E-02 0.000E+00
2.000E-01 1.226E-02 1.088E-01 3.487E-02 0.000E+00
2.125E-01 1.092E-02 1.069E-01 2.907E-02 0.000E+00
2.345E-01 9.044E-03 1.038E-01 2.166E-02 0.000E+00
2.589E-01 7.475E-03 1.006E-01 1.616E-02 0.000E+00
2.858E-01 6.175E-03 9.741E-02 1.210E-02 0.000E+00
3.000E-01 5.621E-03 9.581E-02 1.051E-02 0.000E+00
3.155E-01 5.097E-03 9.414E-02 9.090E-03 0.000E+00
3.483E-01 4.204E-03 9.085E-02 6.859E-03 0.000E+00
3.845E-01 3.465E-03 8.756E-02 5.201E-03 0.000E+00
4.000E-01 3.207E-03 8.626E-02 4.664E-03 0.000E+00
4.245E-01 2.854E-03 8.430E-02 3.965E-03 0.000E+00
4.686E-01 2.350E-03 8.108E-02 3.043E-03 0.000E+00
5.000E-01 2.068E-03 7.899E-02 2.568E-03 0.000E+00
5.173E-01 1.934E-03 7.790E-02 2.353E-03 0.000E+00
5.710E-01 1.591E-03 7.475E-02 1.833E-03 0.000E+00
6.000E-01 1.442E-03 7.319E-02 1.621E-03 0.000E+00
6.304E-01 1.308E-03 7.165E-02 1.435E-03 0.000E+00
6.959E-01 1.075E-03 6.860E-02 1.131E-03 0.000E+00
7.682E-01 8.836E-04 6.562E-02 9.024E-04 0.000E+00
8.000E-01 8.152E-04 6.441E-02 8.265E-04 0.000E+00
8.480E-01 7.260E-04 6.270E-02 7.321E-04 0.000E+00
9.361E-01 5.963E-04 5.985E-02 5.963E-04 0.000E+00
1.000E+00 5.228E-04 5.797E-02 5.143E-04 0.000E+00
1.022E+00 5.007E-04 5.735E-02 4.885E-04 0.000E+00
1.033E+00 4.901E-04 5.705E-02 4.767E-04 1.825E-08
1.141E+00 4.020E-04 5.431E-02 3.892E-04 1.591E-05
1.250E+00 3.351E-04 5.187E-02 3.303E-04 8.020E-05
1.259E+00 3.303E-04 5.168E-02 3.261E-04 8.782E-05
1.390E+00 2.712E-04 4.910E-02 2.728E-04 2.343E-04
1.500E+00 2.329E-04 4.716E-02 2.380E-04 4.024E-04
1.535E+00 2.225E-04 4.658E-02 2.285E-04 4.633E-04
1.694E+00 1.828E-04 4.415E-02 1.927E-04 7.788E-04
1.870E+00 1.500E-04 4.181E-02 1.633E-04 1.186E-03
2.000E+00 1.312E-04 4.026E-02 1.464E-04 1.511E-03
2.044E+00 1.256E-04 3.976E-02 1.414E-04 1.623E-03
2.065E+00 1.230E-04 3.953E-02 1.391E-04 1.678E-03
2.279E+00 1.010E-04 3.735E-02 1.192E-04 2.241E-03
2.516E+00 8.288E-05 3.524E-02 1.025E-04 2.878E-03
2.778E+00 6.799E-05 3.320E-02 8.852E-05 3.581E-03
3.000E+00 5.830E-05 3.168E-02 7.922E-05 4.169E-03
3.066E+00 5.582E-05 3.126E-02 7.680E-05 4.343E-03
3.385E+00 4.580E-05 2.939E-02 6.683E-05 5.162E-03
3.737E+00 3.758E-05 2.761E-02 5.835E-05 6.035E-03
4.000E+00 3.280E-05 2.643E-02 5.324E-05 6.663E-03
4.125E+00 3.084E-05 2.591E-02 5.110E-05 6.954E-03
4.554E+00 2.531E-05 2.429E-02 4.487E-05 7.921E-03
5.000E+00 2.100E-05 2.283E-02 3.978E-05 8.877E-03
5.027E+00 2.078E-05 2.275E-02 3.951E-05 8.933E-03
5.549E+00 1.705E-05 2.128E-02 3.488E-05 9.992E-03
6.000E+00 1.458E-05 2.018E-02 3.165E-05 1.086E-02
6.126E+00 1.399E-05 1.989E-02 3.085E-05 1.109E-02
6.762E+00 1.148E-05 1.858E-02 2.734E-05 1.222E-02
7.000E+00 1.071E-05 1.814E-02 2.622E-05 1.262E-02
7.465E+00 9.417E-06 1.734E-02 2.428E-05 1.338E-02
8.000E+00 8.202E-06 1.651E-02 2.237E-05 1.420E-02
8.241E+00 7.730E-06 1.616E-02 2.159E-05 1.456E-02
9.000E+00 6.481E-06 1.517E-02 1.947E-05 1.564E-02
9.097E+00 6.344E-06 1.506E-02 1.923E-05 1.577E-02
1.000E+01 5.249E-06 1.405E-02 1.725E-05 1.695E-02
1.004E+01 5.207E-06 1.401E-02 1.717E-05 1.700E-02
1.100E+01 4.338E-06 1.312E-02 1.547E-05 1.813E-02
1.109E+01 4.268E-06 1.304E-02 1.532E-05 1.823E-02
1.200E+01 3.646E-06 1.230E-02 1.402E-05 1.922E-02
1.224E+01 3.504E-06 1.212E-02 1.371E-05 1.947E-02
1.300E+01 3.106E-06 1.158E-02 1.281E-05 2.023E-02
1.351E+01 2.876E-06 1.126E-02 1.227E-05 2.072E-02
1.400E+01 2.678E-06 1.096E-02 1.180E-05 2.118E-02
1.491E+01 2.361E-06 1.045E-02 1.101E-05 2.198E-02
1.500E+01 2.333E-06 1.041E-02 1.094E-05 2.205E-02
1.600E+01 2.051E-06 9.913E-03 1.019E-05 2.287E-02
1.646E+01 1.938E-06 9.702E-03 9.876E-06 2.323E-02
1.800E+01 1.621E-06 9.057E-03 8.957E-06 2.438E-02
1.818E+01 1.589E-06 8.988E-03 8.860E-06 2.450E-02
2.000E+01 1.313E-06 8.352E-03 7.992E-06 2.572E-02