3.667E+00 0.000E+00 0.000E+00 0.000E+00 0.000E+00
1.000E-03 7.422E+00 5.916E-03 7.794E+03 0.000E+00
1.035E-03 7.394E+00 6.244E-03 7.245E+03 0.000E+00
1.072E-03 7.366E+00 6.586E-03 6.736E+03 0.000E+00
1.072E-03 7.366E+00 6.586E-03 7.021E+03 0.000E+00
1.072E-03 7.366E+00 6.586E-03 7.925E+03 0.000E+00
1.072E-03 7.366E+00 6.587E-03 7.021E+03 0.000E+00
1.072E-03 7.366E+00 6.587E-03 7.924E+03 0.000E+00
1.500E-03 7.010E+00 1.065E-02 3.801E+03 0.000E+00
2.000E-03 6.555E+00 1.541E-02 1.917E+03 0.000E+00
3.000E-03 5.687E+00 2.459E-02 7.003E+02 0.000E+00
4.000E-03 4.947E+00 3.292E-02 3.351E+02 0.000E+00
4.557E-03 4.592E+00 3.712E-02 2.387E+02 0.000E+00
4.557E-03 4.592E+00 3.712E-02 6.585E+02 0.000E+00
4.702E-03 4.506E+00 3.816E-02 6.166E+02 0.000E+00
4.852E-03 4.419E+00 3.923E-02 5.774E+02 0.000E+00
4.852E-03 4.419E+00 3.923E-02 7.719E+02 0.000E+00
5.000E-03 4.335E+00 4.026E-02 7.277E+02 0.000E+00
5.188E-03 4.229E+00 4.155E-02 6.611E+02 0.000E+00
5.188E-03 4.229E+00 4.155E-02 7.604E+02 0.000E+00
6.000E-03 3.816E+00 4.679E-02 5.297E+02 0.000E+00
8.000E-03 3.009E+00 5.799E-02 2.489E+02 0.000E+00
1.000E-02 2.437E+00 6.731E-02 1.375E+02 0.000E+00
1.500E-02 1.598E+00 8.410E-02 4.570E+01 0.000E+00
2.000E-02 1.136E+00 9.463E-02 2.062E+01 0.000E+00
3.000E-02 6.443E-01 1.067E-01 6.607E+00 0.000E+00
3.317E-02 5.556E-01 1.090E-01 4.972E+00 0.000E+00
3.317E-02 5.556E-01 1.090E-01 2.976E+01 0.000E+00
4.000E-02 4.196E-01 1.127E-01 1.824E+01 0.000E+00
5.000E-02 2.978E-01 1.157E-01 1.006E+01 0.000E+00
6.000E-02 2.221E-01 1.169E-01 6.111E+00 0.000E+00
8.000E-02 1.365E-01 1.165E-01 2.746E+00 0.000E+00
1.000E-01 9.243E-02 1.144E-01 1.462E+00 0.000E+00
1.500E-01 4.491E-02 1.071E-01 4.592E-01 0.000E+00
2.000E-01 2.654E-02 1.000E-01 2.019E-01 0.000E+00
3.000E-01 1.238E-02 8.860E-02 6.481E-02 0.000E+00
4.000E-01 7.126E-03 8.009E-02 2.987E-02 0.000E+00
5.000E-01 4.622E-03 7.351E-02 1.684E-02 0.000E+00
6.000E-01 3.238E-03 6.822E-02 1.079E-02 0.000E+00
8.000E-01 1.840E-03 6.012E-02 5.588E-03 0.000E+00
1.000E+00 1.184E-03 5.413E-02 3.491E-03 0.000E+00
1.022E+00 1.134E-03 5.355E-02 3.323E-03 0.000E+00
1.250E+00 7.607E-04 4.846E-02 2.240E-03 1.634E-04
1.500E+00 5.293E-04 4.407E-02 1.604E-03 7.594E-04
2.000E+00 2.985E-04 3.764E-02 9.761E-04 2.575E-03
2.044E+00 2.858E-04 3.717E-02 9.415E-04 2.751E-03
3.000E+00 1.329E-04 2.963E-02 5.178E-04 6.528E-03
4.000E+00 7.480E-05 2.472E-02 3.428E-04 1.005E-02
5.000E+00 4.787E-05 2.135E-02 2.535E-04 1.311E-02
6.000E+00 3.325E-05 1.887E-02 2.000E-04 1.576E-02
7.000E+00 2.443E-05 1.697E-02 1.647E-04 1.812E-02
8.000E+00 1.871E-05 1.544E-02 1.398E-04 2.026E-02
9.000E+00 1.478E-05 1.420E-02 1.212E-04 2.219E-02
1.000E+01 1.197E-05 1.315E-02 1.069E-04 2.396E-02
1.100E+01 9.896E-06 1.227E-02 9.565E-05 2.560E-02
1.200E+01 8.315E-06 1.150E-02 8.648E-05 2.710E-02
1.300E+01 7.085E-06 1.084E-02 7.888E-05 2.851E-02
1.400E+01 6.111E-06 1.025E-02 7.249E-05 2.981E-02
1.500E+01 5.321E-06 9.737E-03 6.706E-05 3.101E-02
1.600E+01 4.677E-06 9.271E-03 6.240E-05 3.212E-02
1.800E+01 3.696E-06 8.471E-03 5.472E-05 3.417E-02
2.000E+01 2.994E-06 7.811E-03 4.873E-05 3.599E-02
