1.135E+01 0.000E+00 0.000E+00 0.000E+00 0.000E+00
1.000E-03 1.251E+01 3.587E-03 5.197E+03 0.000E+00
1.500E-03 1.201E+01 6.601E-03 2.344E+03 0.000E+00
2.000E-03 1.144E+01 9.620E-03 1.274E+03 0.000E+00
2.484E-03 1.088E+01 1.240E-02 7.900E+02 0.000E+00
2.484E-03 1.088E+01 1.240E-02 1.385E+03 0.000E+00
2.534E-03 1.082E+01 1.268E-02 1.636E+03 0.000E+00
2.586E-03 1.076E+01 1.297E-02 1.933E+03 0.000E+00
2.586E-03 1.076E+01 1.297E-02 2.439E+03 0.000E+00
3.000E-03 1.027E+01 1.525E-02 1.955E+03 0.000E+00
3.066E-03 1.019E+01 1.560E-02 1.847E+03 0.000E+00
3.066E-03 1.019E+01 1.560E-02 2.136E+03 0.000E+00
3.301E-03 9.929E+00 1.684E-02 1.782E+03 0.000E+00
3.554E-03 9.652E+00 1.813E-02 1.486E+03 0.000E+00
3.554E-03 9.652E+00 1.813E-02 1.575E+03 0.000E+00
3.699E-03 9.496E+00 1.887E-02 1.432E+03 0.000E+00
3.851E-03 9.335E+00 1.963E-02 1.302E+03 0.000E+00
3.851E-03 9.335E+00 1.963E-02 1.358E+03 0.000E+00
4.000E-03 9.179E+00 2.037E-02 1.242E+03 0.000E+00
5.000E-03 8.208E+00 2.516E-02 7.222E+02 0.000E+00
6.000E-03 7.362E+00 2.970E-02 4.598E+02 0.000E+00
8.000E-03 6.002E+00 3.807E-02 2.226E+02 0.000E+00
1.000E-02 4.982E+00 4.540E-02 1.256E+02 0.000E+00
1.304E-02 3.851E+00 5.435E-02 6.310E+01 0.000E+00
1.304E-02 3.851E+00 5.435E-02 1.582E+02 0.000E+00
1.500E-02 3.308E+00 5.920E-02 1.082E+02 0.000E+00
1.520E-02 3.258E+00 5.964E-02 1.045E+02 0.000E+00
1.520E-02 3.258E+00 5.964E-02 1.452E+02 0.000E+00
1.553E-02 3.180E+00 6.037E-02 1.380E+02 0.000E+00
1.586E-02 3.104E+00 6.112E-02 1.312E+02 0.000E+00
1.586E-02 3.104E+00 6.112E-02 1.517E+02 0.000E+00
2.000E-02 2.338E+00 6.897E-02 8.397E+01 0.000E+00
3.000E-02 1.377E+00 8.228E-02 2.886E+01 0.000E+00
4.000E-02 9.202E-01 9.019E-02 1.335E+01 0.000E+00
5.000E-02 6.545E-01 9.478E-02 7.292E+00 0.000E+00
6.000E-02 4.900E-01 9.734E-02 4.432E+00 0.000E+00
8.000E-02 3.078E-01 9.923E-02 2.012E+00 0.000E+00
8.800E-02 2.632E-01 9.928E-02 1.547E+00 0.000E+00
8.800E-02 2.632E-01 9.928E-02 7.321E+00 0.000E+00
1.000E-01 2.128E-01 9.894E-02 5.237E+00 0.000E+00
1.500E-01 1.049E-01 9.484E-02 1.815E+00 0.000E+00
2.000E-01 6.260E-02 8.966E-02 8.464E-01 0.000E+00
3.000E-01 2.988E-02 8.036E-02 2.930E-01 0.000E+00
4.000E-01 1.746E-02 7.310E-02 1.417E-01 0.000E+00
5.000E-01 1.143E-02 6.734E-02 8.257E-02 0.000E+00
6.000E-01 8.060E-03 6.263E-02 5.406E-02 0.000E+00
8.000E-01 4.621E-03 5.537E-02 2.871E-02 0.000E+00
1.000E+00 2.991E-03 4.993E-02 1.810E-02 0.000E+00
1.022E+00 2.865E-03 4.944E-02 1.732E-02 0.000E+00
1.250E+00 1.930E-03 4.476E-02 1.168E-02 3.781E-04
1.500E+00 1.347E-03 4.075E-02 8.321E-03 1.806E-03
2.000E+00 7.626E-04 3.482E-02 5.034E-03 5.450E-03
2.044E+00 7.304E-04 3.441E-02 4.854E-03 5.769E-03
3.000E+00 3.406E-04 2.744E-02 2.631E-03 1.193E-02
4.000E+00 1.919E-04 2.290E-02 1.723E-03 1.716E-02
5.000E+00 1.229E-04 1.978E-02 1.263E-03 2.156E-02
6.000E+00 8.542E-05 1.749E-02 9.894E-04 2.535E-02
7.000E+00 6.278E-05 1.572E-02 8.103E-04 2.869E-02
8.000E+00 4.807E-05 1.431E-02 6.845E-04 3.171E-02
9.000E+00 3.799E-05 1.315E-02 5.915E-04 3.445E-02
1.000E+01 3.078E-05 1.219E-02 5.203E-04 3.698E-02
1.100E+01 2.543E-05 1.137E-02 4.642E-04 3.931E-02
1.200E+01 2.137E-05 1.066E-02 4.185E-04 4.150E-02
1.300E+01 1.821E-05 1.004E-02 3.810E-04 4.353E-02
1.400E+01 1.570E-05 9.504E-03 3.496E-04 4.545E-02
1.500E+01 1.368E-05 9.022E-03 3.229E-04 4.722E-02
1.600E+01 1.202E-05 8.591E-03 2.999E-04 4.887E-02
1.800E+01 9.501E-06 7.853E-03 2.625E-04 5.189E-02
2.000E+01 7.696E-06 7.243E-03 2.334E-04 5.457E-02
