1.00E-03 0.000E+00
2.00E-03 9.674E-45
3.00E-03 5.979E-34
4.00E-03 2.640E-23
5.00E-03 7.230E-12
6.00E-03 4.842E-06
7.00E-03 1.041E-02
8.00E-03 1.190E+00
9.00E-03 2.326E+01
1.00E-02 1.265E+02
1.10E-02 4.022E+02
1.20E-02 9.532E+02
1.30E-02 1.833E+03
1.40E-02 3.087E+03
1.50E-02 4.557E+03
1.60E-02 6.046E+03
1.70E-02 7.359E+03
1.80E-02 8.469E+03
1.90E-02 9.226E+03
2.00E-02 9.755E+03
2.10E-02 9.944E+03
2.20E-02 9.836E+03
2.30E-02 9.350E+03
2.40E-02 8.614E+03
2.50E-02 7.788E+03
2.60E-02 7.383E+02
2.70E-02 7.076E+02
2.80E-02 5.987E+02
2.90E-02 3.991E+02
3.00E-02 0.000E+00
3.10E-02 0.000E+00