1.00E-01 9.47E-03 
2.00E-01 2.24E-02 
3.00E-01 2.37E-02 
4.00E-01 2.72E-02 
5.00E-01 3.07E-02 
6.00E-01 3.32E-02 
7.00E-01 3.45E-02 
8.00E-01 3.59E-02 
9.00E-01 3.63E-02 
1.00E+00 3.66E-02 
1.10E+00 3.61E-02 
1.20E+00 3.56E-02 
1.30E+00 3.48E-02 
1.40E+00 3.38E-02 
1.50E+00 3.27E-02 
1.60E+00 3.11E-02 
1.70E+00 2.96E-02 
1.80E+00 2.80E-02 
1.90E+00 2.65E-02 
2.00E+00 2.49E-02 
2.10E+00 2.37E-02 
2.20E+00 2.24E-02 
2.30E+00 2.12E-02 
2.40E+00 1.99E-02 
2.50E+00 1.87E-02 
2.60E+00 1.74E-02 
2.70E+00 1.62E-02 
2.80E+00 1.50E-02 
2.90E+00 1.37E-02 
3.00E+00 1.25E-02 
3.10E+00 1.20E-02 
3.20E+00 1.15E-02 
3.30E+00 1.10E-02 
3.40E+00 1.05E-02 
3.50E+00 9.97E-03 
3.60E+00 9.47E-03 
3.70E+00 8.97E-03 
3.80E+00 8.48E-03 
3.90E+00 7.98E-03 
4.00E+00 7.48E-03 
4.10E+00 7.23E-03 
4.20E+00 6.98E-03 
4.30E+00 6.73E-03 
4.40E+00 6.48E-03 
4.50E+00 6.23E-03 
4.60E+00 5.98E-03 
4.70E+00 5.73E-03 
4.80E+00 5.48E-03 
4.90E+00 5.23E-03 
5.00E+00 4.99E-03 
5.10E+00 4.64E-03 
5.20E+00 4.29E-03 
5.30E+00 3.94E-03 
5.40E+00 3.59E-03 
5.50E+00 3.24E-03 
5.60E+00 2.89E-03 
5.70E+00 2.54E-03 
5.80E+00 2.19E-03 
5.90E+00 1.84E-03 
6.00E+00 1.50E-03 
6.10E+00 1.48E-03 
6.20E+00 1.47E-03 
6.30E+00 1.46E-03 
6.40E+00 1.45E-03 
6.50E+00 1.43E-03 
6.60E+00 1.42E-03 
6.70E+00 1.41E-03 
6.80E+00 1.40E-03 
6.90E+00 1.38E-03 
7.00E+00 1.37E-03 
7.10E+00 1.36E-03 
7.20E+00 1.35E-03 
7.30E+00 1.33E-03 
7.40E+00 1.32E-03 
7.50E+00 1.31E-03 
7.60E+00 1.30E-03 
7.70E+00 1.28E-03 
7.80E+00 1.27E-03 
7.90E+00 1.26E-03 
8.00E+00 1.25E-03 
