# 1,2-DICHLOROBENZENE from NIST Database
1.305e+00 2.075e+01
1.000e-02 3.461e-04
1.250e-02 5.074e-04
1.500e-02 6.946e-04
1.750e-02 9.065e-04
2.000e-02 1.142e-03
2.500e-02 1.682e-03
3.000e-02 2.308e-03
3.500e-02 3.016e-03
4.000e-02 3.802e-03
4.500e-02 4.661e-03
5.000e-02 5.592e-03
5.500e-02 6.590e-03
6.000e-02 7.653e-03
7.000e-02 9.964e-03
8.000e-02 1.251e-02
9.000e-02 1.526e-02
1.000e-01 1.822e-02
1.250e-01 2.642e-02
1.500e-01 3.561e-02
1.750e-01 4.566e-02
2.000e-01 5.646e-02
2.500e-01 7.991e-02
3.000e-01 1.054e-01
3.500e-01 1.323e-01
4.000e-01 1.606e-01
4.500e-01 1.897e-01
5.000e-01 2.197e-01
5.500e-01 2.502e-01
6.000e-01 2.812e-01
7.000e-01 3.444e-01
8.000e-01 4.086e-01
9.000e-01 4.734e-01
1.000e+00 5.386e-01
1.250e+00 7.022e-01
1.500e+00 8.652e-01
1.750e+00 1.027e+00
2.000e+00 1.188e+00
2.500e+00 1.503e+00
3.000e+00 1.812e+00
3.500e+00 2.115e+00
4.000e+00 2.412e+00
4.500e+00 2.704e+00
5.000e+00 2.991e+00
5.500e+00 3.273e+00
6.000e+00 3.551e+00
7.000e+00 4.095e+00
8.000e+00 4.624e+00
9.000e+00 5.139e+00
1.000e+01 5.642e+00
1.250e+01 6.849e+00
1.500e+01 7.992e+00
1.750e+01 9.078e+00
2.000e+01 1.011e+01
