# 1,2-DICHLOROETHANE from NIST Database
1.235e+00 1.861e+01
1.000e-02 3.039e-04
1.250e-02 4.485e-04
1.500e-02 6.168e-04
1.750e-02 8.081e-04
2.000e-02 1.021e-03
2.500e-02 1.511e-03
3.000e-02 2.081e-03
3.500e-02 2.727e-03
4.000e-02 3.444e-03
4.500e-02 4.231e-03
5.000e-02 5.083e-03
5.500e-02 5.999e-03
6.000e-02 6.975e-03
7.000e-02 9.100e-03
8.000e-02 1.144e-02
9.000e-02 1.398e-02
1.000e-01 1.671e-02
1.250e-01 2.428e-02
1.500e-01 3.278e-02
1.750e-01 4.209e-02
2.000e-01 5.209e-02
2.500e-01 7.383e-02
3.000e-01 9.743e-02
3.500e-01 1.225e-01
4.000e-01 1.487e-01
4.500e-01 1.758e-01
5.000e-01 2.036e-01
5.500e-01 2.321e-01
6.000e-01 2.610e-01
7.000e-01 3.201e-01
8.000e-01 3.802e-01
9.000e-01 4.410e-01
1.000e+00 5.022e-01
1.250e+00 6.563e-01
1.500e+00 8.106e-01
1.750e+00 9.642e-01
2.000e+00 1.117e+00
2.500e+00 1.418e+00
3.000e+00 1.714e+00
3.500e+00 2.005e+00
4.000e+00 2.291e+00
4.500e+00 2.573e+00
5.000e+00 2.850e+00
5.500e+00 3.122e+00
6.000e+00 3.391e+00
7.000e+00 3.918e+00
8.000e+00 4.431e+00
9.000e+00 4.931e+00
1.000e+01 5.420e+00
1.250e+01 6.595e+00
1.500e+01 7.712e+00
1.750e+01 8.776e+00
2.000e+01 9.793e+00
