# A-150 TISSUE-EQUIVALENT PLASTIC from NIST Database
1.127e+00 3.714e+01
1.000e-02 2.463e-04
1.250e-02 3.657e-04
1.500e-02 5.055e-04
1.750e-02 6.646e-04
2.000e-02 8.426e-04
2.500e-02 1.253e-03
3.000e-02 1.731e-03
3.500e-02 2.275e-03
4.000e-02 2.880e-03
4.500e-02 3.545e-03
5.000e-02 4.267e-03
5.500e-02 5.043e-03
6.000e-02 5.871e-03
7.000e-02 7.677e-03
8.000e-02 9.669e-03
9.000e-02 1.184e-02
1.000e-01 1.417e-02
1.250e-01 2.064e-02
1.500e-01 2.793e-02
1.750e-01 3.592e-02
2.000e-01 4.452e-02
2.500e-01 6.325e-02
3.000e-01 8.362e-02
3.500e-01 1.053e-01
4.000e-01 1.280e-01
4.500e-01 1.515e-01
5.000e-01 1.757e-01
5.500e-01 2.005e-01
6.000e-01 2.258e-01
7.000e-01 2.774e-01
8.000e-01 3.300e-01
9.000e-01 3.835e-01
1.000e+00 4.375e-01
1.250e+00 5.739e-01
1.500e+00 7.111e-01
1.750e+00 8.485e-01
2.000e+00 9.856e-01
2.500e+00 1.258e+00
3.000e+00 1.528e+00
3.500e+00 1.795e+00
4.000e+00 2.059e+00
4.500e+00 2.320e+00
5.000e+00 2.579e+00
5.500e+00 2.836e+00
6.000e+00 3.090e+00
7.000e+00 3.591e+00
8.000e+00 4.084e+00
9.000e+00 4.570e+00
1.000e+01 5.048e+00
1.250e+01 6.217e+00
1.500e+01 7.348e+00
1.750e+01 8.446e+00
2.000e+01 9.515e+00
