# ACTINIUM from NIST Database
1.007e+01 6.016e-01
1.000e-02 8.465e-04
1.250e-02 1.170e-03
1.500e-02 1.535e-03
1.750e-02 1.941e-03
2.000e-02 2.385e-03
2.500e-02 3.385e-03
3.000e-02 4.523e-03
3.500e-02 5.791e-03
4.000e-02 7.182e-03
4.500e-02 8.690e-03
5.000e-02 1.031e-02
5.500e-02 1.203e-02
6.000e-02 1.385e-02
7.000e-02 1.778e-02
8.000e-02 2.206e-02
9.000e-02 2.666e-02
1.000e-01 3.155e-02
1.250e-01 4.496e-02
1.500e-01 5.979e-02
1.750e-01 7.582e-02
2.000e-01 9.286e-02
2.500e-01 1.294e-01
3.000e-01 1.684e-01
3.500e-01 2.093e-01
4.000e-01 2.515e-01
4.500e-01 2.947e-01
5.000e-01 3.386e-01
5.500e-01 3.830e-01
6.000e-01 4.277e-01
7.000e-01 5.176e-01
8.000e-01 6.077e-01
9.000e-01 6.975e-01
1.000e+00 7.867e-01
1.250e+00 1.006e+00
1.500e+00 1.219e+00
1.750e+00 1.426e+00
2.000e+00 1.626e+00
2.500e+00 2.009e+00
3.000e+00 2.370e+00
3.500e+00 2.712e+00
4.000e+00 3.036e+00
4.500e+00 3.346e+00
5.000e+00 3.641e+00
5.500e+00 3.924e+00
6.000e+00 4.196e+00
7.000e+00 4.707e+00
8.000e+00 5.183e+00
9.000e+00 5.628e+00
1.000e+01 6.045e+00
1.250e+01 6.986e+00
1.500e+01 7.813e+00
1.750e+01 8.548e+00
2.000e+01 9.210e+00
