# ACETONE from NIST Database
7.899e-01 5.225e+01
1.000e-02 2.447e-04
1.250e-02 3.634e-04
1.500e-02 5.023e-04
1.750e-02 6.605e-04
2.000e-02 8.374e-04
2.500e-02 1.245e-03
3.000e-02 1.721e-03
3.500e-02 2.261e-03
4.000e-02 2.864e-03
4.500e-02 3.525e-03
5.000e-02 4.242e-03
5.500e-02 5.014e-03
6.000e-02 5.837e-03
7.000e-02 7.633e-03
8.000e-02 9.615e-03
9.000e-02 1.177e-02
1.000e-01 1.409e-02
1.250e-01 2.052e-02
1.500e-01 2.777e-02
1.750e-01 3.572e-02
2.000e-01 4.428e-02
2.500e-01 6.291e-02
3.000e-01 8.318e-02
3.500e-01 1.047e-01
4.000e-01 1.273e-01
4.500e-01 1.506e-01
5.000e-01 1.746e-01
5.500e-01 1.992e-01
6.000e-01 2.241e-01
7.000e-01 2.751e-01
8.000e-01 3.271e-01
9.000e-01 3.799e-01
1.000e+00 4.332e-01
1.250e+00 5.676e-01
1.500e+00 7.028e-01
1.750e+00 8.381e-01
2.000e+00 9.731e-01
2.500e+00 1.241e+00
3.000e+00 1.507e+00
3.500e+00 1.770e+00
4.000e+00 2.030e+00
4.500e+00 2.288e+00
5.000e+00 2.542e+00
5.500e+00 2.795e+00
6.000e+00 3.045e+00
7.000e+00 3.539e+00
8.000e+00 4.025e+00
9.000e+00 4.503e+00
1.000e+01 4.975e+00
1.250e+01 6.125e+00
1.500e+01 7.239e+00
1.750e+01 8.321e+00
2.000e+01 9.372e+00
