# ACETYLENE from NIST Database
1.097e-03 3.993e+04
1.000e-02 2.455e-04
1.250e-02 3.649e-04
1.500e-02 5.047e-04
1.750e-02 6.641e-04
2.000e-02 8.424e-04
2.500e-02 1.253e-03
3.000e-02 1.733e-03
3.500e-02 2.279e-03
4.000e-02 2.887e-03
4.500e-02 3.554e-03
5.000e-02 4.279e-03
5.500e-02 5.058e-03
6.000e-02 5.890e-03
7.000e-02 7.705e-03
8.000e-02 9.709e-03
9.000e-02 1.189e-02
1.000e-01 1.423e-02
1.250e-01 2.074e-02
1.500e-01 2.808e-02
1.750e-01 3.612e-02
2.000e-01 4.478e-02
2.500e-01 6.365e-02
3.000e-01 8.418e-02
3.500e-01 1.060e-01
4.000e-01 1.289e-01
4.500e-01 1.525e-01
5.000e-01 1.769e-01
5.500e-01 2.017e-01
6.000e-01 2.270e-01
7.000e-01 2.785e-01
8.000e-01 3.309e-01
9.000e-01 3.838e-01
1.000e+00 4.372e-01
1.250e+00 5.711e-01
1.500e+00 7.049e-01
1.750e+00 8.380e-01
2.000e+00 9.700e-01
2.500e+00 1.230e+00
3.000e+00 1.486e+00
3.500e+00 1.737e+00
4.000e+00 1.984e+00
4.500e+00 2.227e+00
5.000e+00 2.467e+00
5.500e+00 2.703e+00
6.000e+00 2.936e+00
7.000e+00 3.394e+00
8.000e+00 3.842e+00
9.000e+00 4.281e+00
1.000e+01 4.712e+00
1.250e+01 5.757e+00
1.500e+01 6.763e+00
1.750e+01 7.735e+00
2.000e+01 8.677e+00
