# ADENINE from NIST Database
1.350e+00 3.006e+01
1.000e-02 2.665e-04
1.250e-02 3.953e-04
1.500e-02 5.459e-04
1.750e-02 7.174e-04
2.000e-02 9.091e-04
2.500e-02 1.350e-03
3.000e-02 1.865e-03
3.500e-02 2.450e-03
4.000e-02 3.101e-03
4.500e-02 3.816e-03
5.000e-02 4.591e-03
5.500e-02 5.425e-03
6.000e-02 6.315e-03
7.000e-02 8.254e-03
8.000e-02 1.039e-02
9.000e-02 1.272e-02
1.000e-01 1.522e-02
1.250e-01 2.216e-02
1.500e-01 2.998e-02
1.750e-01 3.855e-02
2.000e-01 4.777e-02
2.500e-01 6.784e-02
3.000e-01 8.967e-02
3.500e-01 1.129e-01
4.000e-01 1.372e-01
4.500e-01 1.624e-01
5.000e-01 1.883e-01
5.500e-01 2.149e-01
6.000e-01 2.419e-01
7.000e-01 2.971e-01
8.000e-01 3.535e-01
9.000e-01 4.108e-01
1.000e+00 4.685e-01
1.250e+00 6.144e-01
1.500e+00 7.611e-01
1.750e+00 9.079e-01
2.000e+00 1.054e+00
2.500e+00 1.345e+00
3.000e+00 1.633e+00
3.500e+00 1.918e+00
4.000e+00 2.199e+00
4.500e+00 2.477e+00
5.000e+00 2.753e+00
5.500e+00 3.025e+00
6.000e+00 3.295e+00
7.000e+00 3.828e+00
8.000e+00 4.351e+00
9.000e+00 4.866e+00
1.000e+01 5.372e+00
1.250e+01 6.607e+00
1.500e+01 7.800e+00
1.750e+01 8.956e+00
2.000e+01 1.008e+01
