# ADIPOSE TISSUE (ICRP) from NIST Database
9.200e-01 4.536e+01
1.000e-02 2.406e-04
1.250e-02 3.573e-04
1.500e-02 4.940e-04
1.750e-02 6.496e-04
2.000e-02 8.237e-04
2.500e-02 1.225e-03
3.000e-02 1.693e-03
3.500e-02 2.225e-03
4.000e-02 2.818e-03
4.500e-02 3.468e-03
5.000e-02 4.175e-03
5.500e-02 4.934e-03
6.000e-02 5.745e-03
7.000e-02 7.513e-03
8.000e-02 9.464e-03
9.000e-02 1.159e-02
1.000e-01 1.387e-02
1.250e-01 2.020e-02
1.500e-01 2.734e-02
1.750e-01 3.517e-02
2.000e-01 4.359e-02
2.500e-01 6.194e-02
3.000e-01 8.190e-02
3.500e-01 1.031e-01
4.000e-01 1.253e-01
4.500e-01 1.483e-01
5.000e-01 1.720e-01
5.500e-01 1.962e-01
6.000e-01 2.209e-01
7.000e-01 2.712e-01
8.000e-01 3.227e-01
9.000e-01 3.748e-01
1.000e+00 4.275e-01
1.250e+00 5.605e-01
1.500e+00 6.944e-01
1.750e+00 8.284e-01
2.000e+00 9.621e-01
2.500e+00 1.228e+00
3.000e+00 1.491e+00
3.500e+00 1.752e+00
4.000e+00 2.010e+00
4.500e+00 2.265e+00
5.000e+00 2.518e+00
5.500e+00 2.769e+00
6.000e+00 3.017e+00
7.000e+00 3.507e+00
8.000e+00 3.990e+00
9.000e+00 4.465e+00
1.000e+01 4.933e+00
1.250e+01 6.076e+00
1.500e+01 7.183e+00
1.750e+01 8.259e+00
2.000e+01 9.305e+00
