# SILVER from NIST Database
1.050e+01 8.543e-01
1.000e-02 5.577e-04
1.250e-02 7.976e-04
1.500e-02 1.072e-03
1.750e-02 1.380e-03
2.000e-02 1.720e-03
2.500e-02 2.490e-03
3.000e-02 3.375e-03
3.500e-02 4.368e-03
4.000e-02 5.463e-03
4.500e-02 6.655e-03
5.000e-02 7.939e-03
5.500e-02 9.312e-03
6.000e-02 1.077e-02
7.000e-02 1.392e-02
8.000e-02 1.737e-02
9.000e-02 2.110e-02
1.000e-01 2.509e-02
1.250e-01 3.607e-02
1.500e-01 4.832e-02
1.750e-01 6.165e-02
2.000e-01 7.591e-02
2.500e-01 1.067e-01
3.000e-01 1.400e-01
3.500e-01 1.750e-01
4.000e-01 2.115e-01
4.500e-01 2.491e-01
5.000e-01 2.875e-01
5.500e-01 3.266e-01
6.000e-01 3.661e-01
7.000e-01 4.462e-01
8.000e-01 5.271e-01
9.000e-01 6.084e-01
1.000e+00 6.896e-01
1.250e+00 8.915e-01
1.500e+00 1.090e+00
1.750e+00 1.286e+00
2.000e+00 1.477e+00
2.500e+00 1.848e+00
3.000e+00 2.203e+00
3.500e+00 2.545e+00
4.000e+00 2.874e+00
4.500e+00 3.192e+00
5.000e+00 3.499e+00
5.500e+00 3.795e+00
6.000e+00 4.083e+00
7.000e+00 4.633e+00
8.000e+00 5.152e+00
9.000e+00 5.645e+00
1.000e+01 6.113e+00
1.250e+01 7.193e+00
1.500e+01 8.164e+00
1.750e+01 9.046e+00
2.000e+01 9.854e+00
