# AIR, DRY (NEAR SEA LEVEL) from NIST Database
1.205e-03 3.039e+04
1.000e-02 2.884e-04
1.250e-02 4.269e-04
1.500e-02 5.886e-04
1.750e-02 7.727e-04
2.000e-02 9.782e-04
2.500e-02 1.451e-03
3.000e-02 2.002e-03
3.500e-02 2.627e-03
4.000e-02 3.322e-03
4.500e-02 4.085e-03
5.000e-02 4.913e-03
5.500e-02 5.802e-03
6.000e-02 6.751e-03
7.000e-02 8.817e-03
8.000e-02 1.110e-02
9.000e-02 1.357e-02
1.000e-01 1.623e-02
1.250e-01 2.362e-02
1.500e-01 3.193e-02
1.750e-01 4.103e-02
2.000e-01 5.082e-02
2.500e-01 7.213e-02
3.000e-01 9.528e-02
3.500e-01 1.199e-01
4.000e-01 1.456e-01
4.500e-01 1.722e-01
5.000e-01 1.995e-01
5.500e-01 2.274e-01
6.000e-01 2.558e-01
7.000e-01 3.136e-01
8.000e-01 3.723e-01
9.000e-01 4.316e-01
1.000e+00 4.912e-01
1.250e+00 6.408e-01
1.500e+00 7.901e-01
1.750e+00 9.383e-01
2.000e+00 1.085e+00
2.500e+00 1.374e+00
3.000e+00 1.658e+00
3.500e+00 1.935e+00
4.000e+00 2.208e+00
4.500e+00 2.476e+00
5.000e+00 2.740e+00
5.500e+00 2.999e+00
6.000e+00 3.255e+00
7.000e+00 3.757e+00
8.000e+00 4.246e+00
9.000e+00 4.724e+00
1.000e+01 5.192e+00
1.250e+01 6.323e+00
1.500e+01 7.405e+00
1.750e+01 8.445e+00
2.000e+01 9.447e+00
