2.699E+00 8.897E+00
1.000E-02 3.539E-04 
1.250E-02 5.192E-04 
1.500E-02 7.111E-04 
1.750E-02 9.284E-04 
2.000E-02 1.170E-03 
2.500E-02 1.724E-03 
3.000E-02 2.367E-03 
3.500E-02 3.094E-03 
4.000E-02 3.900E-03 
4.500E-02 4.783E-03 
5.000E-02 5.738E-03 
5.500E-02 6.763E-03 
6.000E-02 7.855E-03 
7.000E-02 1.023E-02 
8.000E-02 1.284E-02 
9.000E-02 1.568E-02 
1.000E-01 1.872E-02 
1.250E-01 2.714E-02 
1.500E-01 3.659E-02 
1.750E-01 4.693E-02 
2.000E-01 5.804E-02 
2.500E-01 8.217E-02 
3.000E-01 1.083E-01 
3.500E-01 1.361E-01 
4.000E-01 1.652E-01 
4.500E-01 1.952E-01 
5.000E-01 2.260E-01 
5.500E-01 2.575E-01 
6.000E-01 2.894E-01 
7.000E-01 3.545E-01 
8.000E-01 4.206E-01 
9.000E-01 4.874E-01 
1.000E+00 5.546E-01 
1.250E+00 7.231E-01 
1.500E+00 8.913E-01 
1.750E+00 1.058E+00 
2.000E+00 1.224E+00 
2.500E+00 1.550E+00 
3.000E+00 1.869E+00 
3.500E+00 2.183E+00 
4.000E+00 2.491E+00 
4.500E+00 2.794E+00 
5.000E+00 3.092E+00 
5.500E+00 3.386E+00 
6.000E+00 3.675E+00 
7.000E+00 4.242E+00 
8.000E+00 4.795E+00 
9.000E+00 5.334E+00 
1.000E+01 5.861E+00 
1.250E+01 7.127E+00 
1.500E+01 8.328E+00 
1.750E+01 9.472E+00 
2.000E+01 1.056E+01 
2.500E+01 1.261E+01 
3.000E+01 1.450E+01 
3.500E+01 1.626E+01 
4.000E+01 1.790E+01 
4.500E+01 1.944E+01 
5.000E+01 2.089E+01 
5.500E+01 2.226E+01 
6.000E+01 2.356E+01 
7.000E+01 2.597E+01 
8.000E+01 2.817E+01 
9.000E+01 3.019E+01 
1.000E+02 3.205E+01 
1.250E+02 3.619E+01 
1.500E+02 3.972E+01 
1.750E+02 4.282E+01 
2.000E+02 4.557E+01