# ALANINE from NIST Database
1.420e+00 2.777e+01
1.000e-02 2.566e-04
1.250e-02 3.807e-04
1.500e-02 5.256e-04
1.750e-02 6.908e-04
2.000e-02 8.753e-04
2.500e-02 1.300e-03
3.000e-02 1.796e-03
3.500e-02 2.359e-03
4.000e-02 2.985e-03
4.500e-02 3.673e-03
5.000e-02 4.420e-03
5.500e-02 5.222e-03
6.000e-02 6.078e-03
7.000e-02 7.945e-03
8.000e-02 1.000e-02
9.000e-02 1.224e-02
1.000e-01 1.465e-02
1.250e-01 2.133e-02
1.500e-01 2.885e-02
1.750e-01 3.710e-02
2.000e-01 4.597e-02
2.500e-01 6.529e-02
3.000e-01 8.630e-02
3.500e-01 1.086e-01
4.000e-01 1.320e-01
4.500e-01 1.563e-01
5.000e-01 1.812e-01
5.500e-01 2.068e-01
6.000e-01 2.328e-01
7.000e-01 2.859e-01
8.000e-01 3.402e-01
9.000e-01 3.953e-01
1.000e+00 4.509e-01
1.250e+00 5.913e-01
1.500e+00 7.326e-01
1.750e+00 8.740e-01
2.000e+00 1.015e+00
2.500e+00 1.295e+00
3.000e+00 1.573e+00
3.500e+00 1.847e+00
4.000e+00 2.119e+00
4.500e+00 2.387e+00
5.000e+00 2.653e+00
5.500e+00 2.916e+00
6.000e+00 3.177e+00
7.000e+00 3.691e+00
8.000e+00 4.197e+00
9.000e+00 4.694e+00
1.000e+01 5.183e+00
1.250e+01 6.376e+00
1.500e+01 7.530e+00
1.750e+01 8.647e+00
2.000e+01 9.732e+00
