# ALUMINUM OXIDE from NIST Database
3.970e+00 7.038e+00
1.000e-02 3.351e-04
1.250e-02 4.927e-04
1.500e-02 6.759e-04
1.750e-02 8.835e-04
2.000e-02 1.115e-03
2.500e-02 1.645e-03
3.000e-02 2.261e-03
3.500e-02 2.957e-03
4.000e-02 3.731e-03
4.500e-02 4.578e-03
5.000e-02 5.495e-03
5.500e-02 6.480e-03
6.000e-02 7.529e-03
7.000e-02 9.811e-03
8.000e-02 1.232e-02
9.000e-02 1.505e-02
1.000e-01 1.797e-02
1.250e-01 2.608e-02
1.500e-01 3.517e-02
1.750e-01 4.512e-02
2.000e-01 5.581e-02
2.500e-01 7.902e-02
3.000e-01 1.042e-01
3.500e-01 1.310e-01
4.000e-01 1.590e-01
4.500e-01 1.879e-01
5.000e-01 2.177e-01
5.500e-01 2.481e-01
6.000e-01 2.791e-01
7.000e-01 3.421e-01
8.000e-01 4.063e-01
9.000e-01 4.712e-01
1.000e+00 5.367e-01
1.250e+00 7.013e-01
1.500e+00 8.660e-01
1.750e+00 1.030e+00
2.000e+00 1.193e+00
2.500e+00 1.516e+00
3.000e+00 1.834e+00
3.500e+00 2.147e+00
4.000e+00 2.455e+00
4.500e+00 2.759e+00
5.000e+00 3.058e+00
5.500e+00 3.353e+00
6.000e+00 3.645e+00
7.000e+00 4.218e+00
8.000e+00 4.777e+00
9.000e+00 5.324e+00
1.000e+01 5.859e+00
1.250e+01 7.152e+00
1.500e+01 8.385e+00
1.750e+01 9.565e+00
2.000e+01 1.070e+01
