# AMERICIUM from NIST Database
1.367e+01 4.243e-01
1.000e-02 9.285e-04
1.250e-02 1.266e-03
1.500e-02 1.646e-03
1.750e-02 2.067e-03
2.000e-02 2.528e-03
2.500e-02 3.562e-03
3.000e-02 4.738e-03
3.500e-02 6.047e-03
4.000e-02 7.481e-03
4.500e-02 9.033e-03
5.000e-02 1.070e-02
5.500e-02 1.247e-02
6.000e-02 1.434e-02
7.000e-02 1.838e-02
8.000e-02 2.277e-02
9.000e-02 2.749e-02
1.000e-01 3.252e-02
1.250e-01 4.625e-02
1.500e-01 6.144e-02
1.750e-01 7.785e-02
2.000e-01 9.528e-02
2.500e-01 1.326e-01
3.000e-01 1.724e-01
3.500e-01 2.141e-01
4.000e-01 2.572e-01
4.500e-01 3.011e-01
5.000e-01 3.458e-01
5.500e-01 3.910e-01
6.000e-01 4.364e-01
7.000e-01 5.278e-01
8.000e-01 6.192e-01
9.000e-01 7.102e-01
1.000e+00 8.006e-01
1.250e+00 1.022e+00
1.500e+00 1.238e+00
1.750e+00 1.446e+00
2.000e+00 1.648e+00
2.500e+00 2.033e+00
3.000e+00 2.396e+00
3.500e+00 2.738e+00
4.000e+00 3.063e+00
4.500e+00 3.372e+00
5.000e+00 3.667e+00
5.500e+00 3.949e+00
6.000e+00 4.219e+00
7.000e+00 4.727e+00
8.000e+00 5.199e+00
9.000e+00 5.638e+00
1.000e+01 6.050e+00
1.250e+01 6.978e+00
1.500e+01 7.790e+00
1.750e+01 8.510e+00
2.000e+01 9.158e+00
