# AMBER from NIST Database
1.100e+00 3.914e+01
1.000e-02 2.435e-04
1.250e-02 3.617e-04
1.500e-02 5.000e-04
1.750e-02 6.575e-04
2.000e-02 8.337e-04
2.500e-02 1.240e-03
3.000e-02 1.714e-03
3.500e-02 2.252e-03
4.000e-02 2.852e-03
4.500e-02 3.510e-03
5.000e-02 4.225e-03
5.500e-02 4.994e-03
6.000e-02 5.815e-03
7.000e-02 7.604e-03
8.000e-02 9.578e-03
9.000e-02 1.173e-02
1.000e-01 1.404e-02
1.250e-01 2.045e-02
1.500e-01 2.767e-02
1.750e-01 3.559e-02
2.000e-01 4.412e-02
2.500e-01 6.269e-02
3.000e-01 8.290e-02
3.500e-01 1.044e-01
4.000e-01 1.269e-01
4.500e-01 1.502e-01
5.000e-01 1.742e-01
5.500e-01 1.988e-01
6.000e-01 2.239e-01
7.000e-01 2.751e-01
8.000e-01 3.274e-01
9.000e-01 3.804e-01
1.000e+00 4.340e-01
1.250e+00 5.694e-01
1.500e+00 7.057e-01
1.750e+00 8.421e-01
2.000e+00 9.782e-01
2.500e+00 1.249e+00
3.000e+00 1.517e+00
3.500e+00 1.782e+00
4.000e+00 2.045e+00
4.500e+00 2.305e+00
5.000e+00 2.562e+00
5.500e+00 2.817e+00
6.000e+00 3.070e+00
7.000e+00 3.569e+00
8.000e+00 4.060e+00
9.000e+00 4.544e+00
1.000e+01 5.021e+00
1.250e+01 6.185e+00
1.500e+01 7.314e+00
1.750e+01 8.411e+00
2.000e+01 9.478e+00
