# AMMONIA from NIST Database
8.260e-04 4.948e+04
1.000e-02 2.210e-04
1.250e-02 3.287e-04
1.500e-02 4.549e-04
1.750e-02 5.989e-04
2.000e-02 7.599e-04
2.500e-02 1.131e-03
3.000e-02 1.565e-03
3.500e-02 2.059e-03
4.000e-02 2.608e-03
4.500e-02 3.212e-03
5.000e-02 3.868e-03
5.500e-02 4.574e-03
6.000e-02 5.327e-03
7.000e-02 6.970e-03
8.000e-02 8.785e-03
9.000e-02 1.076e-02
1.000e-01 1.288e-02
1.250e-01 1.878e-02
1.500e-01 2.543e-02
1.750e-01 3.272e-02
2.000e-01 4.058e-02
2.500e-01 5.769e-02
3.000e-01 7.631e-02
3.500e-01 9.612e-02
4.000e-01 1.169e-01
4.500e-01 1.383e-01
5.000e-01 1.604e-01
5.500e-01 1.830e-01
6.000e-01 2.059e-01
7.000e-01 2.527e-01
8.000e-01 3.003e-01
9.000e-01 3.484e-01
1.000e+00 3.968e-01
1.250e+00 5.185e-01
1.500e+00 6.401e-01
1.750e+00 7.611e-01
2.000e+00 8.811e-01
2.500e+00 1.118e+00
3.000e+00 1.350e+00
3.500e+00 1.579e+00
4.000e+00 1.804e+00
4.500e+00 2.025e+00
5.000e+00 2.243e+00
5.500e+00 2.458e+00
6.000e+00 2.670e+00
7.000e+00 3.087e+00
8.000e+00 3.495e+00
9.000e+00 3.895e+00
1.000e+01 4.288e+00
1.250e+01 5.241e+00
1.500e+01 6.158e+00
1.750e+01 7.045e+00
2.000e+01 7.905e+00
