# ANILINE from NIST Database
1.024e+00 4.196e+01
1.000e-02 2.528e-04
1.250e-02 3.753e-04
1.500e-02 5.186e-04
1.750e-02 6.819e-04
2.000e-02 8.644e-04
2.500e-02 1.285e-03
3.000e-02 1.776e-03
3.500e-02 2.333e-03
4.000e-02 2.954e-03
4.500e-02 3.635e-03
5.000e-02 4.375e-03
5.500e-02 5.171e-03
6.000e-02 6.020e-03
7.000e-02 7.871e-03
8.000e-02 9.913e-03
9.000e-02 1.213e-02
1.000e-01 1.452e-02
1.250e-01 2.115e-02
1.500e-01 2.862e-02
1.750e-01 3.681e-02
2.000e-01 4.563e-02
2.500e-01 6.482e-02
3.000e-01 8.570e-02
3.500e-01 1.079e-01
4.000e-01 1.311e-01
4.500e-01 1.552e-01
5.000e-01 1.800e-01
5.500e-01 2.053e-01
6.000e-01 2.311e-01
7.000e-01 2.838e-01
8.000e-01 3.377e-01
9.000e-01 3.922e-01
1.000e+00 4.474e-01
1.250e+00 5.866e-01
1.500e+00 7.266e-01
1.750e+00 8.668e-01
2.000e+00 1.007e+00
2.500e+00 1.285e+00
3.000e+00 1.560e+00
3.500e+00 1.832e+00
4.000e+00 2.101e+00
4.500e+00 2.368e+00
5.000e+00 2.632e+00
5.500e+00 2.893e+00
6.000e+00 3.152e+00
7.000e+00 3.663e+00
8.000e+00 4.166e+00
9.000e+00 4.660e+00
1.000e+01 5.148e+00
1.250e+01 6.338e+00
1.500e+01 7.491e+00
1.750e+01 8.611e+00
2.000e+01 9.700e+00
