# ANTHRACENE from NIST Database
1.283e+00 3.390e+01
1.000e-02 2.602e-04
1.250e-02 3.860e-04
1.500e-02 5.332e-04
1.750e-02 7.009e-04
2.000e-02 8.883e-04
2.500e-02 1.320e-03
3.000e-02 1.823e-03
3.500e-02 2.395e-03
4.000e-02 3.032e-03
4.500e-02 3.731e-03
5.000e-02 4.490e-03
5.500e-02 5.305e-03
6.000e-02 6.176e-03
7.000e-02 8.073e-03
8.000e-02 1.017e-02
9.000e-02 1.244e-02
1.000e-01 1.489e-02
1.250e-01 2.169e-02
1.500e-01 2.934e-02
1.750e-01 3.773e-02
2.000e-01 4.675e-02
2.500e-01 6.641e-02
3.000e-01 8.779e-02
3.500e-01 1.105e-01
4.000e-01 1.343e-01
4.500e-01 1.590e-01
5.000e-01 1.844e-01
5.500e-01 2.105e-01
6.000e-01 2.370e-01
7.000e-01 2.911e-01
8.000e-01 3.464e-01
9.000e-01 4.024e-01
1.000e+00 4.591e-01
1.250e+00 6.020e-01
1.500e+00 7.459e-01
1.750e+00 8.898e-01
2.000e+00 1.033e+00
2.500e+00 1.319e+00
3.000e+00 1.601e+00
3.500e+00 1.880e+00
4.000e+00 2.157e+00
4.500e+00 2.430e+00
5.000e+00 2.701e+00
5.500e+00 2.969e+00
6.000e+00 3.234e+00
7.000e+00 3.758e+00
8.000e+00 4.273e+00
9.000e+00 4.780e+00
1.000e+01 5.280e+00
1.250e+01 6.500e+00
1.500e+01 7.681e+00
1.750e+01 8.827e+00
2.000e+01 9.942e+00
