# ARGON from NIST Database
1.662e-03 1.176e+04
1.000e-02 3.921e-04
1.250e-02 5.740e-04
1.500e-02 7.849e-04
1.750e-02 1.024e-03
2.000e-02 1.289e-03
2.500e-02 1.896e-03
3.000e-02 2.599e-03
3.500e-02 3.394e-03
4.000e-02 4.276e-03
4.500e-02 5.240e-03
5.000e-02 6.283e-03
5.500e-02 7.402e-03
6.000e-02 8.594e-03
7.000e-02 1.118e-02
8.000e-02 1.403e-02
9.000e-02 1.712e-02
1.000e-01 2.042e-02
1.250e-01 2.958e-02
1.500e-01 3.985e-02
1.750e-01 5.106e-02
2.000e-01 6.309e-02
2.500e-01 8.920e-02
3.000e-01 1.175e-01
3.500e-01 1.474e-01
4.000e-01 1.787e-01
4.500e-01 2.109e-01
5.000e-01 2.440e-01
5.500e-01 2.777e-01
6.000e-01 3.119e-01
7.000e-01 3.814e-01
8.000e-01 4.518e-01
9.000e-01 5.227e-01
1.000e+00 5.939e-01
1.250e+00 7.718e-01
1.500e+00 9.483e-01
1.750e+00 1.123e+00
2.000e+00 1.295e+00
2.500e+00 1.632e+00
3.000e+00 1.959e+00
3.500e+00 2.278e+00
4.000e+00 2.589e+00
4.500e+00 2.892e+00
5.000e+00 3.189e+00
5.500e+00 3.479e+00
6.000e+00 3.763e+00
7.000e+00 4.315e+00
8.000e+00 4.848e+00
9.000e+00 5.363e+00
1.000e+01 5.861e+00
1.250e+01 7.045e+00
1.500e+01 8.151e+00
1.750e+01 9.192e+00
2.000e+01 1.018e+01
