# ARSENIC from NIST Database
5.730e+00 2.084e+00
1.000e-02 4.897e-04
1.250e-02 7.072e-04
1.500e-02 9.575e-04
1.750e-02 1.239e-03
2.000e-02 1.551e-03
2.500e-02 2.259e-03
3.000e-02 3.076e-03
3.500e-02 3.996e-03
4.000e-02 5.012e-03
4.500e-02 6.119e-03
5.000e-02 7.315e-03
5.500e-02 8.594e-03
6.000e-02 9.954e-03
7.000e-02 1.290e-02
8.000e-02 1.613e-02
9.000e-02 1.963e-02
1.000e-01 2.337e-02
1.250e-01 3.369e-02
1.500e-01 4.521e-02
1.750e-01 5.777e-02
2.000e-01 7.122e-02
2.500e-01 1.003e-01
3.000e-01 1.317e-01
3.500e-01 1.650e-01
4.000e-01 1.995e-01
4.500e-01 2.352e-01
5.000e-01 2.717e-01
5.500e-01 3.088e-01
6.000e-01 3.465e-01
7.000e-01 4.228e-01
8.000e-01 5.001e-01
9.000e-01 5.778e-01
1.000e+00 6.557e-01
1.250e+00 8.499e-01
1.500e+00 1.042e+00
1.750e+00 1.232e+00
2.000e+00 1.418e+00
2.500e+00 1.783e+00
3.000e+00 2.136e+00
3.500e+00 2.477e+00
4.000e+00 2.809e+00
4.500e+00 3.132e+00
5.000e+00 3.446e+00
5.500e+00 3.751e+00
6.000e+00 4.049e+00
7.000e+00 4.624e+00
8.000e+00 5.173e+00
9.000e+00 5.698e+00
1.000e+01 6.202e+00
1.250e+01 7.381e+00
1.500e+01 8.458e+00
1.750e+01 9.450e+00
2.000e+01 1.037e+01
