# ASTATINE from NIST Database
9.320e+00 8.904e+02
1.000e-02 8.084e-04
1.250e-02 1.119e-03
1.500e-02 1.471e-03
1.750e-02 1.861e-03
2.000e-02 2.289e-03
2.500e-02 3.252e-03
3.000e-02 4.348e-03
3.500e-02 5.571e-03
4.000e-02 6.912e-03
4.500e-02 8.365e-03
5.000e-02 9.924e-03
5.500e-02 1.159e-02
6.000e-02 1.334e-02
7.000e-02 1.713e-02
8.000e-02 2.126e-02
9.000e-02 2.570e-02
1.000e-01 3.042e-02
1.250e-01 4.336e-02
1.500e-01 5.768e-02
1.750e-01 7.316e-02
2.000e-01 8.962e-02
2.500e-01 1.249e-01
3.000e-01 1.627e-01
3.500e-01 2.022e-01
4.000e-01 2.431e-01
4.500e-01 2.849e-01
5.000e-01 3.275e-01
5.500e-01 3.705e-01
6.000e-01 4.139e-01
7.000e-01 5.012e-01
8.000e-01 5.887e-01
9.000e-01 6.760e-01
1.000e+00 7.627e-01
1.250e+00 9.761e-01
1.500e+00 1.184e+00
1.750e+00 1.385e+00
2.000e+00 1.581e+00
2.500e+00 1.955e+00
3.000e+00 2.308e+00
3.500e+00 2.642e+00
4.000e+00 2.961e+00
4.500e+00 3.264e+00
5.000e+00 3.554e+00
5.500e+00 3.832e+00
6.000e+00 4.098e+00
7.000e+00 4.602e+00
8.000e+00 5.071e+00
9.000e+00 5.509e+00
1.000e+01 5.920e+00
1.250e+01 6.851e+00
1.500e+01 7.668e+00
1.750e+01 8.397e+00
2.000e+01 9.054e+00
