1.932E+01 3.344E-01
1.000E-02 7.919E-04 
1.250E-02 1.101E-03 
1.500E-02 1.450E-03 
1.750E-02 1.839E-03 
2.000E-02 2.266E-03 
2.500E-02 3.226E-03 
3.000E-02 4.320E-03 
3.500E-02 5.541E-03 
4.000E-02 6.881E-03 
4.500E-02 8.333E-03 
5.000E-02 9.893E-03 
5.500E-02 1.155E-02 
6.000E-02 1.331E-02 
7.000E-02 1.711E-02 
8.000E-02 2.124E-02 
9.000E-02 2.569E-02 
1.000E-01 3.044E-02 
1.250E-01 4.343E-02 
1.500E-01 5.784E-02 
1.750E-01 7.343E-02 
2.000E-01 9.004E-02 
2.500E-01 1.257E-01 
3.000E-01 1.639E-01 
3.500E-01 2.040E-01 
4.000E-01 2.455E-01 
4.500E-01 2.880E-01 
5.000E-01 3.313E-01 
5.500E-01 3.751E-01 
6.000E-01 4.194E-01 
7.000E-01 5.085E-01 
8.000E-01 5.980E-01 
9.000E-01 6.873E-01 
1.000E+00 7.762E-01 
1.250E+00 9.954E-01 
1.500E+00 1.209E+00 
1.750E+00 1.417E+00 
2.000E+00 1.619E+00 
2.500E+00 2.006E+00 
3.000E+00 2.373E+00 
3.500E+00 2.721E+00 
4.000E+00 3.053E+00 
4.500E+00 3.370E+00 
5.000E+00 3.673E+00 
5.500E+00 3.963E+00 
6.000E+00 4.242E+00 
7.000E+00 4.770E+00 
8.000E+00 5.261E+00 
9.000E+00 5.721E+00 
1.000E+01 6.153E+00 
1.250E+01 7.132E+00 
1.500E+01 7.992E+00 
1.750E+01 8.760E+00 
2.000E+01 9.453E+00 
2.500E+01 1.066E+01 
3.000E+01 1.169E+01 
3.500E+01 1.259E+01 
4.000E+01 1.339E+01 
4.500E+01 1.410E+01 
5.000E+01 1.474E+01 
5.500E+01 1.533E+01 
6.000E+01 1.587E+01 
7.000E+01 1.684E+01 
8.000E+01 1.769E+01 
9.000E+01 1.844E+01 
1.000E+02 1.911E+01 
1.250E+02 2.055E+01 
1.500E+02 2.173E+01 
1.750E+02 2.273E+01 
2.000E+02 2.360E+01 