# B-100 BONE-EQUIVALENT PLASTIC from NIST Database
1.450e+00 2.215e+01
1.000e-02 2.731e-04
1.250e-02 4.043e-04
1.500e-02 5.574e-04
1.750e-02 7.317e-04
2.000e-02 9.262e-04
2.500e-02 1.374e-03
3.000e-02 1.895e-03
3.500e-02 2.487e-03
4.000e-02 3.146e-03
4.500e-02 3.868e-03
5.000e-02 4.651e-03
5.500e-02 5.493e-03
6.000e-02 6.391e-03
7.000e-02 8.348e-03
8.000e-02 1.051e-02
9.000e-02 1.285e-02
1.000e-01 1.537e-02
1.250e-01 2.236e-02
1.500e-01 3.023e-02
1.750e-01 3.884e-02
2.000e-01 4.811e-02
2.500e-01 6.827e-02
3.000e-01 9.019e-02
3.500e-01 1.135e-01
4.000e-01 1.378e-01
4.500e-01 1.631e-01
5.000e-01 1.891e-01
5.500e-01 2.156e-01
6.000e-01 2.427e-01
7.000e-01 2.979e-01
8.000e-01 3.542e-01
9.000e-01 4.112e-01
1.000e+00 4.688e-01
1.250e+00 6.141e-01
1.500e+00 7.599e-01
1.750e+00 9.057e-01
2.000e+00 1.051e+00
2.500e+00 1.339e+00
3.000e+00 1.623e+00
3.500e+00 1.904e+00
4.000e+00 2.181e+00
4.500e+00 2.455e+00
5.000e+00 2.725e+00
5.500e+00 2.993e+00
6.000e+00 3.257e+00
7.000e+00 3.777e+00
8.000e+00 4.287e+00
9.000e+00 4.787e+00
1.000e+01 5.278e+00
1.250e+01 6.470e+00
1.500e+01 7.615e+00
1.750e+01 8.719e+00
2.000e+01 9.784e+00
