# BORON from NIST Database
2.370e+00 2.223e+01
1.000e-02 3.028e-04
1.250e-02 4.488e-04
1.500e-02 6.195e-04
1.750e-02 8.138e-04
2.000e-02 1.031e-03
2.500e-02 1.531e-03
3.000e-02 2.114e-03
3.500e-02 2.775e-03
4.000e-02 3.512e-03
4.500e-02 4.321e-03
5.000e-02 5.199e-03
5.500e-02 6.142e-03
6.000e-02 7.149e-03
7.000e-02 9.344e-03
8.000e-02 1.177e-02
9.000e-02 1.440e-02
1.000e-01 1.723e-02
1.250e-01 2.510e-02
1.500e-01 3.396e-02
1.750e-01 4.369e-02
2.000e-01 5.417e-02
2.500e-01 7.701e-02
3.000e-01 1.019e-01
3.500e-01 1.284e-01
4.000e-01 1.563e-01
4.500e-01 1.851e-01
5.000e-01 2.149e-01
5.500e-01 2.453e-01
6.000e-01 2.763e-01
7.000e-01 3.397e-01
8.000e-01 4.043e-01
9.000e-01 4.700e-01
1.000e+00 5.362e-01
1.250e+00 7.034e-01
1.500e+00 8.715e-01
1.750e+00 1.040e+00
2.000e+00 1.207e+00
2.500e+00 1.540e+00
3.000e+00 1.869e+00
3.500e+00 2.194e+00
4.000e+00 2.515e+00
4.500e+00 2.833e+00
5.000e+00 3.148e+00
5.500e+00 3.459e+00
6.000e+00 3.768e+00
7.000e+00 4.377e+00
8.000e+00 4.976e+00
9.000e+00 5.566e+00
1.000e+01 6.148e+00
1.250e+01 7.569e+00
1.500e+01 8.947e+00
1.750e+01 1.029e+01
2.000e+01 1.159e+01
