# BARIUM from NIST Database
3.500e+00 2.373e+00
1.000e-02 6.071e-04
1.250e-02 8.668e-04
1.500e-02 1.164e-03
1.750e-02 1.497e-03
2.000e-02 1.864e-03
2.500e-02 2.695e-03
3.000e-02 3.650e-03
3.500e-02 4.721e-03
4.000e-02 5.900e-03
4.500e-02 7.184e-03
5.000e-02 8.567e-03
5.500e-02 1.004e-02
6.000e-02 1.161e-02
7.000e-02 1.500e-02
8.000e-02 1.871e-02
9.000e-02 2.271e-02
1.000e-01 2.699e-02
1.250e-01 3.875e-02
1.500e-01 5.184e-02
1.750e-01 6.607e-02
2.000e-01 8.126e-02
2.500e-01 1.140e-01
3.000e-01 1.493e-01
3.500e-01 1.864e-01
4.000e-01 2.249e-01
4.500e-01 2.645e-01
5.000e-01 3.050e-01
5.500e-01 3.460e-01
6.000e-01 3.876e-01
7.000e-01 4.715e-01
8.000e-01 5.561e-01
9.000e-01 6.409e-01
1.000e+00 7.255e-01
1.250e+00 9.352e-01
1.500e+00 1.141e+00
1.750e+00 1.342e+00
2.000e+00 1.539e+00
2.500e+00 1.919e+00
3.000e+00 2.282e+00
3.500e+00 2.629e+00
4.000e+00 2.962e+00
4.500e+00 3.283e+00
5.000e+00 3.591e+00
5.500e+00 3.889e+00
6.000e+00 4.177e+00
7.000e+00 4.726e+00
8.000e+00 5.243e+00
9.000e+00 5.731e+00
1.000e+01 6.193e+00
1.250e+01 7.254e+00
1.500e+01 8.201e+00
1.750e+01 9.058e+00
2.000e+01 9.839e+00
