# BAKELITE from NIST Database
1.250e+00 3.339e+01
1.000e-02 2.623e-04
1.250e-02 3.891e-04
1.500e-02 5.372e-04
1.750e-02 7.059e-04
2.000e-02 8.945e-04
2.500e-02 1.329e-03
3.000e-02 1.835e-03
3.500e-02 2.410e-03
4.000e-02 3.050e-03
4.500e-02 3.753e-03
5.000e-02 4.516e-03
5.500e-02 5.335e-03
6.000e-02 6.210e-03
7.000e-02 8.117e-03
8.000e-02 1.022e-02
9.000e-02 1.251e-02
1.000e-01 1.497e-02
1.250e-01 2.179e-02
1.500e-01 2.948e-02
1.750e-01 3.790e-02
2.000e-01 4.696e-02
2.500e-01 6.670e-02
3.000e-01 8.816e-02
3.500e-01 1.110e-01
4.000e-01 1.348e-01
4.500e-01 1.596e-01
5.000e-01 1.850e-01
5.500e-01 2.111e-01
6.000e-01 2.376e-01
7.000e-01 2.918e-01
8.000e-01 3.471e-01
9.000e-01 4.032e-01
1.000e+00 4.599e-01
1.250e+00 6.028e-01
1.500e+00 7.467e-01
1.750e+00 8.905e-01
2.000e+00 1.034e+00
2.500e+00 1.319e+00
3.000e+00 1.601e+00
3.500e+00 1.880e+00
4.000e+00 2.156e+00
4.500e+00 2.429e+00
5.000e+00 2.700e+00
5.500e+00 2.967e+00
6.000e+00 3.232e+00
7.000e+00 3.755e+00
8.000e+00 4.269e+00
9.000e+00 4.775e+00
1.000e+01 5.273e+00
1.250e+01 6.487e+00
1.500e+01 7.662e+00
1.750e+01 8.802e+00
2.000e+01 9.909e+00
