# BARIUM SULFATE from NIST Database
4.500e+00 2.587e+00
1.000e-02 4.521e-04
1.250e-02 6.561e-04
1.500e-02 8.915e-04
1.750e-02 1.157e-03
2.000e-02 1.451e-03
2.500e-02 2.121e-03
3.000e-02 2.895e-03
3.500e-02 3.767e-03
4.000e-02 4.732e-03
4.500e-02 5.785e-03
5.000e-02 6.922e-03
5.500e-02 8.140e-03
6.000e-02 9.435e-03
7.000e-02 1.224e-02
8.000e-02 1.532e-02
9.000e-02 1.866e-02
1.000e-01 2.223e-02
1.250e-01 3.208e-02
1.500e-01 4.310e-02
1.750e-01 5.511e-02
2.000e-01 6.796e-02
2.500e-01 9.579e-02
3.000e-01 1.259e-01
3.500e-01 1.577e-01
4.000e-01 1.910e-01
4.500e-01 2.252e-01
5.000e-01 2.603e-01
5.500e-01 2.961e-01
6.000e-01 3.324e-01
7.000e-01 4.060e-01
8.000e-01 4.807e-01
9.000e-01 5.559e-01
1.000e+00 6.313e-01
1.250e+00 8.196e-01
1.500e+00 1.006e+00
1.750e+00 1.190e+00
2.000e+00 1.372e+00
2.500e+00 1.726e+00
3.000e+00 2.069e+00
3.500e+00 2.402e+00
4.000e+00 2.725e+00
4.500e+00 3.038e+00
5.000e+00 3.343e+00
5.500e+00 3.640e+00
6.000e+00 3.930e+00
7.000e+00 4.488e+00
8.000e+00 5.021e+00
9.000e+00 5.532e+00
1.000e+01 6.021e+00
1.250e+01 7.165e+00
1.500e+01 8.212e+00
1.750e+01 9.176e+00
2.000e+01 1.007e+01
