# BARIUM FLUORIDE from NIST Database
4.890e+00 2.026e+00
1.000e-02 5.264e-04
1.250e-02 7.584e-04
1.500e-02 1.025e-03
1.750e-02 1.325e-03
2.000e-02 1.656e-03
2.500e-02 2.409e-03
3.000e-02 3.277e-03
3.500e-02 4.252e-03
4.000e-02 5.328e-03
4.500e-02 6.502e-03
5.000e-02 7.767e-03
5.500e-02 9.121e-03
6.000e-02 1.056e-02
7.000e-02 1.367e-02
8.000e-02 1.709e-02
9.000e-02 2.077e-02
1.000e-01 2.472e-02
1.250e-01 3.559e-02
1.500e-01 4.771e-02
1.750e-01 6.090e-02
2.000e-01 7.501e-02
2.500e-01 1.055e-01
3.000e-01 1.384e-01
3.500e-01 1.731e-01
4.000e-01 2.092e-01
4.500e-01 2.464e-01
5.000e-01 2.844e-01
5.500e-01 3.231e-01
6.000e-01 3.623e-01
7.000e-01 4.418e-01
8.000e-01 5.221e-01
9.000e-01 6.028e-01
1.000e+00 6.835e-01
1.250e+00 8.846e-01
1.500e+00 1.083e+00
1.750e+00 1.278e+00
2.000e+00 1.470e+00
2.500e+00 1.842e+00
3.000e+00 2.201e+00
3.500e+00 2.546e+00
4.000e+00 2.880e+00
4.500e+00 3.202e+00
5.000e+00 3.515e+00
5.500e+00 3.818e+00
6.000e+00 4.112e+00
7.000e+00 4.676e+00
8.000e+00 5.210e+00
9.000e+00 5.719e+00
1.000e+01 6.203e+00
1.250e+01 7.326e+00
1.500e+01 8.340e+00
1.750e+01 9.265e+00
2.000e+01 1.012e+01
