# BERYLLIUM from NIST Database
1.848e+00 3.528e+01
1.000e-02 3.033e-04
1.250e-02 4.504e-04
1.500e-02 6.226e-04
1.750e-02 8.187e-04
2.000e-02 1.038e-03
2.500e-02 1.544e-03
3.000e-02 2.134e-03
3.500e-02 2.804e-03
4.000e-02 3.551e-03
4.500e-02 4.371e-03
5.000e-02 5.262e-03
5.500e-02 6.219e-03
6.000e-02 7.242e-03
7.000e-02 9.471e-03
8.000e-02 1.193e-02
9.000e-02 1.461e-02
1.000e-01 1.749e-02
1.250e-01 2.549e-02
1.500e-01 3.451e-02
1.750e-01 4.442e-02
2.000e-01 5.509e-02
2.500e-01 7.836e-02
3.000e-01 1.037e-01
3.500e-01 1.308e-01
4.000e-01 1.591e-01
4.500e-01 1.885e-01
5.000e-01 2.188e-01
5.500e-01 2.498e-01
6.000e-01 2.814e-01
7.000e-01 3.459e-01
8.000e-01 4.118e-01
9.000e-01 4.786e-01
1.000e+00 5.460e-01
1.250e+00 7.162e-01
1.500e+00 8.873e-01
1.750e+00 1.058e+00
2.000e+00 1.229e+00
2.500e+00 1.568e+00
3.000e+00 1.903e+00
3.500e+00 2.234e+00
4.000e+00 2.563e+00
4.500e+00 2.888e+00
5.000e+00 3.210e+00
5.500e+00 3.529e+00
6.000e+00 3.846e+00
7.000e+00 4.473e+00
8.000e+00 5.091e+00
9.000e+00 5.701e+00
1.000e+01 6.304e+00
1.250e+01 7.782e+00
1.500e+01 9.221e+00
1.750e+01 1.063e+01
2.000e+01 1.200e+01
