# BENZENE from NIST Database
8.787e-01 4.984e+01
1.000e-02 2.501e-04
1.250e-02 3.714e-04
1.500e-02 5.134e-04
1.750e-02 6.752e-04
2.000e-02 8.561e-04
2.500e-02 1.273e-03
3.000e-02 1.759e-03
3.500e-02 2.312e-03
4.000e-02 2.928e-03
4.500e-02 3.604e-03
5.000e-02 4.338e-03
5.500e-02 5.127e-03
6.000e-02 5.970e-03
7.000e-02 7.807e-03
8.000e-02 9.834e-03
9.000e-02 1.204e-02
1.000e-01 1.441e-02
1.250e-01 2.099e-02
1.500e-01 2.841e-02
1.750e-01 3.654e-02
2.000e-01 4.530e-02
2.500e-01 6.436e-02
3.000e-01 8.510e-02
3.500e-01 1.072e-01
4.000e-01 1.302e-01
4.500e-01 1.541e-01
5.000e-01 1.787e-01
5.500e-01 2.039e-01
6.000e-01 2.295e-01
7.000e-01 2.819e-01
8.000e-01 3.353e-01
9.000e-01 3.895e-01
1.000e+00 4.442e-01
1.250e+00 5.824e-01
1.500e+00 7.214e-01
1.750e+00 8.606e-01
2.000e+00 9.994e-01
2.500e+00 1.275e+00
3.000e+00 1.548e+00
3.500e+00 1.819e+00
4.000e+00 2.086e+00
4.500e+00 2.351e+00
5.000e+00 2.613e+00
5.500e+00 2.872e+00
6.000e+00 3.130e+00
7.000e+00 3.637e+00
8.000e+00 4.137e+00
9.000e+00 4.629e+00
1.000e+01 5.114e+00
1.250e+01 6.297e+00
1.500e+01 7.445e+00
1.750e+01 8.559e+00
2.000e+01 9.644e+00
