# BERYLLIUM OXIDE from NIST Database
3.010e+00 1.372e+01
1.000e-02 3.061e-04
1.250e-02 4.527e-04
1.500e-02 6.237e-04
1.750e-02 8.182e-04
2.000e-02 1.035e-03
2.500e-02 1.534e-03
3.000e-02 2.116e-03
3.500e-02 2.775e-03
4.000e-02 3.509e-03
4.500e-02 4.314e-03
5.000e-02 5.186e-03
5.500e-02 6.123e-03
6.000e-02 7.123e-03
7.000e-02 9.301e-03
8.000e-02 1.170e-02
9.000e-02 1.431e-02
1.000e-01 1.711e-02
1.250e-01 2.489e-02
1.500e-01 3.363e-02
1.750e-01 4.321e-02
2.000e-01 5.351e-02
2.500e-01 7.592e-02
3.000e-01 1.003e-01
3.500e-01 1.263e-01
4.000e-01 1.535e-01
4.500e-01 1.817e-01
5.000e-01 2.107e-01
5.500e-01 2.404e-01
6.000e-01 2.706e-01
7.000e-01 3.324e-01
8.000e-01 3.954e-01
9.000e-01 4.592e-01
1.000e+00 5.237e-01
1.250e+00 6.863e-01
1.500e+00 8.498e-01
1.750e+00 1.013e+00
2.000e+00 1.176e+00
2.500e+00 1.499e+00
3.000e+00 1.819e+00
3.500e+00 2.134e+00
4.000e+00 2.446e+00
4.500e+00 2.755e+00
5.000e+00 3.060e+00
5.500e+00 3.361e+00
6.000e+00 3.660e+00
7.000e+00 4.249e+00
8.000e+00 4.828e+00
9.000e+00 5.396e+00
1.000e+01 5.956e+00
1.250e+01 7.317e+00
1.500e+01 8.630e+00
1.750e+01 9.900e+00
2.000e+01 1.113e+01
