# BISMUTH from NIST Database
9.747e+00 6.454e-01
1.000e-02 8.225e-04
1.250e-02 1.139e-03
1.500e-02 1.497e-03
1.750e-02 1.895e-03
2.000e-02 2.331e-03
2.500e-02 3.311e-03
3.000e-02 4.429e-03
3.500e-02 5.674e-03
4.000e-02 7.041e-03
4.500e-02 8.521e-03
5.000e-02 1.011e-02
5.500e-02 1.180e-02
6.000e-02 1.360e-02
7.000e-02 1.746e-02
8.000e-02 2.167e-02
9.000e-02 2.619e-02
1.000e-01 3.101e-02
1.250e-01 4.421e-02
1.500e-01 5.883e-02
1.750e-01 7.463e-02
2.000e-01 9.144e-02
2.500e-01 1.275e-01
3.000e-01 1.661e-01
3.500e-01 2.065e-01
4.000e-01 2.483e-01
4.500e-01 2.911e-01
5.000e-01 3.346e-01
5.500e-01 3.786e-01
6.000e-01 4.230e-01
7.000e-01 5.123e-01
8.000e-01 6.019e-01
9.000e-01 6.912e-01
1.000e+00 7.800e-01
1.250e+00 9.986e-01
1.500e+00 1.211e+00
1.750e+00 1.418e+00
2.000e+00 1.618e+00
2.500e+00 2.002e+00
3.000e+00 2.364e+00
3.500e+00 2.708e+00
4.000e+00 3.034e+00
4.500e+00 3.346e+00
5.000e+00 3.644e+00
5.500e+00 3.930e+00
6.000e+00 4.204e+00
7.000e+00 4.722e+00
8.000e+00 5.204e+00
9.000e+00 5.655e+00
1.000e+01 6.079e+00
1.250e+01 7.037e+00
1.500e+01 7.880e+00
1.750e+01 8.631e+00
2.000e+01 9.309e+00
