# BISMUTH GERMANIUM OXIDE from NIST Database
7.130e+00 1.118e+00
1.000e-02 6.111e-04
1.250e-02 8.695e-04
1.500e-02 1.165e-03
1.750e-02 1.495e-03
2.000e-02 1.859e-03
2.500e-02 2.683e-03
3.000e-02 3.627e-03
3.500e-02 4.685e-03
4.000e-02 5.851e-03
4.500e-02 7.118e-03
5.000e-02 8.482e-03
5.500e-02 9.939e-03
6.000e-02 1.148e-02
7.000e-02 1.482e-02
8.000e-02 1.848e-02
9.000e-02 2.241e-02
1.000e-01 2.662e-02
1.250e-01 3.817e-02
1.500e-01 5.102e-02
1.750e-01 6.497e-02
2.000e-01 7.984e-02
2.500e-01 1.119e-01
3.000e-01 1.463e-01
3.500e-01 1.825e-01
4.000e-01 2.201e-01
4.500e-01 2.588e-01
5.000e-01 2.982e-01
5.500e-01 3.383e-01
6.000e-01 3.787e-01
7.000e-01 4.606e-01
8.000e-01 5.430e-01
9.000e-01 6.256e-01
1.000e+00 7.081e-01
1.250e+00 9.126e-01
1.500e+00 1.113e+00
1.750e+00 1.310e+00
2.000e+00 1.502e+00
2.500e+00 1.873e+00
3.000e+00 2.228e+00
3.500e+00 2.568e+00
4.000e+00 2.894e+00
4.500e+00 3.208e+00
5.000e+00 3.510e+00
5.500e+00 3.802e+00
6.000e+00 4.084e+00
7.000e+00 4.622e+00
8.000e+00 5.128e+00
9.000e+00 5.606e+00
1.000e+01 6.059e+00
1.250e+01 7.098e+00
1.500e+01 8.026e+00
1.750e+01 8.864e+00
2.000e+01 9.629e+00
