# BLOOD (ICRP) from NIST Database
1.060e+00 3.446e+01
1.000e-02 2.540e-04
1.250e-02 3.765e-04
1.500e-02 5.198e-04
1.750e-02 6.828e-04
2.000e-02 8.650e-04
2.500e-02 1.284e-03
3.000e-02 1.774e-03
3.500e-02 2.329e-03
4.000e-02 2.947e-03
4.500e-02 3.626e-03
5.000e-02 4.362e-03
5.500e-02 5.153e-03
6.000e-02 5.998e-03
7.000e-02 7.838e-03
8.000e-02 9.868e-03
9.000e-02 1.208e-02
1.000e-01 1.445e-02
1.250e-01 2.103e-02
1.500e-01 2.845e-02
1.750e-01 3.657e-02
2.000e-01 4.531e-02
2.500e-01 6.434e-02
3.000e-01 8.503e-02
3.500e-01 1.070e-01
4.000e-01 1.300e-01
4.500e-01 1.538e-01
5.000e-01 1.783e-01
5.500e-01 2.033e-01
6.000e-01 2.287e-01
7.000e-01 2.806e-01
8.000e-01 3.335e-01
9.000e-01 3.872e-01
1.000e+00 4.413e-01
1.250e+00 5.779e-01
1.500e+00 7.152e-01
1.750e+00 8.525e-01
2.000e+00 9.895e-01
2.500e+00 1.262e+00
3.000e+00 1.531e+00
3.500e+00 1.797e+00
4.000e+00 2.061e+00
4.500e+00 2.321e+00
5.000e+00 2.579e+00
5.500e+00 2.834e+00
6.000e+00 3.087e+00
7.000e+00 3.585e+00
8.000e+00 4.075e+00
9.000e+00 4.557e+00
1.000e+01 5.031e+00
1.250e+01 6.185e+00
1.500e+01 7.300e+00
1.750e+01 8.378e+00
2.000e+01 9.424e+00
