# BONE, CORTICAL (ICRP) from NIST Database
1.850e+00 1.482e+01
1.000e-02 2.909e-04
1.250e-02 4.295e-04
1.500e-02 5.911e-04
1.750e-02 7.747e-04
2.000e-02 9.795e-04
2.500e-02 1.450e-03
3.000e-02 1.997e-03
3.500e-02 2.618e-03
4.000e-02 3.308e-03
4.500e-02 4.064e-03
5.000e-02 4.884e-03
5.500e-02 5.764e-03
6.000e-02 6.703e-03
7.000e-02 8.747e-03
8.000e-02 1.100e-02
9.000e-02 1.345e-02
1.000e-01 1.607e-02
1.250e-01 2.336e-02
1.500e-01 3.155e-02
1.750e-01 4.051e-02
2.000e-01 5.015e-02
2.500e-01 7.110e-02
3.000e-01 9.386e-02
3.500e-01 1.180e-01
4.000e-01 1.433e-01
4.500e-01 1.695e-01
5.000e-01 1.964e-01
5.500e-01 2.239e-01
6.000e-01 2.519e-01
7.000e-01 3.090e-01
8.000e-01 3.672e-01
9.000e-01 4.262e-01
1.000e+00 4.857e-01
1.250e+00 6.354e-01
1.500e+00 7.857e-01
1.750e+00 9.356e-01
2.000e+00 1.085e+00
2.500e+00 1.380e+00
3.000e+00 1.671e+00
3.500e+00 1.958e+00
4.000e+00 2.241e+00
4.500e+00 2.520e+00
5.000e+00 2.795e+00
5.500e+00 3.067e+00
6.000e+00 3.335e+00
7.000e+00 3.862e+00
8.000e+00 4.377e+00
9.000e+00 4.880e+00
1.000e+01 5.374e+00
1.250e+01 6.567e+00
1.500e+01 7.707e+00
1.750e+01 8.800e+00
2.000e+01 9.850e+00
