# BONE, COMPACT (ICRU) from NIST Database
1.850e+00 1.648e+01
1.000e-02 2.761e-04
1.250e-02 4.084e-04
1.500e-02 5.627e-04
1.750e-02 7.383e-04
2.000e-02 9.343e-04
2.500e-02 1.385e-03
3.000e-02 1.910e-03
3.500e-02 2.505e-03
4.000e-02 3.167e-03
4.500e-02 3.894e-03
5.000e-02 4.681e-03
5.500e-02 5.528e-03
6.000e-02 6.431e-03
7.000e-02 8.397e-03
8.000e-02 1.056e-02
9.000e-02 1.292e-02
1.000e-01 1.545e-02
1.250e-01 2.247e-02
1.500e-01 3.037e-02
1.750e-01 3.901e-02
2.000e-01 4.831e-02
2.500e-01 6.855e-02
3.000e-01 9.052e-02
3.500e-01 1.139e-01
4.000e-01 1.384e-01
4.500e-01 1.637e-01
5.000e-01 1.898e-01
5.500e-01 2.165e-01
6.000e-01 2.437e-01
7.000e-01 2.992e-01
8.000e-01 3.558e-01
9.000e-01 4.132e-01
1.000e+00 4.711e-01
1.250e+00 6.171e-01
1.500e+00 7.638e-01
1.750e+00 9.102e-01
2.000e+00 1.056e+00
2.500e+00 1.346e+00
3.000e+00 1.631e+00
3.500e+00 1.913e+00
4.000e+00 2.191e+00
4.500e+00 2.466e+00
5.000e+00 2.737e+00
5.500e+00 3.005e+00
6.000e+00 3.270e+00
7.000e+00 3.791e+00
8.000e+00 4.301e+00
9.000e+00 4.802e+00
1.000e+01 5.293e+00
1.250e+01 6.483e+00
1.500e+01 7.625e+00
1.750e+01 8.724e+00
2.000e+01 9.783e+00
