1.920E+00 1.466E+01
1.000E-02 2.909E-04 
1.250E-02 4.295E-04 
1.500E-02 5.911E-04 
1.750E-02 7.747E-04 
2.000E-02 9.795E-04 
2.500E-02 1.450E-03 
3.000E-02 1.997E-03 
3.500E-02 2.618E-03 
4.000E-02 3.308E-03 
4.500E-02 4.064E-03 
5.000E-02 4.884E-03 
5.500E-02 5.764E-03 
6.000E-02 6.703E-03 
7.000E-02 8.747E-03 
8.000E-02 1.100E-02 
9.000E-02 1.345E-02 
1.000E-01 1.607E-02 
1.250E-01 2.336E-02 
1.500E-01 3.155E-02 
1.750E-01 4.051E-02 
2.000E-01 5.015E-02 
2.500E-01 7.110E-02 
3.000E-01 9.386E-02 
3.500E-01 1.180E-01 
4.000E-01 1.433E-01 
4.500E-01 1.695E-01 
5.000E-01 1.964E-01 
5.500E-01 2.239E-01 
6.000E-01 2.519E-01 
7.000E-01 3.090E-01 
8.000E-01 3.672E-01 
9.000E-01 4.262E-01 
1.000E+00 4.857E-01 
1.250E+00 6.354E-01 
1.500E+00 7.857E-01 
1.750E+00 9.356E-01 
2.000E+00 1.085E+00 
2.500E+00 1.380E+00 
3.000E+00 1.671E+00 
3.500E+00 1.958E+00 
4.000E+00 2.241E+00 
4.500E+00 2.520E+00 
5.000E+00 2.795E+00 
5.500E+00 3.067E+00 
6.000E+00 3.335E+00 
7.000E+00 3.862E+00 
8.000E+00 4.377E+00 
9.000E+00 4.880E+00 
1.000E+01 5.374E+00 
1.250E+01 6.567E+00 
1.500E+01 7.707E+00 
1.750E+01 8.800E+00 
2.000E+01 9.850E+00 
2.500E+01 1.184E+01 
3.000E+01 1.369E+01 
3.500E+01 1.543E+01 
4.000E+01 1.707E+01 
4.500E+01 1.861E+01 
5.000E+01 2.008E+01 
5.500E+01 2.147E+01 
6.000E+01 2.280E+01 
7.000E+01 2.529E+01 
8.000E+01 2.757E+01 
9.000E+01 2.968E+01 
1.000E+02 3.164E+01 
1.250E+02 3.602E+01 
1.500E+02 3.981E+01 
1.750E+02 4.315E+01 
2.000E+02 4.613E+01 