# BORON OXIDE from NIST Database
1.812e+00 2.120e+01
1.000e-02 3.056e-04
1.250e-02 4.515e-04
1.500e-02 6.218e-04
1.750e-02 8.153e-04
2.000e-02 1.031e-03
2.500e-02 1.527e-03
3.000e-02 2.105e-03
3.500e-02 2.760e-03
4.000e-02 3.489e-03
4.500e-02 4.288e-03
5.000e-02 5.154e-03
5.500e-02 6.084e-03
6.000e-02 7.077e-03
7.000e-02 9.238e-03
8.000e-02 1.162e-02
9.000e-02 1.421e-02
1.000e-01 1.699e-02
1.250e-01 2.470e-02
1.500e-01 3.336e-02
1.750e-01 4.286e-02
2.000e-01 5.306e-02
2.500e-01 7.526e-02
3.000e-01 9.938e-02
3.500e-01 1.250e-01
4.000e-01 1.517e-01
4.500e-01 1.795e-01
5.000e-01 2.079e-01
5.500e-01 2.370e-01
6.000e-01 2.666e-01
7.000e-01 3.270e-01
8.000e-01 3.885e-01
9.000e-01 4.508e-01
1.000e+00 5.137e-01
1.250e+00 6.722e-01
1.500e+00 8.313e-01
1.750e+00 9.902e-01
2.000e+00 1.149e+00
2.500e+00 1.463e+00
3.000e+00 1.773e+00
3.500e+00 2.079e+00
4.000e+00 2.382e+00
4.500e+00 2.681e+00
5.000e+00 2.977e+00
5.500e+00 3.269e+00
6.000e+00 3.558e+00
7.000e+00 4.128e+00
8.000e+00 4.687e+00
9.000e+00 5.236e+00
1.000e+01 5.775e+00
1.250e+01 7.087e+00
1.500e+01 8.350e+00
1.750e+01 9.570e+00
2.000e+01 1.075e+01
