# BORON CARBIDE from NIST Database
2.520e+00 1.990e+01
1.000e-02 3.051e-04
1.250e-02 4.517e-04
1.500e-02 6.229e-04
1.750e-02 8.178e-04
2.000e-02 1.035e-03
2.500e-02 1.536e-03
3.000e-02 2.119e-03
3.500e-02 2.781e-03
4.000e-02 3.517e-03
4.500e-02 4.326e-03
5.000e-02 5.202e-03
5.500e-02 6.144e-03
6.000e-02 7.149e-03
7.000e-02 9.338e-03
8.000e-02 1.175e-02
9.000e-02 1.438e-02
1.000e-01 1.720e-02
1.250e-01 2.502e-02
1.500e-01 3.382e-02
1.750e-01 4.347e-02
2.000e-01 5.385e-02
2.500e-01 7.644e-02
3.000e-01 1.010e-01
3.500e-01 1.272e-01
4.000e-01 1.547e-01
4.500e-01 1.832e-01
5.000e-01 2.125e-01
5.500e-01 2.425e-01
6.000e-01 2.730e-01
7.000e-01 3.354e-01
8.000e-01 3.991e-01
9.000e-01 4.637e-01
1.000e+00 5.289e-01
1.250e+00 6.934e-01
1.500e+00 8.588e-01
1.750e+00 1.024e+00
2.000e+00 1.189e+00
2.500e+00 1.516e+00
3.000e+00 1.840e+00
3.500e+00 2.159e+00
4.000e+00 2.476e+00
4.500e+00 2.788e+00
5.000e+00 3.098e+00
5.500e+00 3.404e+00
6.000e+00 3.708e+00
7.000e+00 4.307e+00
8.000e+00 4.896e+00
9.000e+00 5.476e+00
1.000e+01 6.048e+00
1.250e+01 7.444e+00
1.500e+01 8.798e+00
1.750e+01 1.011e+01
2.000e+01 1.139e+01
