# BROMINE from NIST Database
7.072e-03 1.615e+03
1.000e-02 4.903e-04
1.250e-02 7.083e-04
1.500e-02 9.591e-04
1.750e-02 1.241e-03
2.000e-02 1.554e-03
2.500e-02 2.264e-03
3.000e-02 3.084e-03
3.500e-02 4.005e-03
4.000e-02 5.024e-03
4.500e-02 6.134e-03
5.000e-02 7.333e-03
5.500e-02 8.616e-03
6.000e-02 9.979e-03
7.000e-02 1.293e-02
8.000e-02 1.617e-02
9.000e-02 1.968e-02
1.000e-01 2.342e-02
1.250e-01 3.376e-02
1.500e-01 4.531e-02
1.750e-01 5.788e-02
2.000e-01 7.134e-02
2.500e-01 1.004e-01
3.000e-01 1.318e-01
3.500e-01 1.650e-01
4.000e-01 1.995e-01
4.500e-01 2.351e-01
5.000e-01 2.714e-01
5.500e-01 3.084e-01
6.000e-01 3.458e-01
7.000e-01 4.216e-01
8.000e-01 4.982e-01
9.000e-01 5.751e-01
1.000e+00 6.521e-01
1.250e+00 8.434e-01
1.500e+00 1.032e+00
1.750e+00 1.217e+00
2.000e+00 1.399e+00
2.500e+00 1.752e+00
3.000e+00 2.091e+00
3.500e+00 2.419e+00
4.000e+00 2.735e+00
4.500e+00 3.041e+00
5.000e+00 3.338e+00
5.500e+00 3.625e+00
6.000e+00 3.905e+00
7.000e+00 4.443e+00
8.000e+00 4.955e+00
9.000e+00 5.443e+00
1.000e+01 5.909e+00
1.250e+01 6.996e+00
1.500e+01 7.986e+00
1.750e+01 8.896e+00
2.000e+01 9.739e+00
