# BRAIN (ICRP) from NIST Database
1.030e+00 3.565e+01
1.000e-02 2.506e-04
1.250e-02 3.716e-04
1.500e-02 5.130e-04
1.750e-02 6.741e-04
2.000e-02 8.541e-04
2.500e-02 1.268e-03
3.000e-02 1.752e-03
3.500e-02 2.301e-03
4.000e-02 2.912e-03
4.500e-02 3.582e-03
5.000e-02 4.310e-03
5.500e-02 5.092e-03
6.000e-02 5.927e-03
7.000e-02 7.746e-03
8.000e-02 9.754e-03
9.000e-02 1.194e-02
1.000e-01 1.428e-02
1.250e-01 2.079e-02
1.500e-01 2.812e-02
1.750e-01 3.616e-02
2.000e-01 4.481e-02
2.500e-01 6.363e-02
3.000e-01 8.409e-02
3.500e-01 1.058e-01
4.000e-01 1.286e-01
4.500e-01 1.522e-01
5.000e-01 1.764e-01
5.500e-01 2.011e-01
6.000e-01 2.263e-01
7.000e-01 2.776e-01
8.000e-01 3.300e-01
9.000e-01 3.831e-01
1.000e+00 4.368e-01
1.250e+00 5.720e-01
1.500e+00 7.080e-01
1.750e+00 8.440e-01
2.000e+00 9.797e-01
2.500e+00 1.249e+00
3.000e+00 1.516e+00
3.500e+00 1.780e+00
4.000e+00 2.041e+00
4.500e+00 2.299e+00
5.000e+00 2.555e+00
5.500e+00 2.808e+00
6.000e+00 3.059e+00
7.000e+00 3.553e+00
8.000e+00 4.039e+00
9.000e+00 4.517e+00
1.000e+01 4.987e+00
1.250e+01 6.133e+00
1.500e+01 7.239e+00
1.750e+01 8.310e+00
2.000e+01 9.349e+00
