# BUTANE from NIST Database
2.493e-03 1.817e+04
1.000e-02 2.170e-04
1.250e-02 3.231e-04
1.500e-02 4.474e-04
1.750e-02 5.894e-04
2.000e-02 7.482e-04
2.500e-02 1.115e-03
3.000e-02 1.543e-03
3.500e-02 2.030e-03
4.000e-02 2.574e-03
4.500e-02 3.171e-03
5.000e-02 3.819e-03
5.500e-02 4.517e-03
6.000e-02 5.262e-03
7.000e-02 6.887e-03
8.000e-02 8.683e-03
9.000e-02 1.064e-02
1.000e-01 1.274e-02
1.250e-01 1.858e-02
1.500e-01 2.517e-02
1.750e-01 3.239e-02
2.000e-01 4.018e-02
2.500e-01 5.714e-02
3.000e-01 7.562e-02
3.500e-01 9.527e-02
4.000e-01 1.158e-01
4.500e-01 1.372e-01
5.000e-01 1.591e-01
5.500e-01 1.815e-01
6.000e-01 2.043e-01
7.000e-01 2.507e-01
8.000e-01 2.980e-01
9.000e-01 3.458e-01
1.000e+00 3.939e-01
1.250e+00 5.149e-01
1.500e+00 6.359e-01
1.750e+00 7.562e-01
2.000e+00 8.757e-01
2.500e+00 1.112e+00
3.000e+00 1.343e+00
3.500e+00 1.571e+00
4.000e+00 1.795e+00
4.500e+00 2.016e+00
5.000e+00 2.233e+00
5.500e+00 2.448e+00
6.000e+00 2.660e+00
7.000e+00 3.078e+00
8.000e+00 3.486e+00
9.000e+00 3.887e+00
1.000e+01 4.280e+00
1.250e+01 5.237e+00
1.500e+01 6.160e+00
1.750e+01 7.057e+00
2.000e+01 7.931e+00
