# C-552 AIR-EQUIVALENT PLASTIC from NIST Database
1.760e+00 2.138e+01
1.000e-02 2.890e-04
1.250e-02 4.277e-04
1.500e-02 5.897e-04
1.750e-02 7.740e-04
2.000e-02 9.797e-04
2.500e-02 1.453e-03
3.000e-02 2.004e-03
3.500e-02 2.630e-03
4.000e-02 3.326e-03
4.500e-02 4.090e-03
5.000e-02 4.918e-03
5.500e-02 5.809e-03
6.000e-02 6.758e-03
7.000e-02 8.827e-03
8.000e-02 1.111e-02
9.000e-02 1.359e-02
1.000e-01 1.625e-02
1.250e-01 2.364e-02
1.500e-01 3.196e-02
1.750e-01 4.107e-02
2.000e-01 5.086e-02
2.500e-01 7.218e-02
3.000e-01 9.535e-02
3.500e-01 1.200e-01
4.000e-01 1.457e-01
4.500e-01 1.724e-01
5.000e-01 1.998e-01
5.500e-01 2.279e-01
6.000e-01 2.564e-01
7.000e-01 3.147e-01
8.000e-01 3.742e-01
9.000e-01 4.345e-01
1.000e+00 4.953e-01
1.250e+00 6.488e-01
1.500e+00 8.030e-01
1.750e+00 9.572e-01
2.000e+00 1.111e+00
2.500e+00 1.416e+00
3.000e+00 1.717e+00
3.500e+00 2.015e+00
4.000e+00 2.310e+00
4.500e+00 2.601e+00
5.000e+00 2.888e+00
5.500e+00 3.173e+00
6.000e+00 3.454e+00
7.000e+00 4.009e+00
8.000e+00 4.554e+00
9.000e+00 5.089e+00
1.000e+01 5.615e+00
1.250e+01 6.893e+00
1.500e+01 8.125e+00
1.750e+01 9.316e+00
2.000e+01 1.047e+01
