# AMORPHOUS CARBON from NIST Database
2.000e+00 2.135e+01
1.000e-02 2.845e-04
1.250e-02 4.214e-04
1.500e-02 5.813e-04
1.750e-02 7.634e-04
2.000e-02 9.667e-04
2.500e-02 1.435e-03
3.000e-02 1.980e-03
3.500e-02 2.600e-03
4.000e-02 3.289e-03
4.500e-02 4.045e-03
5.000e-02 4.866e-03
5.500e-02 5.748e-03
6.000e-02 6.690e-03
7.000e-02 8.742e-03
8.000e-02 1.101e-02
9.000e-02 1.347e-02
1.000e-01 1.611e-02
1.250e-01 2.346e-02
1.500e-01 3.174e-02
1.750e-01 4.082e-02
2.000e-01 5.059e-02
2.500e-01 7.191e-02
3.000e-01 9.513e-02
3.500e-01 1.198e-01
4.000e-01 1.458e-01
4.500e-01 1.727e-01
5.000e-01 2.003e-01
5.500e-01 2.286e-01
6.000e-01 2.575e-01
7.000e-01 3.164e-01
8.000e-01 3.765e-01
9.000e-01 4.375e-01
1.000e+00 4.991e-01
1.250e+00 6.544e-01
1.500e+00 8.106e-01
1.750e+00 9.667e-01
2.000e+00 1.122e+00
2.500e+00 1.431e+00
3.000e+00 1.736e+00
3.500e+00 2.038e+00
4.000e+00 2.336e+00
4.500e+00 2.631e+00
5.000e+00 2.922e+00
5.500e+00 3.210e+00
6.000e+00 3.495e+00
7.000e+00 4.058e+00
8.000e+00 4.610e+00
9.000e+00 5.153e+00
1.000e+01 5.688e+00
1.250e+01 6.989e+00
1.500e+01 8.247e+00
1.750e+01 9.465e+00
2.000e+01 1.065e+01
