# CALCIUM from NIST Database
1.550e+00 1.042e+01
1.000e-02 3.557e-04
1.250e-02 5.206e-04
1.500e-02 7.117e-04
1.750e-02 9.279e-04
2.000e-02 1.168e-03
2.500e-02 1.718e-03
3.000e-02 2.355e-03
3.500e-02 3.075e-03
4.000e-02 3.874e-03
4.500e-02 4.747e-03
5.000e-02 5.692e-03
5.500e-02 6.705e-03
6.000e-02 7.783e-03
7.000e-02 1.013e-02
8.000e-02 1.270e-02
9.000e-02 1.550e-02
1.000e-01 1.850e-02
1.250e-01 2.679e-02
1.500e-01 3.608e-02
1.750e-01 4.624e-02
2.000e-01 5.715e-02
2.500e-01 8.080e-02
3.000e-01 1.064e-01
3.500e-01 1.336e-01
4.000e-01 1.620e-01
4.500e-01 1.913e-01
5.000e-01 2.213e-01
5.500e-01 2.520e-01
6.000e-01 2.831e-01
7.000e-01 3.463e-01
8.000e-01 4.105e-01
9.000e-01 4.753e-01
1.000e+00 5.403e-01
1.250e+00 7.032e-01
1.500e+00 8.653e-01
1.750e+00 1.026e+00
2.000e+00 1.185e+00
2.500e+00 1.497e+00
3.000e+00 1.802e+00
3.500e+00 2.100e+00
4.000e+00 2.392e+00
4.500e+00 2.677e+00
5.000e+00 2.956e+00
5.500e+00 3.229e+00
6.000e+00 3.498e+00
7.000e+00 4.021e+00
8.000e+00 4.525e+00
9.000e+00 5.014e+00
1.000e+01 5.487e+00
1.250e+01 6.612e+00
1.500e+01 7.664e+00
1.750e+01 8.651e+00
2.000e+01 9.583e+00
