# CADMIUM TUNGSTATE from NIST Database
7.900e+00 1.098e+00
1.000e-02 5.675e-04
1.250e-02 8.118e-04
1.500e-02 1.091e-03
1.750e-02 1.405e-03
2.000e-02 1.751e-03
2.500e-02 2.535e-03
3.000e-02 3.436e-03
3.500e-02 4.446e-03
4.000e-02 5.560e-03
4.500e-02 6.773e-03
5.000e-02 8.079e-03
5.500e-02 9.475e-03
6.000e-02 1.096e-02
7.000e-02 1.416e-02
8.000e-02 1.767e-02
9.000e-02 2.145e-02
1.000e-01 2.550e-02
1.250e-01 3.663e-02
1.500e-01 4.902e-02
1.750e-01 6.248e-02
2.000e-01 7.686e-02
2.500e-01 1.079e-01
3.000e-01 1.413e-01
3.500e-01 1.765e-01
4.000e-01 2.132e-01
4.500e-01 2.509e-01
5.000e-01 2.894e-01
5.500e-01 3.286e-01
6.000e-01 3.683e-01
7.000e-01 4.485e-01
8.000e-01 5.296e-01
9.000e-01 6.110e-01
1.000e+00 6.923e-01
1.250e+00 8.945e-01
1.500e+00 1.094e+00
1.750e+00 1.289e+00
2.000e+00 1.481e+00
2.500e+00 1.852e+00
3.000e+00 2.208e+00
3.500e+00 2.549e+00
4.000e+00 2.878e+00
4.500e+00 3.196e+00
5.000e+00 3.502e+00
5.500e+00 3.798e+00
6.000e+00 4.085e+00
7.000e+00 4.633e+00
8.000e+00 5.150e+00
9.000e+00 5.639e+00
1.000e+01 6.104e+00
1.250e+01 7.175e+00
1.500e+01 8.135e+00
1.750e+01 9.006e+00
2.000e+01 9.803e+00
