# CADMIUM TELLURIDE from NIST Database
6.200e+00 1.436e+00
1.000e-02 6.197e-04
1.250e-02 8.814e-04
1.500e-02 1.180e-03
1.750e-02 1.515e-03
2.000e-02 1.883e-03
2.500e-02 2.717e-03
3.000e-02 3.673e-03
3.500e-02 4.744e-03
4.000e-02 5.924e-03
4.500e-02 7.208e-03
5.000e-02 8.589e-03
5.500e-02 1.006e-02
6.000e-02 1.163e-02
7.000e-02 1.501e-02
8.000e-02 1.871e-02
9.000e-02 2.270e-02
1.000e-01 2.697e-02
1.250e-01 3.869e-02
1.500e-01 5.173e-02
1.750e-01 6.589e-02
2.000e-01 8.102e-02
2.500e-01 1.136e-01
3.000e-01 1.487e-01
3.500e-01 1.856e-01
4.000e-01 2.240e-01
4.500e-01 2.635e-01
5.000e-01 3.039e-01
5.500e-01 3.448e-01
6.000e-01 3.863e-01
7.000e-01 4.701e-01
8.000e-01 5.547e-01
9.000e-01 6.395e-01
1.000e+00 7.242e-01
1.250e+00 9.345e-01
1.500e+00 1.141e+00
1.750e+00 1.344e+00
2.000e+00 1.542e+00
2.500e+00 1.925e+00
3.000e+00 2.292e+00
3.500e+00 2.645e+00
4.000e+00 2.983e+00
4.500e+00 3.309e+00
5.000e+00 3.624e+00
5.500e+00 3.928e+00
6.000e+00 4.223e+00
7.000e+00 4.784e+00
8.000e+00 5.314e+00
9.000e+00 5.816e+00
1.000e+01 6.292e+00
1.250e+01 7.388e+00
1.500e+01 8.370e+00
1.750e+01 9.261e+00
2.000e+01 1.007e+01
