# CALCIUM SULFATE from NIST Database
2.960e+00 7.670e+00
1.000e-02 3.333e-04
1.250e-02 4.897e-04
1.500e-02 6.713e-04
1.750e-02 8.772e-04
2.000e-02 1.106e-03
2.500e-02 1.632e-03
3.000e-02 2.241e-03
3.500e-02 2.931e-03
4.000e-02 3.697e-03
4.500e-02 4.535e-03
5.000e-02 5.443e-03
5.500e-02 6.417e-03
6.000e-02 7.455e-03
7.000e-02 9.712e-03
8.000e-02 1.220e-02
9.000e-02 1.489e-02
1.000e-01 1.778e-02
1.250e-01 2.579e-02
1.500e-01 3.478e-02
1.750e-01 4.460e-02
2.000e-01 5.515e-02
2.500e-01 7.806e-02
3.000e-01 1.029e-01
3.500e-01 1.293e-01
4.000e-01 1.569e-01
4.500e-01 1.854e-01
5.000e-01 2.148e-01
5.500e-01 2.447e-01
6.000e-01 2.752e-01
7.000e-01 3.372e-01
8.000e-01 4.004e-01
9.000e-01 4.642e-01
1.000e+00 5.286e-01
1.250e+00 6.903e-01
1.500e+00 8.521e-01
1.750e+00 1.013e+00
2.000e+00 1.173e+00
2.500e+00 1.489e+00
3.000e+00 1.799e+00
3.500e+00 2.104e+00
4.000e+00 2.403e+00
4.500e+00 2.698e+00
5.000e+00 2.987e+00
5.500e+00 3.272e+00
6.000e+00 3.553e+00
7.000e+00 4.103e+00
8.000e+00 4.638e+00
9.000e+00 5.160e+00
1.000e+01 5.669e+00
1.250e+01 6.890e+00
1.500e+01 8.048e+00
1.750e+01 9.149e+00
2.000e+01 1.020e+01
