# CALCIUM CARBONATE from NIST Database
2.800e+00 8.581e+00
1.000e-02 3.235e-04
1.250e-02 4.760e-04
1.500e-02 6.535e-04
1.750e-02 8.547e-04
2.000e-02 1.079e-03
2.500e-02 1.593e-03
3.000e-02 2.190e-03
3.500e-02 2.866e-03
4.000e-02 3.617e-03
4.500e-02 4.440e-03
5.000e-02 5.331e-03
5.500e-02 6.287e-03
6.000e-02 7.306e-03
7.000e-02 9.523e-03
8.000e-02 1.196e-02
9.000e-02 1.461e-02
1.000e-01 1.746e-02
1.250e-01 2.533e-02
1.500e-01 3.418e-02
1.750e-01 4.385e-02
2.000e-01 5.425e-02
2.500e-01 7.682e-02
3.000e-01 1.013e-01
3.500e-01 1.273e-01
4.000e-01 1.546e-01
4.500e-01 1.828e-01
5.000e-01 2.117e-01
5.500e-01 2.413e-01
6.000e-01 2.714e-01
7.000e-01 3.328e-01
8.000e-01 3.952e-01
9.000e-01 4.585e-01
1.000e+00 5.222e-01
1.250e+00 6.824e-01
1.500e+00 8.430e-01
1.750e+00 1.003e+00
2.000e+00 1.162e+00
2.500e+00 1.476e+00
3.000e+00 1.785e+00
3.500e+00 2.089e+00
4.000e+00 2.388e+00
4.500e+00 2.682e+00
5.000e+00 2.971e+00
5.500e+00 3.256e+00
6.000e+00 3.537e+00
7.000e+00 4.088e+00
8.000e+00 4.625e+00
9.000e+00 5.148e+00
1.000e+01 5.660e+00
1.250e+01 6.889e+00
1.500e+01 8.057e+00
1.750e+01 9.169e+00
2.000e+01 1.023e+01
