# CALCIUM FLUORIDE from NIST Database
3.180e+00 6.751e+00
1.000e-02 3.503e-04
1.250e-02 5.139e-04
1.500e-02 7.039e-04
1.750e-02 9.190e-04
2.000e-02 1.158e-03
2.500e-02 1.706e-03
3.000e-02 2.342e-03
3.500e-02 3.062e-03
4.000e-02 3.860e-03
4.500e-02 4.733e-03
5.000e-02 5.678e-03
5.500e-02 6.693e-03
6.000e-02 7.773e-03
7.000e-02 1.012e-02
8.000e-02 1.271e-02
9.000e-02 1.551e-02
1.000e-01 1.851e-02
1.250e-01 2.684e-02
1.500e-01 3.617e-02
1.750e-01 4.638e-02
2.000e-01 5.733e-02
2.500e-01 8.111e-02
3.000e-01 1.069e-01
3.500e-01 1.342e-01
4.000e-01 1.628e-01
4.500e-01 1.923e-01
5.000e-01 2.226e-01
5.500e-01 2.536e-01
6.000e-01 2.850e-01
7.000e-01 3.491e-01
8.000e-01 4.142e-01
9.000e-01 4.800e-01
1.000e+00 5.463e-01
1.250e+00 7.128e-01
1.500e+00 8.793e-01
1.750e+00 1.045e+00
2.000e+00 1.209e+00
2.500e+00 1.534e+00
3.000e+00 1.852e+00
3.500e+00 2.165e+00
4.000e+00 2.472e+00
4.500e+00 2.773e+00
5.000e+00 3.070e+00
5.500e+00 3.361e+00
6.000e+00 3.648e+00
7.000e+00 4.210e+00
8.000e+00 4.755e+00
9.000e+00 5.286e+00
1.000e+01 5.803e+00
1.250e+01 7.041e+00
1.500e+01 8.210e+00
1.750e+01 9.319e+00
2.000e+01 1.037e+01
