# CALCIUM OXIDE from NIST Database
3.300e+00 5.761e+00
1.000e-02 3.472e-04
1.250e-02 5.089e-04
1.500e-02 6.965e-04
1.750e-02 9.088e-04
2.000e-02 1.145e-03
2.500e-02 1.686e-03
3.000e-02 2.313e-03
3.500e-02 3.021e-03
4.000e-02 3.807e-03
4.500e-02 4.668e-03
5.000e-02 5.598e-03
5.500e-02 6.597e-03
6.000e-02 7.660e-03
7.000e-02 9.971e-03
8.000e-02 1.251e-02
9.000e-02 1.527e-02
1.000e-01 1.823e-02
1.250e-01 2.641e-02
1.500e-01 3.559e-02
1.750e-01 4.561e-02
2.000e-01 5.638e-02
2.500e-01 7.974e-02
3.000e-01 1.051e-01
3.500e-01 1.320e-01
4.000e-01 1.601e-01
4.500e-01 1.892e-01
5.000e-01 2.190e-01
5.500e-01 2.495e-01
6.000e-01 2.804e-01
7.000e-01 3.434e-01
8.000e-01 4.075e-01
9.000e-01 4.723e-01
1.000e+00 5.375e-01
1.250e+00 7.012e-01
1.500e+00 8.647e-01
1.750e+00 1.027e+00
2.000e+00 1.188e+00
2.500e+00 1.506e+00
3.000e+00 1.817e+00
3.500e+00 2.122e+00
4.000e+00 2.421e+00
4.500e+00 2.714e+00
5.000e+00 3.002e+00
5.500e+00 3.285e+00
6.000e+00 3.563e+00
7.000e+00 4.105e+00
8.000e+00 4.632e+00
9.000e+00 5.143e+00
1.000e+01 5.640e+00
1.250e+01 6.826e+00
1.500e+01 7.943e+00
1.750e+01 8.998e+00
2.000e+01 9.998e+00
