# CALCIUM TUNGSTATE from NIST Database
6.062e+00 1.506e+00
1.000e-02 5.174e-04
1.250e-02 7.444e-04
1.500e-02 1.005e-03
1.750e-02 1.298e-03
2.000e-02 1.621e-03
2.500e-02 2.356e-03
3.000e-02 3.202e-03
3.500e-02 4.153e-03
4.000e-02 5.202e-03
4.500e-02 6.345e-03
5.000e-02 7.577e-03
5.500e-02 8.895e-03
6.000e-02 1.029e-02
7.000e-02 1.333e-02
8.000e-02 1.665e-02
9.000e-02 2.023e-02
1.000e-01 2.407e-02
1.250e-01 3.462e-02
1.500e-01 4.640e-02
1.750e-01 5.920e-02
2.000e-01 7.289e-02
2.500e-01 1.024e-01
3.000e-01 1.343e-01
3.500e-01 1.679e-01
4.000e-01 2.028e-01
4.500e-01 2.388e-01
5.000e-01 2.756e-01
5.500e-01 3.130e-01
6.000e-01 3.508e-01
7.000e-01 4.276e-01
8.000e-01 5.052e-01
9.000e-01 5.831e-01
1.000e+00 6.611e-01
1.250e+00 8.551e-01
1.500e+00 1.047e+00
1.750e+00 1.235e+00
2.000e+00 1.420e+00
2.500e+00 1.779e+00
3.000e+00 2.124e+00
3.500e+00 2.457e+00
4.000e+00 2.778e+00
4.500e+00 3.088e+00
5.000e+00 3.389e+00
5.500e+00 3.679e+00
6.000e+00 3.962e+00
7.000e+00 4.502e+00
8.000e+00 5.014e+00
9.000e+00 5.500e+00
1.000e+01 5.963e+00
1.250e+01 7.033e+00
1.500e+01 7.998e+00
1.750e+01 8.877e+00
2.000e+01 9.683e+00
