# CARBON TETRACHLORIDE from NIST Database
1.594e+00 1.264e+01
1.000e-02 3.546e-04
1.250e-02 5.202e-04
1.500e-02 7.124e-04
1.750e-02 9.301e-04
2.000e-02 1.172e-03
2.500e-02 1.727e-03
3.000e-02 2.371e-03
3.500e-02 3.098e-03
4.000e-02 3.906e-03
4.500e-02 4.790e-03
5.000e-02 5.746e-03
5.500e-02 6.772e-03
6.000e-02 7.866e-03
7.000e-02 1.024e-02
8.000e-02 1.286e-02
9.000e-02 1.569e-02
1.000e-01 1.873e-02
1.250e-01 2.715e-02
1.500e-01 3.660e-02
1.750e-01 4.692e-02
2.000e-01 5.800e-02
2.500e-01 8.206e-02
3.000e-01 1.081e-01
3.500e-01 1.358e-01
4.000e-01 1.646e-01
4.500e-01 1.944e-01
5.000e-01 2.250e-01
5.500e-01 2.561e-01
6.000e-01 2.878e-01
7.000e-01 3.523e-01
8.000e-01 4.178e-01
9.000e-01 4.840e-01
1.000e+00 5.505e-01
1.250e+00 7.175e-01
1.500e+00 8.841e-01
1.750e+00 1.050e+00
2.000e+00 1.214e+00
2.500e+00 1.537e+00
3.000e+00 1.853e+00
3.500e+00 2.162e+00
4.000e+00 2.466e+00
4.500e+00 2.763e+00
5.000e+00 3.055e+00
5.500e+00 3.342e+00
6.000e+00 3.624e+00
7.000e+00 4.175e+00
8.000e+00 4.709e+00
9.000e+00 5.228e+00
1.000e+01 5.733e+00
1.250e+01 6.942e+00
1.500e+01 8.081e+00
1.750e+01 9.159e+00
2.000e+01 1.018e+01
