# CARBON DIOXIDE from NIST Database
1.842e-03 1.965e+04
1.000e-02 2.874e-04
1.250e-02 4.255e-04
1.500e-02 5.868e-04
1.750e-02 7.703e-04
2.000e-02 9.752e-04
2.500e-02 1.446e-03
3.000e-02 1.996e-03
3.500e-02 2.619e-03
4.000e-02 3.313e-03
4.500e-02 4.074e-03
5.000e-02 4.899e-03
5.500e-02 5.786e-03
6.000e-02 6.732e-03
7.000e-02 8.793e-03
8.000e-02 1.107e-02
9.000e-02 1.354e-02
1.000e-01 1.619e-02
1.250e-01 2.356e-02
1.500e-01 3.184e-02
1.750e-01 4.093e-02
2.000e-01 5.069e-02
2.500e-01 7.194e-02
3.000e-01 9.504e-02
3.500e-01 1.196e-01
4.000e-01 1.452e-01
4.500e-01 1.718e-01
5.000e-01 1.991e-01
5.500e-01 2.269e-01
6.000e-01 2.552e-01
7.000e-01 3.128e-01
8.000e-01 3.714e-01
9.000e-01 4.305e-01
1.000e+00 4.900e-01
1.250e+00 6.393e-01
1.500e+00 7.882e-01
1.750e+00 9.361e-01
2.000e+00 1.083e+00
2.500e+00 1.371e+00
3.000e+00 1.654e+00
3.500e+00 1.931e+00
4.000e+00 2.203e+00
4.500e+00 2.470e+00
5.000e+00 2.733e+00
5.500e+00 2.992e+00
6.000e+00 3.247e+00
7.000e+00 3.748e+00
8.000e+00 4.236e+00
9.000e+00 4.712e+00
1.000e+01 5.179e+00
1.250e+01 6.306e+00
1.500e+01 7.385e+00
1.750e+01 8.421e+00
2.000e+01 9.420e+00
