# CADMIUM from NIST Database
8.650e+00 1.040e+00
1.000e-02 5.686e-04
1.250e-02 8.132e-04
1.500e-02 1.093e-03
1.750e-02 1.407e-03
2.000e-02 1.754e-03
2.500e-02 2.540e-03
3.000e-02 3.442e-03
3.500e-02 4.455e-03
4.000e-02 5.572e-03
4.500e-02 6.787e-03
5.000e-02 8.097e-03
5.500e-02 9.496e-03
6.000e-02 1.098e-02
7.000e-02 1.420e-02
8.000e-02 1.772e-02
9.000e-02 2.152e-02
1.000e-01 2.558e-02
1.250e-01 3.676e-02
1.500e-01 4.923e-02
1.750e-01 6.280e-02
2.000e-01 7.731e-02
2.500e-01 1.086e-01
3.000e-01 1.424e-01
3.500e-01 1.781e-01
4.000e-01 2.152e-01
4.500e-01 2.534e-01
5.000e-01 2.924e-01
5.500e-01 3.321e-01
6.000e-01 3.723e-01
7.000e-01 4.537e-01
8.000e-01 5.358e-01
9.000e-01 6.184e-01
1.000e+00 7.009e-01
1.250e+00 9.059e-01
1.500e+00 1.108e+00
1.750e+00 1.306e+00
2.000e+00 1.500e+00
2.500e+00 1.876e+00
3.000e+00 2.237e+00
3.500e+00 2.583e+00
4.000e+00 2.917e+00
4.500e+00 3.238e+00
5.000e+00 3.549e+00
5.500e+00 3.849e+00
6.000e+00 4.140e+00
7.000e+00 4.696e+00
8.000e+00 5.221e+00
9.000e+00 5.718e+00
1.000e+01 6.191e+00
1.250e+01 7.281e+00
1.500e+01 8.260e+00
1.750e+01 9.149e+00
2.000e+01 9.963e+00
