# CERIUM from NIST Database
6.657e+00 1.195e+00
1.000e-02 6.151e-04
1.250e-02 8.760e-04
1.500e-02 1.174e-03
1.750e-02 1.508e-03
2.000e-02 1.876e-03
2.500e-02 2.708e-03
3.000e-02 3.663e-03
3.500e-02 4.734e-03
4.000e-02 5.913e-03
4.500e-02 7.196e-03
5.000e-02 8.577e-03
5.500e-02 1.005e-02
6.000e-02 1.162e-02
7.000e-02 1.500e-02
8.000e-02 1.870e-02
9.000e-02 2.269e-02
1.000e-01 2.696e-02
1.250e-01 3.868e-02
1.500e-01 5.173e-02
1.750e-01 6.591e-02
2.000e-01 8.105e-02
2.500e-01 1.137e-01
3.000e-01 1.488e-01
3.500e-01 1.858e-01
4.000e-01 2.242e-01
4.500e-01 2.636e-01
5.000e-01 3.039e-01
5.500e-01 3.448e-01
6.000e-01 3.861e-01
7.000e-01 4.697e-01
8.000e-01 5.540e-01
9.000e-01 6.384e-01
1.000e+00 7.226e-01
1.250e+00 9.313e-01
1.500e+00 1.136e+00
1.750e+00 1.337e+00
2.000e+00 1.532e+00
2.500e+00 1.910e+00
3.000e+00 2.270e+00
3.500e+00 2.615e+00
4.000e+00 2.945e+00
4.500e+00 3.263e+00
5.000e+00 3.569e+00
5.500e+00 3.864e+00
6.000e+00 4.149e+00
7.000e+00 4.691e+00
8.000e+00 5.201e+00
9.000e+00 5.682e+00
1.000e+01 6.138e+00
1.250e+01 7.181e+00
1.500e+01 8.110e+00
1.750e+01 8.949e+00
2.000e+01 9.713e+00
