# CELLULOSE ACETATE, CELLOPHANE from NIST Database
1.420e+00 2.729e+01
1.000e-02 2.652e-04
1.250e-02 3.931e-04
1.500e-02 5.425e-04
1.750e-02 7.125e-04
2.000e-02 9.025e-04
2.500e-02 1.340e-03
3.000e-02 1.850e-03
3.500e-02 2.428e-03
4.000e-02 3.073e-03
4.500e-02 3.780e-03
5.000e-02 4.547e-03
5.500e-02 5.371e-03
6.000e-02 6.251e-03
7.000e-02 8.168e-03
8.000e-02 1.028e-02
9.000e-02 1.258e-02
1.000e-01 1.505e-02
1.250e-01 2.191e-02
1.500e-01 2.963e-02
1.750e-01 3.809e-02
2.000e-01 4.719e-02
2.500e-01 6.699e-02
3.000e-01 8.853e-02
3.500e-01 1.114e-01
4.000e-01 1.353e-01
4.500e-01 1.602e-01
5.000e-01 1.857e-01
5.500e-01 2.118e-01
6.000e-01 2.384e-01
7.000e-01 2.927e-01
8.000e-01 3.481e-01
9.000e-01 4.043e-01
1.000e+00 4.610e-01
1.250e+00 6.042e-01
1.500e+00 7.481e-01
1.750e+00 8.922e-01
2.000e+00 1.036e+00
2.500e+00 1.321e+00
3.000e+00 1.603e+00
3.500e+00 1.883e+00
4.000e+00 2.158e+00
4.500e+00 2.431e+00
5.000e+00 2.702e+00
5.500e+00 2.969e+00
6.000e+00 3.234e+00
7.000e+00 3.756e+00
8.000e+00 4.268e+00
9.000e+00 4.773e+00
1.000e+01 5.269e+00
1.250e+01 6.478e+00
1.500e+01 7.645e+00
1.750e+01 8.775e+00
2.000e+01 9.871e+00
