# CELLULOSE ACETATE BUTYRATE from NIST Database
1.200e+00 3.313e+01
1.000e-02 2.617e-04
1.250e-02 3.880e-04
1.500e-02 5.356e-04
1.750e-02 7.037e-04
2.000e-02 8.915e-04
2.500e-02 1.324e-03
3.000e-02 1.828e-03
3.500e-02 2.401e-03
4.000e-02 3.038e-03
4.500e-02 3.738e-03
5.000e-02 4.497e-03
5.500e-02 5.312e-03
6.000e-02 6.183e-03
7.000e-02 8.081e-03
8.000e-02 1.017e-02
9.000e-02 1.245e-02
1.000e-01 1.490e-02
1.250e-01 2.169e-02
1.500e-01 2.933e-02
1.750e-01 3.771e-02
2.000e-01 4.672e-02
2.500e-01 6.635e-02
3.000e-01 8.768e-02
3.500e-01 1.104e-01
4.000e-01 1.341e-01
4.500e-01 1.586e-01
5.000e-01 1.839e-01
5.500e-01 2.098e-01
6.000e-01 2.361e-01
7.000e-01 2.898e-01
8.000e-01 3.446e-01
9.000e-01 4.002e-01
1.000e+00 4.563e-01
1.250e+00 5.980e-01
1.500e+00 7.404e-01
1.750e+00 8.829e-01
2.000e+00 1.025e+00
2.500e+00 1.307e+00
3.000e+00 1.587e+00
3.500e+00 1.863e+00
4.000e+00 2.136e+00
4.500e+00 2.406e+00
5.000e+00 2.674e+00
5.500e+00 2.938e+00
6.000e+00 3.201e+00
7.000e+00 3.718e+00
8.000e+00 4.226e+00
9.000e+00 4.726e+00
1.000e+01 5.218e+00
1.250e+01 6.418e+00
1.500e+01 7.577e+00
1.750e+01 8.700e+00
2.000e+01 9.790e+00
