# CELLULOSE NITRATE from NIST Database
1.490e+00 2.495e+01
1.000e-02 2.809e-04
1.250e-02 4.158e-04
1.500e-02 5.733e-04
1.750e-02 7.524e-04
2.000e-02 9.524e-04
2.500e-02 1.412e-03
3.000e-02 1.949e-03
3.500e-02 2.557e-03
4.000e-02 3.234e-03
4.500e-02 3.976e-03
5.000e-02 4.781e-03
5.500e-02 5.647e-03
6.000e-02 6.570e-03
7.000e-02 8.580e-03
8.000e-02 1.080e-02
9.000e-02 1.321e-02
1.000e-01 1.580e-02
1.250e-01 2.298e-02
1.500e-01 3.106e-02
1.750e-01 3.992e-02
2.000e-01 4.944e-02
2.500e-01 7.016e-02
3.000e-01 9.268e-02
3.500e-01 1.166e-01
4.000e-01 1.416e-01
4.500e-01 1.675e-01
5.000e-01 1.941e-01
5.500e-01 2.213e-01
6.000e-01 2.490e-01
7.000e-01 3.056e-01
8.000e-01 3.632e-01
9.000e-01 4.216e-01
1.000e+00 4.806e-01
1.250e+00 6.293e-01
1.500e+00 7.787e-01
1.750e+00 9.280e-01
2.000e+00 1.077e+00
2.500e+00 1.372e+00
3.000e+00 1.665e+00
3.500e+00 1.953e+00
4.000e+00 2.239e+00
4.500e+00 2.521e+00
5.000e+00 2.800e+00
5.500e+00 3.076e+00
6.000e+00 3.349e+00
7.000e+00 3.887e+00
8.000e+00 4.415e+00
9.000e+00 4.934e+00
1.000e+01 5.444e+00
1.250e+01 6.685e+00
1.500e+01 7.881e+00
1.750e+01 9.036e+00
2.000e+01 1.016e+01
