# CERIC SULFATE DOSIMETER SOLUTION from NIST Database
1.030e+00 3.432e+01
1.000e-02 2.538e-04
1.250e-02 3.762e-04
1.500e-02 5.192e-04
1.750e-02 6.821e-04
2.000e-02 8.640e-04
2.500e-02 1.283e-03
3.000e-02 1.771e-03
3.500e-02 2.325e-03
4.000e-02 2.942e-03
4.500e-02 3.619e-03
5.000e-02 4.354e-03
5.500e-02 5.144e-03
6.000e-02 5.986e-03
7.000e-02 7.822e-03
8.000e-02 9.848e-03
9.000e-02 1.205e-02
1.000e-01 1.442e-02
1.250e-01 2.098e-02
1.500e-01 2.838e-02
1.750e-01 3.648e-02
2.000e-01 4.520e-02
2.500e-01 6.417e-02
3.000e-01 8.480e-02
3.500e-01 1.067e-01
4.000e-01 1.297e-01
4.500e-01 1.534e-01
5.000e-01 1.778e-01
5.500e-01 2.027e-01
6.000e-01 2.280e-01
7.000e-01 2.797e-01
8.000e-01 3.324e-01
9.000e-01 3.858e-01
1.000e+00 4.397e-01
1.250e+00 5.755e-01
1.500e+00 7.121e-01
1.750e+00 8.487e-01
2.000e+00 9.848e-01
2.500e+00 1.255e+00
3.000e+00 1.523e+00
3.500e+00 1.788e+00
4.000e+00 2.049e+00
4.500e+00 2.308e+00
5.000e+00 2.564e+00
5.500e+00 2.818e+00
6.000e+00 3.069e+00
7.000e+00 3.564e+00
8.000e+00 4.050e+00
9.000e+00 4.529e+00
1.000e+01 4.999e+00
1.250e+01 6.144e+00
1.500e+01 7.249e+00
1.750e+01 8.317e+00
2.000e+01 9.352e+00
