# CESIUM IODIDE from NIST Database
4.510e+00 1.860e+00
1.000e-02 6.284e-04
1.250e-02 8.928e-04
1.500e-02 1.195e-03
1.750e-02 1.532e-03
2.000e-02 1.904e-03
2.500e-02 2.745e-03
3.000e-02 3.709e-03
3.500e-02 4.789e-03
4.000e-02 5.978e-03
4.500e-02 7.271e-03
5.000e-02 8.663e-03
5.500e-02 1.015e-02
6.000e-02 1.172e-02
7.000e-02 1.513e-02
8.000e-02 1.885e-02
9.000e-02 2.287e-02
1.000e-01 2.716e-02
1.250e-01 3.895e-02
1.500e-01 5.206e-02
1.750e-01 6.630e-02
2.000e-01 8.149e-02
2.500e-01 1.142e-01
3.000e-01 1.494e-01
3.500e-01 1.865e-01
4.000e-01 2.249e-01
4.500e-01 2.645e-01
5.000e-01 3.048e-01
5.500e-01 3.457e-01
6.000e-01 3.871e-01
7.000e-01 4.708e-01
8.000e-01 5.551e-01
9.000e-01 6.396e-01
1.000e+00 7.239e-01
1.250e+00 9.329e-01
1.500e+00 1.138e+00
1.750e+00 1.339e+00
2.000e+00 1.535e+00
2.500e+00 1.913e+00
3.000e+00 2.275e+00
3.500e+00 2.621e+00
4.000e+00 2.954e+00
4.500e+00 3.274e+00
5.000e+00 3.582e+00
5.500e+00 3.879e+00
6.000e+00 4.167e+00
7.000e+00 4.716e+00
8.000e+00 5.232e+00
9.000e+00 5.720e+00
1.000e+01 6.182e+00
1.250e+01 7.244e+00
1.500e+01 8.194e+00
1.750e+01 9.052e+00
2.000e+01 9.836e+00
