# CHLOROFORM from NIST Database
1.483e+00 1.384e+01
1.000e-02 3.449e-04
1.250e-02 5.065e-04
1.500e-02 6.942e-04
1.750e-02 9.069e-04
2.000e-02 1.144e-03
2.500e-02 1.686e-03
3.000e-02 2.316e-03
3.500e-02 3.028e-03
4.000e-02 3.818e-03
4.500e-02 4.684e-03
5.000e-02 5.620e-03
5.500e-02 6.626e-03
6.000e-02 7.697e-03
7.000e-02 1.003e-02
8.000e-02 1.259e-02
9.000e-02 1.537e-02
1.000e-01 1.835e-02
1.250e-01 2.661e-02
1.500e-01 3.587e-02
1.750e-01 4.600e-02
2.000e-01 5.688e-02
2.500e-01 8.049e-02
3.000e-01 1.061e-01
3.500e-01 1.332e-01
4.000e-01 1.616e-01
4.500e-01 1.908e-01
5.000e-01 2.209e-01
5.500e-01 2.515e-01
6.000e-01 2.827e-01
7.000e-01 3.461e-01
8.000e-01 4.105e-01
9.000e-01 4.756e-01
1.000e+00 5.411e-01
1.250e+00 7.056e-01
1.500e+00 8.697e-01
1.750e+00 1.033e+00
2.000e+00 1.195e+00
2.500e+00 1.513e+00
3.000e+00 1.825e+00
3.500e+00 2.131e+00
4.000e+00 2.431e+00
4.500e+00 2.725e+00
5.000e+00 3.014e+00
5.500e+00 3.298e+00
6.000e+00 3.577e+00
7.000e+00 4.122e+00
8.000e+00 4.652e+00
9.000e+00 5.167e+00
1.000e+01 5.668e+00
1.250e+01 6.868e+00
1.500e+01 8.001e+00
1.750e+01 9.075e+00
2.000e+01 1.010e+01
