# CHLOROBENZENE from NIST Database
1.106e+00 2.822e+01
1.000e-02 2.819e-04
1.250e-02 4.172e-04
1.500e-02 5.750e-04
1.750e-02 7.546e-04
2.000e-02 9.551e-04
2.500e-02 1.416e-03
3.000e-02 1.953e-03
3.500e-02 2.562e-03
4.000e-02 3.240e-03
4.500e-02 3.984e-03
5.000e-02 4.790e-03
5.500e-02 5.657e-03
6.000e-02 6.581e-03
7.000e-02 8.595e-03
8.000e-02 1.081e-02
9.000e-02 1.323e-02
1.000e-01 1.582e-02
1.250e-01 2.301e-02
1.500e-01 3.110e-02
1.750e-01 3.996e-02
2.000e-01 4.949e-02
2.500e-01 7.022e-02
3.000e-01 9.274e-02
3.500e-01 1.167e-01
4.000e-01 1.417e-01
4.500e-01 1.676e-01
5.000e-01 1.942e-01
5.500e-01 2.214e-01
6.000e-01 2.491e-01
7.000e-01 3.056e-01
8.000e-01 3.632e-01
9.000e-01 4.216e-01
1.000e+00 4.805e-01
1.250e+00 6.288e-01
1.500e+00 7.776e-01
1.750e+00 9.262e-01
2.000e+00 1.074e+00
2.500e+00 1.367e+00
3.000e+00 1.656e+00
3.500e+00 1.942e+00
4.000e+00 2.223e+00
4.500e+00 2.500e+00
5.000e+00 2.774e+00
5.500e+00 3.045e+00
6.000e+00 3.312e+00
7.000e+00 3.838e+00
8.000e+00 4.354e+00
9.000e+00 4.858e+00
1.000e+01 5.354e+00
1.250e+01 6.555e+00
1.500e+01 7.707e+00
1.750e+01 8.816e+00
2.000e+01 9.886e+00
