# CHLORINE from NIST Database
2.995e-03 6.469e+03
1.000e-02 3.603e-04
1.250e-02 5.282e-04
1.500e-02 7.230e-04
1.750e-02 9.435e-04
2.000e-02 1.189e-03
2.500e-02 1.750e-03
3.000e-02 2.402e-03
3.500e-02 3.138e-03
4.000e-02 3.955e-03
4.500e-02 4.848e-03
5.000e-02 5.816e-03
5.500e-02 6.853e-03
6.000e-02 7.958e-03
7.000e-02 1.036e-02
8.000e-02 1.300e-02
9.000e-02 1.587e-02
1.000e-01 1.894e-02
1.250e-01 2.744e-02
1.500e-01 3.698e-02
1.750e-01 4.740e-02
2.000e-01 5.859e-02
2.500e-01 8.287e-02
3.000e-01 1.092e-01
3.500e-01 1.370e-01
4.000e-01 1.661e-01
4.500e-01 1.962e-01
5.000e-01 2.270e-01
5.500e-01 2.584e-01
6.000e-01 2.902e-01
7.000e-01 3.549e-01
8.000e-01 4.206e-01
9.000e-01 4.867e-01
1.000e+00 5.531e-01
1.250e+00 7.190e-01
1.500e+00 8.838e-01
1.750e+00 1.047e+00
2.000e+00 1.208e+00
2.500e+00 1.523e+00
3.000e+00 1.829e+00
3.500e+00 2.127e+00
4.000e+00 2.419e+00
4.500e+00 2.703e+00
5.000e+00 2.981e+00
5.500e+00 3.253e+00
6.000e+00 3.520e+00
7.000e+00 4.039e+00
8.000e+00 4.541e+00
9.000e+00 5.025e+00
1.000e+01 5.495e+00
1.250e+01 6.613e+00
1.500e+01 7.660e+00
1.750e+01 8.646e+00
2.000e+01 9.580e+00
