# CURIUM from NIST Database
1.351e+01 4.287e-01
1.000e-02 9.390e-04
1.250e-02 1.279e-03
1.500e-02 1.662e-03
1.750e-02 2.086e-03
2.000e-02 2.550e-03
2.500e-02 3.592e-03
3.000e-02 4.776e-03
3.500e-02 6.094e-03
4.000e-02 7.538e-03
4.500e-02 9.100e-03
5.000e-02 1.078e-02
5.500e-02 1.256e-02
6.000e-02 1.444e-02
7.000e-02 1.851e-02
8.000e-02 2.292e-02
9.000e-02 2.767e-02
1.000e-01 3.272e-02
1.250e-01 4.653e-02
1.500e-01 6.180e-02
1.750e-01 7.829e-02
2.000e-01 9.580e-02
2.500e-01 1.333e-01
3.000e-01 1.733e-01
3.500e-01 2.152e-01
4.000e-01 2.585e-01
4.500e-01 3.027e-01
5.000e-01 3.475e-01
5.500e-01 3.929e-01
6.000e-01 4.386e-01
7.000e-01 5.304e-01
8.000e-01 6.222e-01
9.000e-01 7.137e-01
1.000e+00 8.044e-01
1.250e+00 1.027e+00
1.500e+00 1.244e+00
1.750e+00 1.453e+00
2.000e+00 1.656e+00
2.500e+00 2.042e+00
3.000e+00 2.406e+00
3.500e+00 2.750e+00
4.000e+00 3.077e+00
4.500e+00 3.387e+00
5.000e+00 3.683e+00
5.500e+00 3.966e+00
6.000e+00 4.237e+00
7.000e+00 4.748e+00
8.000e+00 5.221e+00
9.000e+00 5.662e+00
1.000e+01 6.076e+00
1.250e+01 7.008e+00
1.500e+01 7.823e+00
1.750e+01 8.547e+00
2.000e+01 9.197e+00
