# COBALT from NIST Database
8.900e+00 1.530e+00
1.000e-02 4.456e-04
1.250e-02 6.462e-04
1.500e-02 8.775e-04
1.750e-02 1.138e-03
2.000e-02 1.427e-03
2.500e-02 2.085e-03
3.000e-02 2.845e-03
3.500e-02 3.702e-03
4.000e-02 4.649e-03
4.500e-02 5.683e-03
5.000e-02 6.800e-03
5.500e-02 7.997e-03
6.000e-02 9.269e-03
7.000e-02 1.203e-02
8.000e-02 1.506e-02
9.000e-02 1.834e-02
1.000e-01 2.186e-02
1.250e-01 3.157e-02
1.500e-01 4.245e-02
1.750e-01 5.432e-02
2.000e-01 6.705e-02
2.500e-01 9.467e-02
3.000e-01 1.246e-01
3.500e-01 1.562e-01
4.000e-01 1.893e-01
4.500e-01 2.234e-01
5.000e-01 2.584e-01
5.500e-01 2.941e-01
6.000e-01 3.303e-01
7.000e-01 4.039e-01
8.000e-01 4.786e-01
9.000e-01 5.539e-01
1.000e+00 6.294e-01
1.250e+00 8.185e-01
1.500e+00 1.006e+00
1.750e+00 1.192e+00
2.000e+00 1.375e+00
2.500e+00 1.735e+00
3.000e+00 2.084e+00
3.500e+00 2.423e+00
4.000e+00 2.753e+00
4.500e+00 3.075e+00
5.000e+00 3.390e+00
5.500e+00 3.696e+00
6.000e+00 3.996e+00
7.000e+00 4.576e+00
8.000e+00 5.131e+00
9.000e+00 5.665e+00
1.000e+01 6.179e+00
1.250e+01 7.387e+00
1.500e+01 8.499e+00
1.750e+01 9.529e+00
2.000e+01 1.049e+01
