# CONCRETE, PORTLAND from NIST Database
2.300e+00 1.155e+01
1.000e-02 3.207e-04
1.250e-02 4.720e-04
1.500e-02 6.480e-04
1.750e-02 8.476e-04
2.000e-02 1.070e-03
2.500e-02 1.580e-03
3.000e-02 2.173e-03
3.500e-02 2.844e-03
4.000e-02 3.589e-03
4.500e-02 4.405e-03
5.000e-02 5.289e-03
5.500e-02 6.238e-03
6.000e-02 7.250e-03
7.000e-02 9.450e-03
8.000e-02 1.187e-02
9.000e-02 1.450e-02
1.000e-01 1.732e-02
1.250e-01 2.514e-02
1.500e-01 3.393e-02
1.750e-01 4.353e-02
2.000e-01 5.385e-02
2.500e-01 7.627e-02
3.000e-01 1.006e-01
3.500e-01 1.264e-01
4.000e-01 1.534e-01
4.500e-01 1.813e-01
5.000e-01 2.099e-01
5.500e-01 2.392e-01
6.000e-01 2.690e-01
7.000e-01 3.296e-01
8.000e-01 3.914e-01
9.000e-01 4.539e-01
1.000e+00 5.168e-01
1.250e+00 6.751e-01
1.500e+00 8.335e-01
1.750e+00 9.914e-01
2.000e+00 1.148e+00
2.500e+00 1.459e+00
3.000e+00 1.764e+00
3.500e+00 2.064e+00
4.000e+00 2.360e+00
4.500e+00 2.651e+00
5.000e+00 2.938e+00
5.500e+00 3.221e+00
6.000e+00 3.501e+00
7.000e+00 4.049e+00
8.000e+00 4.584e+00
9.000e+00 5.108e+00
1.000e+01 5.620e+00
1.250e+01 6.855e+00
1.500e+01 8.033e+00
1.750e+01 9.160e+00
2.000e+01 1.024e+01
