# CHROMIUM from NIST Database
7.180e+00 2.081e+00
1.000e-02 4.215e-04
1.250e-02 6.133e-04
1.500e-02 8.348e-04
1.750e-02 1.085e-03
2.000e-02 1.362e-03
2.500e-02 1.995e-03
3.000e-02 2.727e-03
3.500e-02 3.553e-03
4.000e-02 4.467e-03
4.500e-02 5.465e-03
5.000e-02 6.544e-03
5.500e-02 7.701e-03
6.000e-02 8.931e-03
7.000e-02 1.160e-02
8.000e-02 1.454e-02
9.000e-02 1.772e-02
1.000e-01 2.112e-02
1.250e-01 3.054e-02
1.500e-01 4.110e-02
1.750e-01 5.263e-02
2.000e-01 6.500e-02
2.500e-01 9.183e-02
3.000e-01 1.209e-01
3.500e-01 1.517e-01
4.000e-01 1.839e-01
4.500e-01 2.171e-01
5.000e-01 2.512e-01
5.500e-01 2.860e-01
6.000e-01 3.213e-01
7.000e-01 3.930e-01
8.000e-01 4.658e-01
9.000e-01 5.393e-01
1.000e+00 6.131e-01
1.250e+00 7.978e-01
1.500e+00 9.817e-01
1.750e+00 1.164e+00
2.000e+00 1.344e+00
2.500e+00 1.697e+00
3.000e+00 2.041e+00
3.500e+00 2.376e+00
4.000e+00 2.702e+00
4.500e+00 3.021e+00
5.000e+00 3.333e+00
5.500e+00 3.638e+00
6.000e+00 3.937e+00
7.000e+00 4.515e+00
8.000e+00 5.072e+00
9.000e+00 5.608e+00
1.000e+01 6.125e+00
1.250e+01 7.346e+00
1.500e+01 8.477e+00
1.750e+01 9.531e+00
2.000e+01 1.052e+01
