# CESIUM from NIST Database
1.873e+00 4.434e+00
1.000e-02 5.614e-04
1.250e-02 8.048e-04
1.500e-02 1.084e-03
1.750e-02 1.397e-03
2.000e-02 1.742e-03
2.500e-02 2.526e-03
3.000e-02 3.427e-03
3.500e-02 4.438e-03
4.000e-02 5.554e-03
4.500e-02 6.769e-03
5.000e-02 8.078e-03
5.500e-02 9.477e-03
6.000e-02 1.096e-02
7.000e-02 1.418e-02
8.000e-02 1.770e-02
9.000e-02 2.150e-02
1.000e-01 2.556e-02
1.250e-01 3.674e-02
1.500e-01 4.920e-02
1.750e-01 6.275e-02
2.000e-01 7.722e-02
2.500e-01 1.085e-01
3.000e-01 1.421e-01
3.500e-01 1.776e-01
4.000e-01 2.144e-01
4.500e-01 2.524e-01
5.000e-01 2.911e-01
5.500e-01 3.305e-01
6.000e-01 3.704e-01
7.000e-01 4.511e-01
8.000e-01 5.325e-01
9.000e-01 6.143e-01
1.000e+00 6.960e-01
1.250e+00 8.991e-01
1.500e+00 1.099e+00
1.750e+00 1.295e+00
2.000e+00 1.487e+00
2.500e+00 1.860e+00
3.000e+00 2.217e+00
3.500e+00 2.561e+00
4.000e+00 2.892e+00
4.500e+00 3.211e+00
5.000e+00 3.519e+00
5.500e+00 3.818e+00
6.000e+00 4.107e+00
7.000e+00 4.661e+00
8.000e+00 5.184e+00
9.000e+00 5.680e+00
1.000e+01 6.152e+00
1.250e+01 7.241e+00
1.500e+01 8.220e+00
1.750e+01 9.110e+00
2.000e+01 9.926e+00
