4.510E+00 1.860E+00
1.000E-02 6.284E-04 
1.250E-02 8.928E-04 
1.500E-02 1.195E-03 
1.750E-02 1.532E-03 
2.000E-02 1.904E-03 
2.500E-02 2.745E-03 
3.000E-02 3.709E-03 
3.500E-02 4.789E-03 
4.000E-02 5.978E-03 
4.500E-02 7.271E-03 
5.000E-02 8.663E-03 
5.500E-02 1.015E-02 
6.000E-02 1.172E-02 
7.000E-02 1.513E-02 
8.000E-02 1.885E-02 
9.000E-02 2.287E-02 
1.000E-01 2.716E-02 
1.250E-01 3.895E-02 
1.500E-01 5.206E-02 
1.750E-01 6.630E-02 
2.000E-01 8.149E-02 
2.500E-01 1.142E-01 
3.000E-01 1.494E-01 
3.500E-01 1.865E-01 
4.000E-01 2.249E-01 
4.500E-01 2.645E-01 
5.000E-01 3.048E-01 
5.500E-01 3.457E-01 
6.000E-01 3.871E-01 
7.000E-01 4.708E-01 
8.000E-01 5.551E-01 
9.000E-01 6.396E-01 
1.000E+00 7.239E-01 
1.250E+00 9.329E-01 
1.500E+00 1.138E+00 
1.750E+00 1.339E+00 
2.000E+00 1.535E+00 
2.500E+00 1.913E+00 
3.000E+00 2.275E+00 
3.500E+00 2.621E+00 
4.000E+00 2.954E+00 
4.500E+00 3.274E+00 
5.000E+00 3.582E+00 
5.500E+00 3.879E+00 
6.000E+00 4.167E+00 
7.000E+00 4.716E+00 
8.000E+00 5.232E+00 
9.000E+00 5.720E+00 
1.000E+01 6.182E+00 
1.250E+01 7.244E+00 
1.500E+01 8.194E+00 
1.750E+01 9.052E+00 
2.000E+01 9.836E+00 
2.500E+01 1.122E+01 
3.000E+01 1.242E+01 
3.500E+01 1.348E+01 
4.000E+01 1.443E+01 
4.500E+01 1.528E+01 
5.000E+01 1.606E+01 
5.500E+01 1.677E+01 
6.000E+01 1.743E+01 
7.000E+01 1.862E+01 
8.000E+01 1.966E+01 
9.000E+01 2.059E+01 
1.000E+02 2.143E+01 
1.250E+02 2.323E+01 
1.500E+02 2.471E+01 
1.750E+02 2.597E+01 
2.000E+02 2.707E+01 