# COPPER from NIST Database
8.960e+00 1.436e+00
1.000e-02 4.601e-04
1.250e-02 6.658e-04
1.500e-02 9.028e-04
1.750e-02 1.170e-03
2.000e-02 1.465e-03
2.500e-02 2.138e-03
3.000e-02 2.914e-03
3.500e-02 3.788e-03
4.000e-02 4.754e-03
4.500e-02 5.808e-03
5.000e-02 6.946e-03
5.500e-02 8.164e-03
6.000e-02 9.459e-03
7.000e-02 1.227e-02
8.000e-02 1.535e-02
9.000e-02 1.868e-02
1.000e-01 2.225e-02
1.250e-01 3.211e-02
1.500e-01 4.314e-02
1.750e-01 5.517e-02
2.000e-01 6.807e-02
2.500e-01 9.603e-02
3.000e-01 1.263e-01
3.500e-01 1.584e-01
4.000e-01 1.918e-01
4.500e-01 2.263e-01
5.000e-01 2.617e-01
5.500e-01 2.978e-01
6.000e-01 3.345e-01
7.000e-01 4.089e-01
8.000e-01 4.843e-01
9.000e-01 5.604e-01
1.000e+00 6.367e-01
1.250e+00 8.276e-01
1.500e+00 1.017e+00
1.750e+00 1.204e+00
2.000e+00 1.389e+00
2.500e+00 1.750e+00
3.000e+00 2.101e+00
3.500e+00 2.441e+00
4.000e+00 2.772e+00
4.500e+00 3.094e+00
5.000e+00 3.408e+00
5.500e+00 3.715e+00
6.000e+00 4.013e+00
7.000e+00 4.591e+00
8.000e+00 5.143e+00
9.000e+00 5.673e+00
1.000e+01 6.183e+00
1.250e+01 7.376e+00
1.500e+01 8.472e+00
1.750e+01 9.484e+00
2.000e+01 1.043e+01
