# CYCLOHEXANE from NIST Database
7.790e-01 5.748e+01
1.000e-02 2.299e-04
1.250e-02 3.418e-04
1.500e-02 4.729e-04
1.750e-02 6.223e-04
2.000e-02 7.895e-04
2.500e-02 1.175e-03
3.000e-02 1.625e-03
3.500e-02 2.137e-03
4.000e-02 2.707e-03
4.500e-02 3.334e-03
5.000e-02 4.014e-03
5.500e-02 4.745e-03
6.000e-02 5.526e-03
7.000e-02 7.230e-03
8.000e-02 9.110e-03
9.000e-02 1.116e-02
1.000e-01 1.336e-02
1.250e-01 1.947e-02
1.500e-01 2.636e-02
1.750e-01 3.391e-02
2.000e-01 4.205e-02
2.500e-01 5.977e-02
3.000e-01 7.906e-02
3.500e-01 9.957e-02
4.000e-01 1.210e-01
4.500e-01 1.433e-01
5.000e-01 1.662e-01
5.500e-01 1.896e-01
6.000e-01 2.135e-01
7.000e-01 2.623e-01
8.000e-01 3.121e-01
9.000e-01 3.626e-01
1.000e+00 4.137e-01
1.250e+00 5.427e-01
1.500e+00 6.726e-01
1.750e+00 8.026e-01
2.000e+00 9.324e-01
2.500e+00 1.191e+00
3.000e+00 1.447e+00
3.500e+00 1.700e+00
4.000e+00 1.951e+00
4.500e+00 2.200e+00
5.000e+00 2.446e+00
5.500e+00 2.690e+00
6.000e+00 2.932e+00
7.000e+00 3.410e+00
8.000e+00 3.881e+00
9.000e+00 4.345e+00
1.000e+01 4.803e+00
1.250e+01 5.923e+00
1.500e+01 7.010e+00
1.750e+01 8.068e+00
2.000e+01 9.099e+00
