# DICHLORODIETHYL ETHER from NIST Database
1.220e+00 2.172e+01
1.000e-02 2.910e-04
1.250e-02 4.298e-04
1.500e-02 5.916e-04
1.750e-02 7.755e-04
2.000e-02 9.806e-04
2.500e-02 1.452e-03
3.000e-02 2.001e-03
3.500e-02 2.623e-03
4.000e-02 3.314e-03
4.500e-02 4.073e-03
5.000e-02 4.894e-03
5.500e-02 5.777e-03
6.000e-02 6.719e-03
7.000e-02 8.769e-03
8.000e-02 1.103e-02
9.000e-02 1.348e-02
1.000e-01 1.612e-02
1.250e-01 2.343e-02
1.500e-01 3.164e-02
1.750e-01 4.064e-02
2.000e-01 5.031e-02
2.500e-01 7.133e-02
3.000e-01 9.417e-02
3.500e-01 1.184e-01
4.000e-01 1.437e-01
4.500e-01 1.700e-01
5.000e-01 1.969e-01
5.500e-01 2.244e-01
6.000e-01 2.524e-01
7.000e-01 3.095e-01
8.000e-01 3.677e-01
9.000e-01 4.266e-01
1.000e+00 4.860e-01
1.250e+00 6.355e-01
1.500e+00 7.854e-01
1.750e+00 9.348e-01
2.000e+00 1.083e+00
2.500e+00 1.378e+00
3.000e+00 1.667e+00
3.500e+00 1.952e+00
4.000e+00 2.233e+00
4.500e+00 2.510e+00
5.000e+00 2.783e+00
5.500e+00 3.052e+00
6.000e+00 3.317e+00
7.000e+00 3.839e+00
8.000e+00 4.348e+00
9.000e+00 4.846e+00
1.000e+01 5.334e+00
1.250e+01 6.512e+00
1.500e+01 7.636e+00
1.750e+01 8.713e+00
2.000e+01 9.748e+00
