# DIETHYL ETHER from NIST Database
7.138e-01 5.926e+01
1.000e-02 2.345e-04
1.250e-02 3.484e-04
1.500e-02 4.818e-04
1.750e-02 6.339e-04
2.000e-02 8.039e-04
2.500e-02 1.196e-03
3.000e-02 1.653e-03
3.500e-02 2.174e-03
4.000e-02 2.753e-03
4.500e-02 3.389e-03
5.000e-02 4.080e-03
5.500e-02 4.823e-03
6.000e-02 5.616e-03
7.000e-02 7.346e-03
8.000e-02 9.255e-03
9.000e-02 1.133e-02
1.000e-01 1.356e-02
1.250e-01 1.977e-02
1.500e-01 2.675e-02
1.750e-01 3.442e-02
2.000e-01 4.267e-02
2.500e-01 6.064e-02
3.000e-01 8.019e-02
3.500e-01 1.010e-01
4.000e-01 1.227e-01
4.500e-01 1.453e-01
5.000e-01 1.684e-01
5.500e-01 1.921e-01
6.000e-01 2.162e-01
7.000e-01 2.655e-01
8.000e-01 3.157e-01
9.000e-01 3.666e-01
1.000e+00 4.181e-01
1.250e+00 5.480e-01
1.500e+00 6.786e-01
1.750e+00 8.094e-01
2.000e+00 9.400e-01
2.500e+00 1.200e+00
3.000e+00 1.457e+00
3.500e+00 1.711e+00
4.000e+00 1.963e+00
4.500e+00 2.213e+00
5.000e+00 2.460e+00
5.500e+00 2.705e+00
6.000e+00 2.948e+00
7.000e+00 3.427e+00
8.000e+00 3.899e+00
9.000e+00 4.364e+00
1.000e+01 4.822e+00
1.250e+01 5.942e+00
1.500e+01 7.028e+00
1.750e+01 8.083e+00
2.000e+01 9.110e+00
