# DIMETHYL SULFOXIDE from NIST Database
1.101e+00 2.561e+01
1.000e-02 2.769e-04
1.250e-02 4.092e-04
1.500e-02 5.636e-04
1.750e-02 7.390e-04
2.000e-02 9.348e-04
2.500e-02 1.385e-03
3.000e-02 1.909e-03
3.500e-02 2.503e-03
4.000e-02 3.164e-03
4.500e-02 3.888e-03
5.000e-02 4.673e-03
5.500e-02 5.517e-03
6.000e-02 6.417e-03
7.000e-02 8.377e-03
8.000e-02 1.054e-02
9.000e-02 1.288e-02
1.000e-01 1.540e-02
1.250e-01 2.239e-02
1.500e-01 3.025e-02
1.750e-01 3.886e-02
2.000e-01 4.812e-02
2.500e-01 6.824e-02
3.000e-01 9.011e-02
3.500e-01 1.133e-01
4.000e-01 1.376e-01
4.500e-01 1.627e-01
5.000e-01 1.885e-01
5.500e-01 2.148e-01
6.000e-01 2.416e-01
7.000e-01 2.963e-01
8.000e-01 3.519e-01
9.000e-01 4.083e-01
1.000e+00 4.651e-01
1.250e+00 6.083e-01
1.500e+00 7.518e-01
1.750e+00 8.950e-01
2.000e+00 1.038e+00
2.500e+00 1.320e+00
3.000e+00 1.598e+00
3.500e+00 1.872e+00
4.000e+00 2.142e+00
4.500e+00 2.409e+00
5.000e+00 2.672e+00
5.500e+00 2.932e+00
6.000e+00 3.188e+00
7.000e+00 3.693e+00
8.000e+00 4.186e+00
9.000e+00 4.669e+00
1.000e+01 5.143e+00
1.250e+01 6.290e+00
1.500e+01 7.388e+00
1.750e+01 8.444e+00
2.000e+01 9.460e+00
