# ERBIUM from NIST Database
9.066e+00 7.881e-01
1.000e-02 7.010e-04
1.250e-02 9.871e-04
1.500e-02 1.313e-03
1.750e-02 1.676e-03
2.000e-02 2.075e-03
2.500e-02 2.975e-03
3.000e-02 4.005e-03
3.500e-02 5.157e-03
4.000e-02 6.423e-03
4.500e-02 7.799e-03
5.000e-02 9.278e-03
5.500e-02 1.086e-02
6.000e-02 1.253e-02
7.000e-02 1.614e-02
8.000e-02 2.008e-02
9.000e-02 2.434e-02
1.000e-01 2.887e-02
1.250e-01 4.133e-02
1.500e-01 5.518e-02
1.750e-01 7.020e-02
2.000e-01 8.622e-02
2.500e-01 1.207e-01
3.000e-01 1.578e-01
3.500e-01 1.968e-01
4.000e-01 2.372e-01
4.500e-01 2.787e-01
5.000e-01 3.210e-01
5.500e-01 3.640e-01
6.000e-01 4.073e-01
7.000e-01 4.950e-01
8.000e-01 5.831e-01
9.000e-01 6.713e-01
1.000e+00 7.592e-01
1.250e+00 9.766e-01
1.500e+00 1.189e+00
1.750e+00 1.397e+00
2.000e+00 1.599e+00
2.500e+00 1.987e+00
3.000e+00 2.356e+00
3.500e+00 2.707e+00
4.000e+00 3.042e+00
4.500e+00 3.363e+00
5.000e+00 3.671e+00
5.500e+00 3.967e+00
6.000e+00 4.252e+00
7.000e+00 4.792e+00
8.000e+00 5.296e+00
9.000e+00 5.770e+00
1.000e+01 6.216e+00
1.250e+01 7.231e+00
1.500e+01 8.129e+00
1.750e+01 8.934e+00
2.000e+01 9.663e+00
