# ETHANE from NIST Database
1.253e-03 3.615e+04
1.000e-02 2.094e-04
1.250e-02 3.119e-04
1.500e-02 4.322e-04
1.750e-02 5.694e-04
2.000e-02 7.231e-04
2.500e-02 1.078e-03
3.000e-02 1.492e-03
3.500e-02 1.964e-03
4.000e-02 2.490e-03
4.500e-02 3.069e-03
5.000e-02 3.697e-03
5.500e-02 4.372e-03
6.000e-02 5.094e-03
7.000e-02 6.670e-03
8.000e-02 8.409e-03
9.000e-02 1.030e-02
1.000e-01 1.234e-02
1.250e-01 1.801e-02
1.500e-01 2.439e-02
1.750e-01 3.140e-02
2.000e-01 3.895e-02
2.500e-01 5.541e-02
3.000e-01 7.334e-02
3.500e-01 9.241e-02
4.000e-01 1.124e-01
4.500e-01 1.331e-01
5.000e-01 1.544e-01
5.500e-01 1.761e-01
6.000e-01 1.982e-01
7.000e-01 2.433e-01
8.000e-01 2.892e-01
9.000e-01 3.357e-01
1.000e+00 3.824e-01
1.250e+00 5.000e-01
1.500e+00 6.175e-01
1.750e+00 7.345e-01
2.000e+00 8.506e-01
2.500e+00 1.080e+00
3.000e+00 1.305e+00
3.500e+00 1.527e+00
4.000e+00 1.745e+00
4.500e+00 1.960e+00
5.000e+00 2.172e+00
5.500e+00 2.381e+00
6.000e+00 2.587e+00
7.000e+00 2.993e+00
8.000e+00 3.391e+00
9.000e+00 3.782e+00
1.000e+01 4.165e+00
1.250e+01 5.098e+00
1.500e+01 5.998e+00
1.750e+01 6.871e+00
2.000e+01 7.719e+00
