# ETHYL ALCOHOL from NIST Database
7.893e-01 5.184e+01
1.000e-02 2.378e-04
1.250e-02 3.533e-04
1.500e-02 4.883e-04
1.750e-02 6.422e-04
2.000e-02 8.144e-04
2.500e-02 1.211e-03
3.000e-02 1.674e-03
3.500e-02 2.200e-03
4.000e-02 2.786e-03
4.500e-02 3.429e-03
5.000e-02 4.128e-03
5.500e-02 4.879e-03
6.000e-02 5.680e-03
7.000e-02 7.428e-03
8.000e-02 9.358e-03
9.000e-02 1.146e-02
1.000e-01 1.371e-02
1.250e-01 1.998e-02
1.500e-01 2.704e-02
1.750e-01 3.478e-02
2.000e-01 4.311e-02
2.500e-01 6.125e-02
3.000e-01 8.099e-02
3.500e-01 1.020e-01
4.000e-01 1.239e-01
4.500e-01 1.467e-01
5.000e-01 1.701e-01
5.500e-01 1.940e-01
6.000e-01 2.183e-01
7.000e-01 2.680e-01
8.000e-01 3.186e-01
9.000e-01 3.700e-01
1.000e+00 4.219e-01
1.250e+00 5.529e-01
1.500e+00 6.847e-01
1.750e+00 8.167e-01
2.000e+00 9.483e-01
2.500e+00 1.210e+00
3.000e+00 1.469e+00
3.500e+00 1.726e+00
4.000e+00 1.980e+00
4.500e+00 2.231e+00
5.000e+00 2.480e+00
5.500e+00 2.727e+00
6.000e+00 2.971e+00
7.000e+00 3.454e+00
8.000e+00 3.929e+00
9.000e+00 4.397e+00
1.000e+01 4.857e+00
1.250e+01 5.983e+00
1.500e+01 7.073e+00
1.750e+01 8.132e+00
2.000e+01 9.162e+00
