# ETHYLENE from NIST Database
1.175e-03 3.811e+04
1.000e-02 2.248e-04
1.250e-02 3.346e-04
1.500e-02 4.632e-04
1.750e-02 6.100e-04
2.000e-02 7.742e-04
2.500e-02 1.153e-03
3.000e-02 1.596e-03
3.500e-02 2.099e-03
4.000e-02 2.661e-03
4.500e-02 3.277e-03
5.000e-02 3.947e-03
5.500e-02 4.667e-03
6.000e-02 5.437e-03
7.000e-02 7.115e-03
8.000e-02 8.969e-03
9.000e-02 1.099e-02
1.000e-01 1.315e-02
1.250e-01 1.918e-02
1.500e-01 2.598e-02
1.750e-01 3.344e-02
2.000e-01 4.147e-02
2.500e-01 5.897e-02
3.000e-01 7.802e-02
3.500e-01 9.828e-02
4.000e-01 1.195e-01
4.500e-01 1.415e-01
5.000e-01 1.641e-01
5.500e-01 1.872e-01
6.000e-01 2.106e-01
7.000e-01 2.585e-01
8.000e-01 3.072e-01
9.000e-01 3.565e-01
1.000e+00 4.061e-01
1.250e+00 5.307e-01
1.500e+00 6.553e-01
1.750e+00 7.793e-01
2.000e+00 9.023e-01
2.500e+00 1.145e+00
3.000e+00 1.384e+00
3.500e+00 1.618e+00
4.000e+00 1.849e+00
4.500e+00 2.076e+00
5.000e+00 2.300e+00
5.500e+00 2.520e+00
6.000e+00 2.739e+00
7.000e+00 3.167e+00
8.000e+00 3.587e+00
9.000e+00 3.999e+00
1.000e+01 4.403e+00
1.250e+01 5.385e+00
1.500e+01 6.331e+00
1.750e+01 7.247e+00
2.000e+01 8.136e+00
