# ETHYL CELLULOSE from NIST Database
1.130e+00 3.594e+01
1.000e-02 2.521e-04
1.250e-02 3.740e-04
1.500e-02 5.166e-04
1.750e-02 6.791e-04
2.000e-02 8.606e-04
2.500e-02 1.279e-03
3.000e-02 1.767e-03
3.500e-02 2.321e-03
4.000e-02 2.938e-03
4.500e-02 3.615e-03
5.000e-02 4.350e-03
5.500e-02 5.140e-03
6.000e-02 5.984e-03
7.000e-02 7.823e-03
8.000e-02 9.851e-03
9.000e-02 1.206e-02
1.000e-01 1.443e-02
1.250e-01 2.101e-02
1.500e-01 2.843e-02
1.750e-01 3.656e-02
2.000e-01 4.530e-02
2.500e-01 6.435e-02
3.000e-01 8.506e-02
3.500e-01 1.071e-01
4.000e-01 1.301e-01
4.500e-01 1.540e-01
5.000e-01 1.785e-01
5.500e-01 2.037e-01
6.000e-01 2.293e-01
7.000e-01 2.815e-01
8.000e-01 3.349e-01
9.000e-01 3.890e-01
1.000e+00 4.436e-01
1.250e+00 5.816e-01
1.500e+00 7.204e-01
1.750e+00 8.593e-01
2.000e+00 9.978e-01
2.500e+00 1.273e+00
3.000e+00 1.546e+00
3.500e+00 1.816e+00
4.000e+00 2.082e+00
4.500e+00 2.346e+00
5.000e+00 2.608e+00
5.500e+00 2.867e+00
6.000e+00 3.123e+00
7.000e+00 3.629e+00
8.000e+00 4.126e+00
9.000e+00 4.616e+00
1.000e+01 5.098e+00
1.250e+01 6.275e+00
1.500e+01 7.413e+00
1.750e+01 8.517e+00
2.000e+01 9.590e+00
