# EUROPIUM from NIST Database
5.243e+00 1.419e+00
1.000e-02 6.446e-04
1.250e-02 9.137e-04
1.500e-02 1.221e-03
1.750e-02 1.564e-03
2.000e-02 1.941e-03
2.500e-02 2.795e-03
3.000e-02 3.773e-03
3.500e-02 4.868e-03
4.000e-02 6.074e-03
4.500e-02 7.384e-03
5.000e-02 8.793e-03
5.500e-02 1.030e-02
6.000e-02 1.189e-02
7.000e-02 1.534e-02
8.000e-02 1.911e-02
9.000e-02 2.317e-02
1.000e-01 2.751e-02
1.250e-01 3.944e-02
1.500e-01 5.270e-02
1.750e-01 6.709e-02
2.000e-01 8.246e-02
2.500e-01 1.156e-01
3.000e-01 1.511e-01
3.500e-01 1.886e-01
4.000e-01 2.275e-01
4.500e-01 2.674e-01
5.000e-01 3.081e-01
5.500e-01 3.495e-01
6.000e-01 3.912e-01
7.000e-01 4.757e-01
8.000e-01 5.606e-01
9.000e-01 6.457e-01
1.000e+00 7.306e-01
1.250e+00 9.406e-01
1.500e+00 1.146e+00
1.750e+00 1.347e+00
2.000e+00 1.543e+00
2.500e+00 1.920e+00
3.000e+00 2.280e+00
3.500e+00 2.622e+00
4.000e+00 2.950e+00
4.500e+00 3.265e+00
5.000e+00 3.567e+00
5.500e+00 3.857e+00
6.000e+00 4.138e+00
7.000e+00 4.670e+00
8.000e+00 5.169e+00
9.000e+00 5.639e+00
1.000e+01 6.083e+00
1.250e+01 7.095e+00
1.500e+01 7.994e+00
1.750e+01 8.803e+00
2.000e+01 9.537e+00
