# EYE LENS (ICRP) from NIST Database
1.100e+00 3.417e+01
1.000e-02 2.531e-04
1.250e-02 3.753e-04
1.500e-02 5.181e-04
1.750e-02 6.808e-04
2.000e-02 8.626e-04
2.500e-02 1.281e-03
3.000e-02 1.769e-03
3.500e-02 2.323e-03
4.000e-02 2.941e-03
4.500e-02 3.618e-03
5.000e-02 4.353e-03
5.500e-02 5.143e-03
6.000e-02 5.986e-03
7.000e-02 7.824e-03
8.000e-02 9.851e-03
9.000e-02 1.205e-02
1.000e-01 1.442e-02
1.250e-01 2.100e-02
1.500e-01 2.840e-02
1.750e-01 3.652e-02
2.000e-01 4.525e-02
2.500e-01 6.426e-02
3.000e-01 8.493e-02
3.500e-01 1.069e-01
4.000e-01 1.299e-01
4.500e-01 1.537e-01
5.000e-01 1.781e-01
5.500e-01 2.031e-01
6.000e-01 2.286e-01
7.000e-01 2.805e-01
8.000e-01 3.335e-01
9.000e-01 3.872e-01
1.000e+00 4.415e-01
1.250e+00 5.783e-01
1.500e+00 7.160e-01
1.750e+00 8.537e-01
2.000e+00 9.910e-01
2.500e+00 1.264e+00
3.000e+00 1.534e+00
3.500e+00 1.801e+00
4.000e+00 2.065e+00
4.500e+00 2.327e+00
5.000e+00 2.586e+00
5.500e+00 2.842e+00
6.000e+00 3.096e+00
7.000e+00 3.596e+00
8.000e+00 4.088e+00
9.000e+00 4.572e+00
1.000e+01 5.048e+00
1.250e+01 6.209e+00
1.500e+01 7.330e+00
1.750e+01 8.415e+00
2.000e+01 9.468e+00
