# FLUORINE from NIST Database
1.580e-03 2.084e+04
1.000e-02 3.264e-04
1.250e-02 4.815e-04
1.500e-02 6.621e-04
1.750e-02 8.672e-04
2.000e-02 1.096e-03
2.500e-02 1.621e-03
3.000e-02 2.232e-03
3.500e-02 2.924e-03
4.000e-02 3.693e-03
4.500e-02 4.536e-03
5.000e-02 5.450e-03
5.500e-02 6.431e-03
6.000e-02 7.477e-03
7.000e-02 9.754e-03
8.000e-02 1.226e-02
9.000e-02 1.499e-02
1.000e-01 1.791e-02
1.250e-01 2.602e-02
1.500e-01 3.513e-02
1.750e-01 4.511e-02
2.000e-01 5.583e-02
2.500e-01 7.913e-02
3.000e-01 1.044e-01
3.500e-01 1.313e-01
4.000e-01 1.593e-01
4.500e-01 1.884e-01
5.000e-01 2.181e-01
5.500e-01 2.485e-01
6.000e-01 2.794e-01
7.000e-01 3.422e-01
8.000e-01 4.060e-01
9.000e-01 4.704e-01
1.000e+00 5.351e-01
1.250e+00 6.974e-01
1.500e+00 8.590e-01
1.750e+00 1.019e+00
2.000e+00 1.178e+00
2.500e+00 1.490e+00
3.000e+00 1.795e+00
3.500e+00 2.094e+00
4.000e+00 2.387e+00
4.500e+00 2.674e+00
5.000e+00 2.957e+00
5.500e+00 3.235e+00
6.000e+00 3.508e+00
7.000e+00 4.043e+00
8.000e+00 4.564e+00
9.000e+00 5.071e+00
1.000e+01 5.567e+00
1.250e+01 6.762e+00
1.500e+01 7.900e+00
1.750e+01 8.988e+00
2.000e+01 1.003e+01
