# IRON from NIST Database
7.874e+00 1.757e+00
1.000e-02 4.330e-04
1.250e-02 6.284e-04
1.500e-02 8.539e-04
1.750e-02 1.108e-03
2.000e-02 1.390e-03
2.500e-02 2.032e-03
3.000e-02 2.774e-03
3.500e-02 3.610e-03
4.000e-02 4.536e-03
4.500e-02 5.546e-03
5.000e-02 6.637e-03
5.500e-02 7.806e-03
6.000e-02 9.050e-03
7.000e-02 1.175e-02
8.000e-02 1.471e-02
9.000e-02 1.792e-02
1.000e-01 2.136e-02
1.250e-01 3.085e-02
1.500e-01 4.149e-02
1.750e-01 5.310e-02
2.000e-01 6.556e-02
2.500e-01 9.257e-02
3.000e-01 1.218e-01
3.500e-01 1.528e-01
4.000e-01 1.851e-01
4.500e-01 2.186e-01
5.000e-01 2.528e-01
5.500e-01 2.877e-01
6.000e-01 3.232e-01
7.000e-01 3.952e-01
8.000e-01 4.683e-01
9.000e-01 5.420e-01
1.000e+00 6.159e-01
1.250e+00 8.011e-01
1.500e+00 9.851e-01
1.750e+00 1.167e+00
2.000e+00 1.347e+00
2.500e+00 1.699e+00
3.000e+00 2.042e+00
3.500e+00 2.375e+00
4.000e+00 2.700e+00
4.500e+00 3.016e+00
5.000e+00 3.325e+00
5.500e+00 3.627e+00
6.000e+00 3.922e+00
7.000e+00 4.493e+00
8.000e+00 5.042e+00
9.000e+00 5.569e+00
1.000e+01 6.077e+00
1.250e+01 7.272e+00
1.500e+01 8.374e+00
1.750e+01 9.397e+00
2.000e+01 1.035e+01
