# FERRIC OXIDE from NIST Database
5.200e+00 3.242e+00
1.000e-02 3.931e-04
1.250e-02 5.734e-04
1.500e-02 7.820e-04
1.750e-02 1.018e-03
2.000e-02 1.279e-03
2.500e-02 1.877e-03
3.000e-02 2.569e-03
3.500e-02 3.349e-03
4.000e-02 4.214e-03
4.500e-02 5.159e-03
5.000e-02 6.181e-03
5.500e-02 7.276e-03
6.000e-02 8.442e-03
7.000e-02 1.097e-02
8.000e-02 1.375e-02
9.000e-02 1.677e-02
1.000e-01 1.999e-02
1.250e-01 2.892e-02
1.500e-01 3.892e-02
1.750e-01 4.983e-02
2.000e-01 6.153e-02
2.500e-01 8.691e-02
3.000e-01 1.144e-01
3.500e-01 1.436e-01
4.000e-01 1.741e-01
4.500e-01 2.057e-01
5.000e-01 2.380e-01
5.500e-01 2.710e-01
6.000e-01 3.046e-01
7.000e-01 3.729e-01
8.000e-01 4.422e-01
9.000e-01 5.123e-01
1.000e+00 5.827e-01
1.250e+00 7.594e-01
1.500e+00 9.355e-01
1.750e+00 1.110e+00
2.000e+00 1.283e+00
2.500e+00 1.624e+00
3.000e+00 1.956e+00
3.500e+00 2.281e+00
4.000e+00 2.598e+00
4.500e+00 2.909e+00
5.000e+00 3.214e+00
5.500e+00 3.512e+00
6.000e+00 3.805e+00
7.000e+00 4.375e+00
8.000e+00 4.925e+00
9.000e+00 5.457e+00
1.000e+01 5.973e+00
1.250e+01 7.195e+00
1.500e+01 8.336e+00
1.750e+01 9.405e+00
2.000e+01 1.041e+01
