# FERROBORIDE from NIST Database
7.150e+00 2.198e+00
1.000e-02 4.204e-04
1.250e-02 6.114e-04
1.500e-02 8.320e-04
1.750e-02 1.081e-03
2.000e-02 1.357e-03
2.500e-02 1.987e-03
3.000e-02 2.715e-03
3.500e-02 3.536e-03
4.000e-02 4.445e-03
4.500e-02 5.438e-03
5.000e-02 6.510e-03
5.500e-02 7.659e-03
6.000e-02 8.882e-03
7.000e-02 1.153e-02
8.000e-02 1.445e-02
9.000e-02 1.760e-02
1.000e-01 2.098e-02
1.250e-01 3.031e-02
1.500e-01 4.076e-02
1.750e-01 5.217e-02
2.000e-01 6.442e-02
2.500e-01 9.101e-02
3.000e-01 1.198e-01
3.500e-01 1.504e-01
4.000e-01 1.823e-01
4.500e-01 2.153e-01
5.000e-01 2.491e-01
5.500e-01 2.836e-01
6.000e-01 3.187e-01
7.000e-01 3.900e-01
8.000e-01 4.623e-01
9.000e-01 5.354e-01
1.000e+00 6.088e-01
1.250e+00 7.926e-01
1.500e+00 9.756e-01
1.750e+00 1.157e+00
2.000e+00 1.336e+00
2.500e+00 1.688e+00
3.000e+00 2.031e+00
3.500e+00 2.366e+00
4.000e+00 2.692e+00
4.500e+00 3.011e+00
5.000e+00 3.323e+00
5.500e+00 3.629e+00
6.000e+00 3.928e+00
7.000e+00 4.509e+00
8.000e+00 5.068e+00
9.000e+00 5.608e+00
1.000e+01 6.129e+00
1.250e+01 7.362e+00
1.500e+01 8.507e+00
1.750e+01 9.576e+00
2.000e+01 1.058e+01
