# FERROUS OXIDE from NIST Database
5.700e+00 2.799e+00
1.000e-02 4.067e-04
1.250e-02 5.921e-04
1.500e-02 8.064e-04
1.750e-02 1.048e-03
2.000e-02 1.317e-03
2.500e-02 1.929e-03
3.000e-02 2.638e-03
3.500e-02 3.437e-03
4.000e-02 4.322e-03
4.500e-02 5.288e-03
5.000e-02 6.333e-03
5.500e-02 7.452e-03
6.000e-02 8.643e-03
7.000e-02 1.123e-02
8.000e-02 1.407e-02
9.000e-02 1.714e-02
1.000e-01 2.044e-02
1.250e-01 2.954e-02
1.500e-01 3.973e-02
1.750e-01 5.085e-02
2.000e-01 6.277e-02
2.500e-01 8.863e-02
3.000e-01 1.167e-01
3.500e-01 1.464e-01
4.000e-01 1.774e-01
4.500e-01 2.095e-01
5.000e-01 2.424e-01
5.500e-01 2.760e-01
6.000e-01 3.101e-01
7.000e-01 3.795e-01
8.000e-01 4.500e-01
9.000e-01 5.211e-01
1.000e+00 5.926e-01
1.250e+00 7.717e-01
1.500e+00 9.501e-01
1.750e+00 1.127e+00
2.000e+00 1.302e+00
2.500e+00 1.646e+00
3.000e+00 1.981e+00
3.500e+00 2.309e+00
4.000e+00 2.628e+00
4.500e+00 2.941e+00
5.000e+00 3.247e+00
5.500e+00 3.547e+00
6.000e+00 3.840e+00
7.000e+00 4.411e+00
8.000e+00 4.961e+00
9.000e+00 5.492e+00
1.000e+01 6.006e+00
1.250e+01 7.222e+00
1.500e+01 8.352e+00
1.750e+01 9.409e+00
2.000e+01 1.040e+01
