# FERROUS SULFATE DOSIMETER SOLUTION from NIST Database
1.024e+00 3.481e+01
1.000e-02 2.534e-04
1.250e-02 3.755e-04
1.500e-02 5.183e-04
1.750e-02 6.809e-04
2.000e-02 8.625e-04
2.500e-02 1.281e-03
3.000e-02 1.768e-03
3.500e-02 2.321e-03
4.000e-02 2.938e-03
4.500e-02 3.614e-03
5.000e-02 4.347e-03
5.500e-02 5.136e-03
6.000e-02 5.977e-03
7.000e-02 7.810e-03
8.000e-02 9.833e-03
9.000e-02 1.203e-02
1.000e-01 1.439e-02
1.250e-01 2.095e-02
1.500e-01 2.834e-02
1.750e-01 3.643e-02
2.000e-01 4.513e-02
2.500e-01 6.408e-02
3.000e-01 8.469e-02
3.500e-01 1.066e-01
4.000e-01 1.295e-01
4.500e-01 1.532e-01
5.000e-01 1.775e-01
5.500e-01 2.024e-01
6.000e-01 2.277e-01
7.000e-01 2.793e-01
8.000e-01 3.320e-01
9.000e-01 3.853e-01
1.000e+00 4.391e-01
1.250e+00 5.748e-01
1.500e+00 7.112e-01
1.750e+00 8.476e-01
2.000e+00 9.836e-01
2.500e+00 1.254e+00
3.000e+00 1.521e+00
3.500e+00 1.786e+00
4.000e+00 2.047e+00
4.500e+00 2.306e+00
5.000e+00 2.562e+00
5.500e+00 2.815e+00
6.000e+00 3.066e+00
7.000e+00 3.561e+00
8.000e+00 4.047e+00
9.000e+00 4.525e+00
1.000e+01 4.995e+00
1.250e+01 6.140e+00
1.500e+01 7.244e+00
1.750e+01 8.313e+00
2.000e+01 9.348e+00
