# FRANCIUM from NIST Database
1.000e+00 1.932e+01
1.000e-02 8.403e-04
1.250e-02 1.163e-03
1.500e-02 1.528e-03
1.750e-02 1.934e-03
2.000e-02 2.378e-03
2.500e-02 3.377e-03
3.000e-02 4.516e-03
3.500e-02 5.785e-03
4.000e-02 7.177e-03
4.500e-02 8.685e-03
5.000e-02 1.030e-02
5.500e-02 1.203e-02
6.000e-02 1.385e-02
7.000e-02 1.779e-02
8.000e-02 2.207e-02
9.000e-02 2.668e-02
1.000e-01 3.158e-02
1.250e-01 4.500e-02
1.500e-01 5.986e-02
1.750e-01 7.592e-02
2.000e-01 9.300e-02
2.500e-01 1.296e-01
3.000e-01 1.687e-01
3.500e-01 2.097e-01
4.000e-01 2.520e-01
4.500e-01 2.952e-01
5.000e-01 3.392e-01
5.500e-01 3.837e-01
6.000e-01 4.284e-01
7.000e-01 5.185e-01
8.000e-01 6.086e-01
9.000e-01 6.984e-01
1.000e+00 7.876e-01
1.250e+00 1.007e+00
1.500e+00 1.219e+00
1.750e+00 1.425e+00
2.000e+00 1.625e+00
2.500e+00 2.006e+00
3.000e+00 2.365e+00
3.500e+00 2.705e+00
4.000e+00 3.027e+00
4.500e+00 3.335e+00
5.000e+00 3.628e+00
5.500e+00 3.909e+00
6.000e+00 4.179e+00
7.000e+00 4.687e+00
8.000e+00 5.160e+00
9.000e+00 5.602e+00
1.000e+01 6.017e+00
1.250e+01 6.955e+00
1.500e+01 7.779e+00
1.750e+01 8.514e+00
2.000e+01 9.177e+00
