# FREON-13B1 from NIST Database
1.500e+00 1.102e+01
1.000e-02 4.001e-04
1.250e-02 5.845e-04
1.500e-02 7.980e-04
1.750e-02 1.039e-03
2.000e-02 1.308e-03
2.500e-02 1.920e-03
3.000e-02 2.630e-03
3.500e-02 3.432e-03
4.000e-02 4.320e-03
4.500e-02 5.291e-03
5.000e-02 6.341e-03
5.500e-02 7.466e-03
6.000e-02 8.664e-03
7.000e-02 1.127e-02
8.000e-02 1.413e-02
9.000e-02 1.723e-02
1.000e-01 2.055e-02
1.250e-01 2.973e-02
1.500e-01 4.002e-02
1.750e-01 5.126e-02
2.000e-01 6.331e-02
2.500e-01 8.943e-02
3.000e-01 1.177e-01
3.500e-01 1.476e-01
4.000e-01 1.788e-01
4.500e-01 2.111e-01
5.000e-01 2.440e-01
5.500e-01 2.777e-01
6.000e-01 3.117e-01
7.000e-01 3.810e-01
8.000e-01 4.511e-01
9.000e-01 5.217e-01
1.000e+00 5.926e-01
1.250e+00 7.699e-01
1.500e+00 9.463e-01
1.750e+00 1.121e+00
2.000e+00 1.294e+00
2.500e+00 1.633e+00
3.000e+00 1.963e+00
3.500e+00 2.286e+00
4.000e+00 2.601e+00
4.500e+00 2.910e+00
5.000e+00 3.212e+00
5.500e+00 3.508e+00
6.000e+00 3.798e+00
7.000e+00 4.363e+00
8.000e+00 4.908e+00
9.000e+00 5.435e+00
1.000e+01 5.945e+00
1.250e+01 7.156e+00
1.500e+01 8.285e+00
1.750e+01 9.344e+00
2.000e+01 1.034e+01
