# FREON-13I1 from NIST Database
1.800e+00 6.411e+00
1.000e-02 4.631e-04
1.250e-02 6.717e-04
1.500e-02 9.122e-04
1.750e-02 1.183e-03
2.000e-02 1.484e-03
2.500e-02 2.168e-03
3.000e-02 2.958e-03
3.500e-02 3.848e-03
4.000e-02 4.833e-03
4.500e-02 5.907e-03
5.000e-02 7.068e-03
5.500e-02 8.310e-03
6.000e-02 9.630e-03
7.000e-02 1.249e-02
8.000e-02 1.564e-02
9.000e-02 1.904e-02
1.000e-01 2.268e-02
1.250e-01 3.272e-02
1.500e-01 4.395e-02
1.750e-01 5.619e-02
2.000e-01 6.929e-02
2.500e-01 9.762e-02
3.000e-01 1.282e-01
3.500e-01 1.605e-01
4.000e-01 1.942e-01
4.500e-01 2.289e-01
5.000e-01 2.643e-01
5.500e-01 3.004e-01
6.000e-01 3.369e-01
7.000e-01 4.109e-01
8.000e-01 4.858e-01
9.000e-01 5.612e-01
1.000e+00 6.366e-01
1.250e+00 8.248e-01
1.500e+00 1.011e+00
1.750e+00 1.195e+00
2.000e+00 1.375e+00
2.500e+00 1.728e+00
3.000e+00 2.069e+00
3.500e+00 2.400e+00
4.000e+00 2.720e+00
4.500e+00 3.032e+00
5.000e+00 3.334e+00
5.500e+00 3.629e+00
6.000e+00 3.917e+00
7.000e+00 4.470e+00
8.000e+00 4.999e+00
9.000e+00 5.505e+00
1.000e+01 5.990e+00
1.250e+01 7.123e+00
1.500e+01 8.158e+00
1.750e+01 9.112e+00
2.000e+01 9.996e+00
