# FREON-13 from NIST Database
9.500e-01 2.855e+01
1.000e-02 3.311e-04
1.250e-02 4.877e-04
1.500e-02 6.700e-04
1.750e-02 8.769e-04
2.000e-02 1.107e-03
2.500e-02 1.636e-03
3.000e-02 2.252e-03
3.500e-02 2.948e-03
4.000e-02 3.722e-03
4.500e-02 4.570e-03
5.000e-02 5.488e-03
5.500e-02 6.474e-03
6.000e-02 7.525e-03
7.000e-02 9.812e-03
8.000e-02 1.233e-02
9.000e-02 1.506e-02
1.000e-01 1.800e-02
1.250e-01 2.613e-02
1.500e-01 3.527e-02
1.750e-01 4.527e-02
2.000e-01 5.601e-02
2.500e-01 7.935e-02
3.000e-01 1.047e-01
3.500e-01 1.315e-01
4.000e-01 1.596e-01
4.500e-01 1.886e-01
5.000e-01 2.184e-01
5.500e-01 2.488e-01
6.000e-01 2.796e-01
7.000e-01 3.424e-01
8.000e-01 4.061e-01
9.000e-01 4.704e-01
1.000e+00 5.351e-01
1.250e+00 6.975e-01
1.500e+00 8.598e-01
1.750e+00 1.021e+00
2.000e+00 1.182e+00
2.500e+00 1.499e+00
3.000e+00 1.811e+00
3.500e+00 2.117e+00
4.000e+00 2.419e+00
4.500e+00 2.716e+00
5.000e+00 3.009e+00
5.500e+00 3.298e+00
6.000e+00 3.583e+00
7.000e+00 4.142e+00
8.000e+00 4.687e+00
9.000e+00 5.220e+00
1.000e+01 5.742e+00
1.250e+01 6.999e+00
1.500e+01 8.197e+00
1.750e+01 9.343e+00
2.000e+01 1.044e+01
