# FREON-12 from NIST Database
1.120e+00 2.111e+01
1.000e-02 3.412e-04
1.250e-02 5.017e-04
1.500e-02 6.883e-04
1.750e-02 8.999e-04
2.000e-02 1.136e-03
2.500e-02 1.676e-03
3.000e-02 2.303e-03
3.500e-02 3.013e-03
4.000e-02 3.802e-03
4.500e-02 4.666e-03
5.000e-02 5.601e-03
5.500e-02 6.604e-03
6.000e-02 7.674e-03
7.000e-02 1.000e-02
8.000e-02 1.256e-02
9.000e-02 1.534e-02
1.000e-01 1.832e-02
1.250e-01 2.658e-02
1.500e-01 3.585e-02
1.750e-01 4.600e-02
2.000e-01 5.689e-02
2.500e-01 8.054e-02
3.000e-01 1.062e-01
3.500e-01 1.334e-01
4.000e-01 1.618e-01
4.500e-01 1.912e-01
5.000e-01 2.213e-01
5.500e-01 2.520e-01
6.000e-01 2.832e-01
7.000e-01 3.466e-01
8.000e-01 4.110e-01
9.000e-01 4.761e-01
1.000e+00 5.415e-01
1.250e+00 7.058e-01
1.500e+00 8.700e-01
1.750e+00 1.033e+00
2.000e+00 1.195e+00
2.500e+00 1.515e+00
3.000e+00 1.829e+00
3.500e+00 2.136e+00
4.000e+00 2.439e+00
4.500e+00 2.736e+00
5.000e+00 3.029e+00
5.500e+00 3.317e+00
6.000e+00 3.601e+00
7.000e+00 4.156e+00
8.000e+00 4.697e+00
9.000e+00 5.224e+00
1.000e+01 5.738e+00
1.250e+01 6.973e+00
1.500e+01 8.144e+00
1.750e+01 9.259e+00
2.000e+01 1.032e+01
