# FREON-12B2 from NIST Database
1.800e+00 7.556e+00
1.000e-02 4.492e-04
1.250e-02 6.520e-04
1.500e-02 8.860e-04
1.750e-02 1.150e-03
2.000e-02 1.442e-03
2.500e-02 2.109e-03
3.000e-02 2.878e-03
3.500e-02 3.746e-03
4.000e-02 4.705e-03
4.500e-02 5.753e-03
5.000e-02 6.884e-03
5.500e-02 8.095e-03
6.000e-02 9.384e-03
7.000e-02 1.218e-02
8.000e-02 1.525e-02
9.000e-02 1.857e-02
1.000e-01 2.212e-02
1.250e-01 3.194e-02
1.500e-01 4.291e-02
1.750e-01 5.488e-02
2.000e-01 6.770e-02
2.500e-01 9.545e-02
3.000e-01 1.254e-01
3.500e-01 1.571e-01
4.000e-01 1.902e-01
4.500e-01 2.242e-01
5.000e-01 2.590e-01
5.500e-01 2.945e-01
6.000e-01 3.304e-01
7.000e-01 4.032e-01
8.000e-01 4.769e-01
9.000e-01 5.510e-01
1.000e+00 6.253e-01
1.250e+00 8.108e-01
1.500e+00 9.945e-01
1.750e+00 1.176e+00
2.000e+00 1.355e+00
2.500e+00 1.704e+00
3.000e+00 2.044e+00
3.500e+00 2.373e+00
4.000e+00 2.694e+00
4.500e+00 3.006e+00
5.000e+00 3.311e+00
5.500e+00 3.609e+00
6.000e+00 3.899e+00
7.000e+00 4.462e+00
8.000e+00 5.002e+00
9.000e+00 5.521e+00
1.000e+01 6.021e+00
1.250e+01 7.198e+00
1.500e+01 8.284e+00
1.750e+01 9.293e+00
2.000e+01 1.023e+01
