# GALLIUM from NIST Database
5.904e+00 2.113e+00
1.000e-02 4.784e-04
1.250e-02 6.917e-04
1.500e-02 9.372e-04
1.750e-02 1.213e-03
2.000e-02 1.519e-03
2.500e-02 2.216e-03
3.000e-02 3.018e-03
3.500e-02 3.922e-03
4.000e-02 4.921e-03
4.500e-02 6.010e-03
5.000e-02 7.186e-03
5.500e-02 8.444e-03
6.000e-02 9.782e-03
7.000e-02 1.268e-02
8.000e-02 1.586e-02
9.000e-02 1.931e-02
1.000e-01 2.299e-02
1.250e-01 3.315e-02
1.500e-01 4.451e-02
1.750e-01 5.690e-02
2.000e-01 7.016e-02
2.500e-01 9.887e-02
3.000e-01 1.299e-01
3.500e-01 1.627e-01
4.000e-01 1.969e-01
4.500e-01 2.322e-01
5.000e-01 2.683e-01
5.500e-01 3.050e-01
6.000e-01 3.423e-01
7.000e-01 4.180e-01
8.000e-01 4.947e-01
9.000e-01 5.720e-01
1.000e+00 6.494e-01
1.250e+00 8.429e-01
1.500e+00 1.035e+00
1.750e+00 1.224e+00
2.000e+00 1.411e+00
2.500e+00 1.776e+00
3.000e+00 2.129e+00
3.500e+00 2.473e+00
4.000e+00 2.806e+00
4.500e+00 3.130e+00
5.000e+00 3.446e+00
5.500e+00 3.753e+00
6.000e+00 4.053e+00
7.000e+00 4.633e+00
8.000e+00 5.187e+00
9.000e+00 5.717e+00
1.000e+01 6.227e+00
1.250e+01 7.420e+00
1.500e+01 8.513e+00
1.750e+01 9.522e+00
2.000e+01 1.046e+01
