# GADOLINIUM OXYSULFIDE from NIST Database
7.440e+00 1.141e+00
1.000e-02 5.869e-04
1.250e-02 8.379e-04
1.500e-02 1.125e-03
1.750e-02 1.447e-03
2.000e-02 1.801e-03
2.500e-02 2.605e-03
3.000e-02 3.527e-03
3.500e-02 4.561e-03
4.000e-02 5.701e-03
4.500e-02 6.941e-03
5.000e-02 8.276e-03
5.500e-02 9.703e-03
6.000e-02 1.122e-02
7.000e-02 1.449e-02
8.000e-02 1.807e-02
9.000e-02 2.194e-02
1.000e-01 2.607e-02
1.250e-01 3.743e-02
1.500e-01 5.009e-02
1.750e-01 6.387e-02
2.000e-01 7.859e-02
2.500e-01 1.104e-01
3.000e-01 1.446e-01
3.500e-01 1.807e-01
4.000e-01 2.182e-01
4.500e-01 2.569e-01
5.000e-01 2.963e-01
5.500e-01 3.364e-01
6.000e-01 3.770e-01
7.000e-01 4.591e-01
8.000e-01 5.420e-01
9.000e-01 6.251e-01
1.000e+00 7.082e-01
1.250e+00 9.144e-01
1.500e+00 1.117e+00
1.750e+00 1.316e+00
2.000e+00 1.511e+00
2.500e+00 1.887e+00
3.000e+00 2.247e+00
3.500e+00 2.592e+00
4.000e+00 2.924e+00
4.500e+00 3.244e+00
5.000e+00 3.552e+00
5.500e+00 3.850e+00
6.000e+00 4.138e+00
7.000e+00 4.687e+00
8.000e+00 5.205e+00
9.000e+00 5.695e+00
1.000e+01 6.160e+00
1.250e+01 7.227e+00
1.500e+01 8.183e+00
1.750e+01 9.048e+00
2.000e+01 9.838e+00
