# GADOLINIUM from NIST Database
7.900e+00 9.472e-01
1.000e-02 6.627e-04
1.250e-02 9.386e-04
1.500e-02 1.253e-03
1.750e-02 1.604e-03
2.000e-02 1.991e-03
2.500e-02 2.866e-03
3.000e-02 3.867e-03
3.500e-02 4.988e-03
4.000e-02 6.221e-03
4.500e-02 7.562e-03
5.000e-02 9.005e-03
5.500e-02 1.054e-02
6.000e-02 1.218e-02
7.000e-02 1.571e-02
8.000e-02 1.956e-02
9.000e-02 2.372e-02
1.000e-01 2.816e-02
1.250e-01 4.037e-02
1.500e-01 5.394e-02
1.750e-01 6.868e-02
2.000e-01 8.440e-02
2.500e-01 1.183e-01
3.000e-01 1.547e-01
3.500e-01 1.931e-01
4.000e-01 2.329e-01
4.500e-01 2.737e-01
5.000e-01 3.154e-01
5.500e-01 3.578e-01
6.000e-01 4.006e-01
7.000e-01 4.870e-01
8.000e-01 5.740e-01
9.000e-01 6.611e-01
1.000e+00 7.481e-01
1.250e+00 9.631e-01
1.500e+00 1.174e+00
1.750e+00 1.380e+00
2.000e+00 1.580e+00
2.500e+00 1.966e+00
3.000e+00 2.334e+00
3.500e+00 2.684e+00
4.000e+00 3.020e+00
4.500e+00 3.341e+00
5.000e+00 3.650e+00
5.500e+00 3.947e+00
6.000e+00 4.234e+00
7.000e+00 4.777e+00
8.000e+00 5.287e+00
9.000e+00 5.766e+00
1.000e+01 6.218e+00
1.250e+01 7.249e+00
1.500e+01 8.164e+00
1.750e+01 8.986e+00
2.000e+01 9.732e+00
