5.323E+00 2.302E+00
1.000E-02 4.909E-04 
1.250E-02 7.089E-04 
1.500E-02 9.595E-04 
1.750E-02 1.242E-03 
2.000E-02 1.554E-03 
2.500E-02 2.263E-03 
3.000E-02 3.082E-03 
3.500E-02 4.002E-03 
4.000E-02 5.019E-03 
4.500E-02 6.128E-03 
5.000E-02 7.325E-03 
5.500E-02 8.606E-03 
6.000E-02 9.967E-03 
7.000E-02 1.292E-02 
8.000E-02 1.615E-02 
9.000E-02 1.965E-02 
1.000E-01 2.340E-02 
1.250E-01 3.372E-02 
1.500E-01 4.526E-02 
1.750E-01 5.783E-02 
2.000E-01 7.129E-02 
2.500E-01 1.004E-01 
3.000E-01 1.318E-01 
3.500E-01 1.651E-01 
4.000E-01 1.997E-01 
4.500E-01 2.353E-01 
5.000E-01 2.718E-01 
5.500E-01 3.090E-01 
6.000E-01 3.466E-01 
7.000E-01 4.230E-01 
8.000E-01 5.003E-01 
9.000E-01 5.780E-01 
1.000E+00 6.560E-01 
1.250E+00 8.503E-01 
1.500E+00 1.043E+00 
1.750E+00 1.233E+00 
2.000E+00 1.420E+00 
2.500E+00 1.785E+00 
3.000E+00 2.139E+00 
3.500E+00 2.482E+00 
4.000E+00 2.815E+00 
4.500E+00 3.139E+00 
5.000E+00 3.454E+00 
5.500E+00 3.762E+00 
6.000E+00 4.061E+00 
7.000E+00 4.639E+00 
8.000E+00 5.192E+00 
9.000E+00 5.721E+00 
1.000E+01 6.229E+00 
1.250E+01 7.416E+00 
1.500E+01 8.504E+00 
1.750E+01 9.506E+00 
2.000E+01 1.044E+01 
2.500E+01 1.212E+01 
3.000E+01 1.360E+01 
3.500E+01 1.494E+01 
4.000E+01 1.614E+01 
4.500E+01 1.725E+01 
5.000E+01 1.826E+01 
5.500E+01 1.920E+01 
6.000E+01 2.008E+01 
7.000E+01 2.166E+01 
8.000E+01 2.307E+01 
9.000E+01 2.434E+01 
1.000E+02 2.549E+01 
1.250E+02 2.798E+01 
1.500E+02 3.006E+01 
1.750E+02 3.183E+01 
2.000E+02 3.339E+01 