# GEL IN PHOTOGRAPHIC EMULSION from NIST Database
1.291e+00 3.021e+01
1.000e-02 2.585e-04
1.250e-02 3.832e-04
1.500e-02 5.290e-04
1.750e-02 6.950e-04
2.000e-02 8.805e-04
2.500e-02 1.307e-03
3.000e-02 1.805e-03
3.500e-02 2.371e-03
4.000e-02 3.000e-03
4.500e-02 3.691e-03
5.000e-02 4.441e-03
5.500e-02 5.246e-03
6.000e-02 6.106e-03
7.000e-02 7.980e-03
8.000e-02 1.005e-02
9.000e-02 1.229e-02
1.000e-01 1.471e-02
1.250e-01 2.142e-02
1.500e-01 2.896e-02
1.750e-01 3.724e-02
2.000e-01 4.614e-02
2.500e-01 6.552e-02
3.000e-01 8.659e-02
3.500e-01 1.090e-01
4.000e-01 1.324e-01
4.500e-01 1.567e-01
5.000e-01 1.816e-01
5.500e-01 2.072e-01
6.000e-01 2.332e-01
7.000e-01 2.863e-01
8.000e-01 3.405e-01
9.000e-01 3.954e-01
1.000e+00 4.509e-01
1.250e+00 5.910e-01
1.500e+00 7.319e-01
1.750e+00 8.728e-01
2.000e+00 1.013e+00
2.500e+00 1.293e+00
3.000e+00 1.569e+00
3.500e+00 1.843e+00
4.000e+00 2.113e+00
4.500e+00 2.380e+00
5.000e+00 2.645e+00
5.500e+00 2.907e+00
6.000e+00 3.167e+00
7.000e+00 3.678e+00
8.000e+00 4.181e+00
9.000e+00 4.676e+00
1.000e+01 5.163e+00
1.250e+01 6.350e+00
1.500e+01 7.497e+00
1.750e+01 8.609e+00
2.000e+01 9.687e+00
