# GLASS, LEAD from NIST Database
6.220e+00 1.265e+00
1.000e-02 6.065e-04
1.250e-02 8.635e-04
1.500e-02 1.157e-03
1.750e-02 1.486e-03
2.000e-02 1.848e-03
2.500e-02 2.668e-03
3.000e-02 3.608e-03
3.500e-02 4.662e-03
4.000e-02 5.822e-03
4.500e-02 7.084e-03
5.000e-02 8.443e-03
5.500e-02 9.894e-03
6.000e-02 1.143e-02
7.000e-02 1.476e-02
8.000e-02 1.840e-02
9.000e-02 2.232e-02
1.000e-01 2.651e-02
1.250e-01 3.802e-02
1.500e-01 5.081e-02
1.750e-01 6.471e-02
2.000e-01 7.952e-02
2.500e-01 1.114e-01
3.000e-01 1.457e-01
3.500e-01 1.818e-01
4.000e-01 2.192e-01
4.500e-01 2.577e-01
5.000e-01 2.970e-01
5.500e-01 3.368e-01
6.000e-01 3.771e-01
7.000e-01 4.585e-01
8.000e-01 5.406e-01
9.000e-01 6.227e-01
1.000e+00 7.048e-01
1.250e+00 9.081e-01
1.500e+00 1.108e+00
1.750e+00 1.303e+00
2.000e+00 1.494e+00
2.500e+00 1.862e+00
3.000e+00 2.214e+00
3.500e+00 2.552e+00
4.000e+00 2.875e+00
4.500e+00 3.186e+00
5.000e+00 3.486e+00
5.500e+00 3.775e+00
6.000e+00 4.055e+00
7.000e+00 4.588e+00
8.000e+00 5.089e+00
9.000e+00 5.563e+00
1.000e+01 6.012e+00
1.250e+01 7.041e+00
1.500e+01 7.959e+00
1.750e+01 8.789e+00
2.000e+01 9.546e+00
