# GLASS, PLATE from NIST Database
2.400e+00 1.069e+01
1.000e-02 3.306e-04
1.250e-02 4.860e-04
1.500e-02 6.666e-04
1.750e-02 8.714e-04
2.000e-02 1.100e-03
2.500e-02 1.622e-03
3.000e-02 2.230e-03
3.500e-02 2.917e-03
4.000e-02 3.680e-03
4.500e-02 4.515e-03
5.000e-02 5.420e-03
5.500e-02 6.391e-03
6.000e-02 7.425e-03
7.000e-02 9.676e-03
8.000e-02 1.215e-02
9.000e-02 1.484e-02
1.000e-01 1.773e-02
1.250e-01 2.571e-02
1.500e-01 3.468e-02
1.750e-01 4.449e-02
2.000e-01 5.503e-02
2.500e-01 7.791e-02
3.000e-01 1.027e-01
3.500e-01 1.290e-01
4.000e-01 1.565e-01
4.500e-01 1.850e-01
5.000e-01 2.142e-01
5.500e-01 2.440e-01
6.000e-01 2.744e-01
7.000e-01 3.361e-01
8.000e-01 3.990e-01
9.000e-01 4.625e-01
1.000e+00 5.265e-01
1.250e+00 6.874e-01
1.500e+00 8.484e-01
1.750e+00 1.009e+00
2.000e+00 1.168e+00
2.500e+00 1.482e+00
3.000e+00 1.792e+00
3.500e+00 2.096e+00
4.000e+00 2.395e+00
4.500e+00 2.690e+00
5.000e+00 2.980e+00
5.500e+00 3.266e+00
6.000e+00 3.548e+00
7.000e+00 4.102e+00
8.000e+00 4.642e+00
9.000e+00 5.169e+00
1.000e+01 5.685e+00
1.250e+01 6.927e+00
1.500e+01 8.110e+00
1.750e+01 9.240e+00
2.000e+01 1.032e+01
