# GLUCOSE from NIST Database
1.540e+00 2.483e+01
1.000e-02 2.627e-04
1.250e-02 3.893e-04
1.500e-02 5.373e-04
1.750e-02 7.058e-04
2.000e-02 8.940e-04
2.500e-02 1.327e-03
3.000e-02 1.832e-03
3.500e-02 2.406e-03
4.000e-02 3.044e-03
4.500e-02 3.745e-03
5.000e-02 4.505e-03
5.500e-02 5.321e-03
6.000e-02 6.193e-03
7.000e-02 8.093e-03
8.000e-02 1.019e-02
9.000e-02 1.247e-02
1.000e-01 1.491e-02
1.250e-01 2.171e-02
1.500e-01 2.936e-02
1.750e-01 3.774e-02
2.000e-01 4.676e-02
2.500e-01 6.639e-02
3.000e-01 8.773e-02
3.500e-01 1.104e-01
4.000e-01 1.341e-01
4.500e-01 1.587e-01
5.000e-01 1.841e-01
5.500e-01 2.100e-01
6.000e-01 2.364e-01
7.000e-01 2.903e-01
8.000e-01 3.453e-01
9.000e-01 4.010e-01
1.000e+00 4.574e-01
1.250e+00 5.996e-01
1.500e+00 7.426e-01
1.750e+00 8.857e-01
2.000e+00 1.028e+00
2.500e+00 1.312e+00
3.000e+00 1.593e+00
3.500e+00 1.870e+00
4.000e+00 2.144e+00
4.500e+00 2.416e+00
5.000e+00 2.684e+00
5.500e+00 2.950e+00
6.000e+00 3.213e+00
7.000e+00 3.732e+00
8.000e+00 4.242e+00
9.000e+00 4.744e+00
1.000e+01 5.237e+00
1.250e+01 6.439e+00
1.500e+01 7.599e+00
1.750e+01 8.723e+00
2.000e+01 9.812e+00
