# GLUTAMINE from NIST Database
1.460e+00 2.701e+01
1.000e-02 2.602e-04
1.250e-02 3.858e-04
1.500e-02 5.327e-04
1.750e-02 7.000e-04
2.000e-02 8.869e-04
2.500e-02 1.317e-03
3.000e-02 1.819e-03
3.500e-02 2.389e-03
4.000e-02 3.024e-03
4.500e-02 3.720e-03
5.000e-02 4.476e-03
5.500e-02 5.288e-03
6.000e-02 6.155e-03
7.000e-02 8.044e-03
8.000e-02 1.013e-02
9.000e-02 1.239e-02
1.000e-01 1.483e-02
1.250e-01 2.159e-02
1.500e-01 2.921e-02
1.750e-01 3.755e-02
2.000e-01 4.653e-02
2.500e-01 6.608e-02
3.000e-01 8.733e-02
3.500e-01 1.099e-01
4.000e-01 1.336e-01
4.500e-01 1.581e-01
5.000e-01 1.834e-01
5.500e-01 2.092e-01
6.000e-01 2.355e-01
7.000e-01 2.893e-01
8.000e-01 3.442e-01
9.000e-01 3.999e-01
1.000e+00 4.561e-01
1.250e+00 5.981e-01
1.500e+00 7.410e-01
1.750e+00 8.840e-01
2.000e+00 1.027e+00
2.500e+00 1.310e+00
3.000e+00 1.590e+00
3.500e+00 1.868e+00
4.000e+00 2.142e+00
4.500e+00 2.413e+00
5.000e+00 2.682e+00
5.500e+00 2.948e+00
6.000e+00 3.211e+00
7.000e+00 3.730e+00
8.000e+00 4.241e+00
9.000e+00 4.743e+00
1.000e+01 5.237e+00
1.250e+01 6.441e+00
1.500e+01 7.605e+00
1.750e+01 8.732e+00
2.000e+01 9.826e+00
