# GLYCEROL from NIST Database
1.261e+00 3.076e+01
1.000e-02 2.552e-04
1.250e-02 3.785e-04
1.500e-02 5.227e-04
1.750e-02 6.868e-04
2.000e-02 8.702e-04
2.500e-02 1.293e-03
3.000e-02 1.785e-03
3.500e-02 2.345e-03
4.000e-02 2.967e-03
4.500e-02 3.651e-03
5.000e-02 4.393e-03
5.500e-02 5.190e-03
6.000e-02 6.041e-03
7.000e-02 7.896e-03
8.000e-02 9.942e-03
9.000e-02 1.217e-02
1.000e-01 1.456e-02
1.250e-01 2.120e-02
1.500e-01 2.867e-02
1.750e-01 3.687e-02
2.000e-01 4.568e-02
2.500e-01 6.487e-02
3.000e-01 8.574e-02
3.500e-01 1.079e-01
4.000e-01 1.311e-01
4.500e-01 1.552e-01
5.000e-01 1.799e-01
5.500e-01 2.052e-01
6.000e-01 2.310e-01
7.000e-01 2.836e-01
8.000e-01 3.374e-01
9.000e-01 3.919e-01
1.000e+00 4.469e-01
1.250e+00 5.858e-01
1.500e+00 7.255e-01
1.750e+00 8.653e-01
2.000e+00 1.005e+00
2.500e+00 1.282e+00
3.000e+00 1.556e+00
3.500e+00 1.828e+00
4.000e+00 2.096e+00
4.500e+00 2.361e+00
5.000e+00 2.624e+00
5.500e+00 2.884e+00
6.000e+00 3.142e+00
7.000e+00 3.650e+00
8.000e+00 4.150e+00
9.000e+00 4.641e+00
1.000e+01 5.125e+00
1.250e+01 6.305e+00
1.500e+01 7.444e+00
1.750e+01 8.548e+00
2.000e+01 9.620e+00
