# GUANINE from NIST Database
1.580e+00 2.519e+01
1.000e-02 2.705e-04
1.250e-02 4.010e-04
1.500e-02 5.535e-04
1.750e-02 7.272e-04
2.000e-02 9.213e-04
2.500e-02 1.368e-03
3.000e-02 1.889e-03
3.500e-02 2.480e-03
4.000e-02 3.139e-03
4.500e-02 3.862e-03
5.000e-02 4.646e-03
5.500e-02 5.489e-03
6.000e-02 6.388e-03
7.000e-02 8.349e-03
8.000e-02 1.051e-02
9.000e-02 1.286e-02
1.000e-01 1.539e-02
1.250e-01 2.240e-02
1.500e-01 3.030e-02
1.750e-01 3.895e-02
2.000e-01 4.827e-02
2.500e-01 6.854e-02
3.000e-01 9.057e-02
3.500e-01 1.140e-01
4.000e-01 1.385e-01
4.500e-01 1.640e-01
5.000e-01 1.902e-01
5.500e-01 2.170e-01
6.000e-01 2.444e-01
7.000e-01 3.002e-01
8.000e-01 3.572e-01
9.000e-01 4.150e-01
1.000e+00 4.734e-01
1.250e+00 6.208e-01
1.500e+00 7.691e-01
1.750e+00 9.174e-01
2.000e+00 1.065e+00
2.500e+00 1.359e+00
3.000e+00 1.650e+00
3.500e+00 1.937e+00
4.000e+00 2.221e+00
4.500e+00 2.502e+00
5.000e+00 2.780e+00
5.500e+00 3.055e+00
6.000e+00 3.328e+00
7.000e+00 3.865e+00
8.000e+00 4.393e+00
9.000e+00 4.911e+00
1.000e+01 5.422e+00
1.250e+01 6.666e+00
1.500e+01 7.867e+00
1.750e+01 9.030e+00
2.000e+01 1.016e+01
