# GYPSUM, PLASTER OF PARIS from NIST Database
2.320e+00 1.061e+01
1.000e-02 3.120e-04
1.250e-02 4.595e-04
1.500e-02 6.311e-04
1.750e-02 8.258e-04
2.000e-02 1.043e-03
2.500e-02 1.540e-03
3.000e-02 2.119e-03
3.500e-02 2.774e-03
4.000e-02 3.502e-03
4.500e-02 4.299e-03
5.000e-02 5.162e-03
5.500e-02 6.089e-03
6.000e-02 7.077e-03
7.000e-02 9.227e-03
8.000e-02 1.159e-02
9.000e-02 1.416e-02
1.000e-01 1.692e-02
1.250e-01 2.457e-02
1.500e-01 3.315e-02
1.750e-01 4.254e-02
2.000e-01 5.263e-02
2.500e-01 7.456e-02
3.000e-01 9.834e-02
3.500e-01 1.236e-01
4.000e-01 1.500e-01
4.500e-01 1.773e-01
5.000e-01 2.054e-01
5.500e-01 2.341e-01
6.000e-01 2.633e-01
7.000e-01 3.228e-01
8.000e-01 3.834e-01
9.000e-01 4.447e-01
1.000e+00 5.065e-01
1.250e+00 6.619e-01
1.500e+00 8.177e-01
1.750e+00 9.729e-01
2.000e+00 1.127e+00
2.500e+00 1.432e+00
3.000e+00 1.733e+00
3.500e+00 2.028e+00
4.000e+00 2.319e+00
4.500e+00 2.605e+00
5.000e+00 2.887e+00
5.500e+00 3.165e+00
6.000e+00 3.439e+00
7.000e+00 3.976e+00
8.000e+00 4.500e+00
9.000e+00 5.012e+00
1.000e+01 5.512e+00
1.250e+01 6.717e+00
1.500e+01 7.863e+00
1.750e+01 8.957e+00
2.000e+01 1.000e+01
