# HELIUM from NIST Database
1.663e-04 5.671e+05
1.000e-02 2.467e-04
1.250e-02 3.678e-04
1.500e-02 5.098e-04
1.750e-02 6.721e-04
2.000e-02 8.537e-04
2.500e-02 1.273e-03
3.000e-02 1.764e-03
3.500e-02 2.322e-03
4.000e-02 2.945e-03
4.500e-02 3.630e-03
5.000e-02 4.374e-03
5.500e-02 5.174e-03
6.000e-02 6.029e-03
7.000e-02 7.896e-03
8.000e-02 9.958e-03
9.000e-02 1.220e-02
1.000e-01 1.462e-02
1.250e-01 2.134e-02
1.500e-01 2.891e-02
1.750e-01 3.723e-02
2.000e-01 4.619e-02
2.500e-01 6.574e-02
3.000e-01 8.702e-02
3.500e-01 1.097e-01
4.000e-01 1.334e-01
4.500e-01 1.580e-01
5.000e-01 1.833e-01
5.500e-01 2.092e-01
6.000e-01 2.355e-01
7.000e-01 2.891e-01
8.000e-01 3.437e-01
9.000e-01 3.990e-01
1.000e+00 4.547e-01
1.250e+00 5.948e-01
1.500e+00 7.349e-01
1.750e+00 8.744e-01
2.000e+00 1.013e+00
2.500e+00 1.287e+00
3.000e+00 1.557e+00
3.500e+00 1.822e+00
4.000e+00 2.084e+00
4.500e+00 2.342e+00
5.000e+00 2.597e+00
5.500e+00 2.848e+00
6.000e+00 3.098e+00
7.000e+00 3.588e+00
8.000e+00 4.070e+00
9.000e+00 4.544e+00
1.000e+01 5.011e+00
1.250e+01 6.151e+00
1.500e+01 7.258e+00
1.750e+01 8.337e+00
2.000e+01 9.391e+00
