# HAFNIUM from NIST Database
1.331e+01 5.177e-01
1.000e-02 7.340e-04
1.250e-02 1.029e-03
1.500e-02 1.364e-03
1.750e-02 1.738e-03
2.000e-02 2.148e-03
2.500e-02 3.072e-03
3.000e-02 4.129e-03
3.500e-02 5.308e-03
4.000e-02 6.605e-03
4.500e-02 8.012e-03
5.000e-02 9.524e-03
5.500e-02 1.114e-02
6.000e-02 1.284e-02
7.000e-02 1.653e-02
8.000e-02 2.055e-02
9.000e-02 2.488e-02
1.000e-01 2.950e-02
1.250e-01 4.217e-02
1.500e-01 5.622e-02
1.750e-01 7.146e-02
2.000e-01 8.769e-02
2.500e-01 1.226e-01
3.000e-01 1.600e-01
3.500e-01 1.994e-01
4.000e-01 2.402e-01
4.500e-01 2.820e-01
5.000e-01 3.247e-01
5.500e-01 3.680e-01
6.000e-01 4.117e-01
7.000e-01 4.999e-01
8.000e-01 5.886e-01
9.000e-01 6.773e-01
1.000e+00 7.657e-01
1.250e+00 9.842e-01
1.500e+00 1.198e+00
1.750e+00 1.406e+00
2.000e+00 1.609e+00
2.500e+00 1.998e+00
3.000e+00 2.368e+00
3.500e+00 2.720e+00
4.000e+00 3.055e+00
4.500e+00 3.376e+00
5.000e+00 3.683e+00
5.500e+00 3.978e+00
6.000e+00 4.262e+00
7.000e+00 4.800e+00
8.000e+00 5.302e+00
9.000e+00 5.772e+00
1.000e+01 6.215e+00
1.250e+01 7.220e+00
1.500e+01 8.108e+00
1.750e+01 8.901e+00
2.000e+01 9.619e+00
