# MERCURY from NIST Database
1.355e+01 4.752e-01
1.000e-02 8.031e-04
1.250e-02 1.115e-03
1.500e-02 1.468e-03
1.750e-02 1.861e-03
2.000e-02 2.291e-03
2.500e-02 3.260e-03
3.000e-02 4.364e-03
3.500e-02 5.596e-03
4.000e-02 6.947e-03
4.500e-02 8.412e-03
5.000e-02 9.985e-03
5.500e-02 1.166e-02
6.000e-02 1.343e-02
7.000e-02 1.726e-02
8.000e-02 2.143e-02
9.000e-02 2.591e-02
1.000e-01 3.069e-02
1.250e-01 4.377e-02
1.500e-01 5.827e-02
1.750e-01 7.396e-02
2.000e-01 9.066e-02
2.500e-01 1.265e-01
3.000e-01 1.649e-01
3.500e-01 2.052e-01
4.000e-01 2.468e-01
4.500e-01 2.895e-01
5.000e-01 3.330e-01
5.500e-01 3.770e-01
6.000e-01 4.213e-01
7.000e-01 5.107e-01
8.000e-01 6.004e-01
9.000e-01 6.900e-01
1.000e+00 7.790e-01
1.250e+00 9.985e-01
1.500e+00 1.212e+00
1.750e+00 1.420e+00
2.000e+00 1.622e+00
2.500e+00 2.009e+00
3.000e+00 2.375e+00
3.500e+00 2.722e+00
4.000e+00 3.052e+00
4.500e+00 3.368e+00
5.000e+00 3.670e+00
5.500e+00 3.959e+00
6.000e+00 4.237e+00
7.000e+00 4.763e+00
8.000e+00 5.252e+00
9.000e+00 5.710e+00
1.000e+01 6.140e+00
1.250e+01 7.114e+00
1.500e+01 7.971e+00
1.750e+01 8.736e+00
2.000e+01 9.426e+00
