# HOLMIUM from NIST Database
8.795e+00 8.224e-01
1.000e-02 6.970e-04
1.250e-02 9.821e-04
1.500e-02 1.307e-03
1.750e-02 1.669e-03
2.000e-02 2.067e-03
2.500e-02 2.965e-03
3.000e-02 3.993e-03
3.500e-02 5.142e-03
4.000e-02 6.406e-03
4.500e-02 7.778e-03
5.000e-02 9.254e-03
5.500e-02 1.083e-02
6.000e-02 1.250e-02
7.000e-02 1.610e-02
8.000e-02 2.004e-02
9.000e-02 2.429e-02
1.000e-01 2.882e-02
1.250e-01 4.126e-02
1.500e-01 5.509e-02
1.750e-01 7.009e-02
2.000e-01 8.609e-02
2.500e-01 1.206e-01
3.000e-01 1.576e-01
3.500e-01 1.965e-01
4.000e-01 2.369e-01
4.500e-01 2.784e-01
5.000e-01 3.207e-01
5.500e-01 3.636e-01
6.000e-01 4.070e-01
7.000e-01 4.945e-01
8.000e-01 5.827e-01
9.000e-01 6.708e-01
1.000e+00 7.587e-01
1.250e+00 9.761e-01
1.500e+00 1.189e+00
1.750e+00 1.396e+00
2.000e+00 1.598e+00
2.500e+00 1.987e+00
3.000e+00 2.357e+00
3.500e+00 2.708e+00
4.000e+00 3.044e+00
4.500e+00 3.366e+00
5.000e+00 3.675e+00
5.500e+00 3.971e+00
6.000e+00 4.257e+00
7.000e+00 4.799e+00
8.000e+00 5.305e+00
9.000e+00 5.781e+00
1.000e+01 6.229e+00
1.250e+01 7.250e+00
1.500e+01 8.153e+00
1.750e+01 8.964e+00
2.000e+01 9.698e+00
