# IODINE from NIST Database
4.930e+00 1.720e+00
1.000e-02 5.928e-04
1.250e-02 8.463e-04
1.500e-02 1.136e-03
1.750e-02 1.461e-03
2.000e-02 1.820e-03
2.500e-02 2.632e-03
3.000e-02 3.564e-03
3.500e-02 4.609e-03
4.000e-02 5.761e-03
4.500e-02 7.015e-03
5.000e-02 8.365e-03
5.500e-02 9.808e-03
6.000e-02 1.134e-02
7.000e-02 1.465e-02
8.000e-02 1.827e-02
9.000e-02 2.218e-02
1.000e-01 2.635e-02
1.250e-01 3.784e-02
1.500e-01 5.063e-02
1.750e-01 6.452e-02
2.000e-01 7.935e-02
2.500e-01 1.113e-01
3.000e-01 1.458e-01
3.500e-01 1.820e-01
4.000e-01 2.196e-01
4.500e-01 2.584e-01
5.000e-01 2.979e-01
5.500e-01 3.380e-01
6.000e-01 3.786e-01
7.000e-01 4.607e-01
8.000e-01 5.435e-01
9.000e-01 6.265e-01
1.000e+00 7.094e-01
1.250e+00 9.150e-01
1.500e+00 1.117e+00
1.750e+00 1.315e+00
2.000e+00 1.508e+00
2.500e+00 1.883e+00
3.000e+00 2.241e+00
3.500e+00 2.584e+00
4.000e+00 2.914e+00
4.500e+00 3.232e+00
5.000e+00 3.539e+00
5.500e+00 3.835e+00
6.000e+00 4.121e+00
7.000e+00 4.668e+00
8.000e+00 5.183e+00
9.000e+00 5.670e+00
1.000e+01 6.132e+00
1.250e+01 7.194e+00
1.500e+01 8.145e+00
1.750e+01 9.006e+00
2.000e+01 9.793e+00
