# INDIUM from NIST Database
7.310e+00 1.211e+00
1.000e-02 5.786e-04
1.250e-02 8.264e-04
1.500e-02 1.110e-03
1.750e-02 1.427e-03
2.000e-02 1.778e-03
2.500e-02 2.572e-03
3.000e-02 3.483e-03
3.500e-02 4.505e-03
4.000e-02 5.632e-03
4.500e-02 6.859e-03
5.000e-02 8.180e-03
5.500e-02 9.591e-03
6.000e-02 1.109e-02
7.000e-02 1.433e-02
8.000e-02 1.788e-02
9.000e-02 2.170e-02
1.000e-01 2.579e-02
1.250e-01 3.705e-02
1.500e-01 4.959e-02
1.750e-01 6.323e-02
2.000e-01 7.780e-02
2.500e-01 1.092e-01
3.000e-01 1.431e-01
3.500e-01 1.788e-01
4.000e-01 2.160e-01
4.500e-01 2.542e-01
5.000e-01 2.932e-01
5.500e-01 3.329e-01
6.000e-01 3.730e-01
7.000e-01 4.543e-01
8.000e-01 5.364e-01
9.000e-01 6.187e-01
1.000e+00 7.011e-01
1.250e+00 9.055e-01
1.500e+00 1.107e+00
1.750e+00 1.304e+00
2.000e+00 1.498e+00
2.500e+00 1.872e+00
3.000e+00 2.231e+00
3.500e+00 2.575e+00
4.000e+00 2.907e+00
4.500e+00 3.227e+00
5.000e+00 3.535e+00
5.500e+00 3.833e+00
6.000e+00 4.122e+00
7.000e+00 4.674e+00
8.000e+00 5.195e+00
9.000e+00 5.688e+00
1.000e+01 6.157e+00
1.250e+01 7.236e+00
1.500e+01 8.205e+00
1.750e+01 9.084e+00
2.000e+01 9.889e+00
