# IRIDIUM from NIST Database
2.242e+01 2.941e-01
1.000e-02 1.076e-04
1.250e-02 1.613e-04
1.500e-02 2.245e-04
1.750e-02 2.970e-04
2.000e-02 3.783e-04
2.500e-02 5.667e-04
3.000e-02 7.878e-04
3.500e-02 1.040e-03
4.000e-02 1.322e-03
4.500e-02 1.633e-03
5.000e-02 1.970e-03
5.500e-02 2.334e-03
6.000e-02 2.724e-03
7.000e-02 3.575e-03
8.000e-02 4.517e-03
9.000e-02 5.544e-03
1.000e-01 6.650e-03
1.250e-01 9.733e-03
1.500e-01 1.322e-02
1.750e-01 1.705e-02
2.000e-01 2.118e-02
2.500e-01 3.021e-02
3.000e-01 4.007e-02
3.500e-01 5.057e-02
4.000e-01 6.159e-02
4.500e-01 7.303e-02
5.000e-01 8.480e-02
5.500e-01 9.684e-02
6.000e-01 1.091e-01
7.000e-01 1.342e-01
8.000e-01 1.597e-01
9.000e-01 1.856e-01
1.000e+00 2.117e-01
1.250e+00 2.774e-01
1.500e+00 3.433e-01
1.750e+00 4.090e-01
2.000e+00 4.744e-01
2.500e+00 6.039e-01
3.000e+00 7.316e-01
3.500e+00 8.576e-01
4.000e+00 9.819e-01
4.500e+00 1.105e+00
5.000e+00 1.226e+00
5.500e+00 1.346e+00
6.000e+00 1.465e+00
7.000e+00 1.700e+00
8.000e+00 1.931e+00
9.000e+00 2.159e+00
1.000e+01 2.383e+00
1.250e+01 2.934e+00
1.500e+01 3.470e+00
1.750e+01 3.995e+00
2.000e+01 4.510e+00
