# POTASSIUM from NIST Database
8.620e-01 2.009e+01
1.000e-02 3.647e-04
1.250e-02 5.338e-04
1.500e-02 7.298e-04
1.750e-02 9.516e-04
2.000e-02 1.198e-03
2.500e-02 1.762e-03
3.000e-02 2.416e-03
3.500e-02 3.154e-03
4.000e-02 3.974e-03
4.500e-02 4.869e-03
5.000e-02 5.839e-03
5.500e-02 6.878e-03
6.000e-02 7.985e-03
7.000e-02 1.039e-02
8.000e-02 1.303e-02
9.000e-02 1.590e-02
1.000e-01 1.897e-02
1.250e-01 2.748e-02
1.500e-01 3.702e-02
1.750e-01 4.744e-02
2.000e-01 5.862e-02
2.500e-01 8.288e-02
3.000e-01 1.092e-01
3.500e-01 1.370e-01
4.000e-01 1.661e-01
4.500e-01 1.961e-01
5.000e-01 2.269e-01
5.500e-01 2.582e-01
6.000e-01 2.901e-01
7.000e-01 3.548e-01
8.000e-01 4.205e-01
9.000e-01 4.866e-01
1.000e+00 5.531e-01
1.250e+00 7.194e-01
1.500e+00 8.849e-01
1.750e+00 1.049e+00
2.000e+00 1.211e+00
2.500e+00 1.529e+00
3.000e+00 1.840e+00
3.500e+00 2.144e+00
4.000e+00 2.441e+00
4.500e+00 2.732e+00
5.000e+00 3.017e+00
5.500e+00 3.296e+00
6.000e+00 3.570e+00
7.000e+00 4.104e+00
8.000e+00 4.620e+00
9.000e+00 5.120e+00
1.000e+01 5.605e+00
1.250e+01 6.758e+00
1.500e+01 7.837e+00
1.750e+01 8.853e+00
2.000e+01 9.812e+00
