# KAPTON POLYIMIDE FILM from NIST Database
1.420e+00 2.857e+01
1.000e-02 2.760e-04
1.250e-02 4.090e-04
1.500e-02 5.643e-04
1.750e-02 7.410e-04
2.000e-02 9.385e-04
2.500e-02 1.393e-03
3.000e-02 1.923e-03
3.500e-02 2.524e-03
4.000e-02 3.193e-03
4.500e-02 3.928e-03
5.000e-02 4.724e-03
5.500e-02 5.581e-03
6.000e-02 6.494e-03
7.000e-02 8.485e-03
8.000e-02 1.068e-02
9.000e-02 1.307e-02
1.000e-01 1.563e-02
1.250e-01 2.275e-02
1.500e-01 3.077e-02
1.750e-01 3.955e-02
2.000e-01 4.899e-02
2.500e-01 6.955e-02
3.000e-01 9.190e-02
3.500e-01 1.156e-01
4.000e-01 1.405e-01
4.500e-01 1.662e-01
5.000e-01 1.927e-01
5.500e-01 2.198e-01
6.000e-01 2.474e-01
7.000e-01 3.038e-01
8.000e-01 3.613e-01
9.000e-01 4.196e-01
1.000e+00 4.784e-01
1.250e+00 6.269e-01
1.500e+00 7.762e-01
1.750e+00 9.254e-01
2.000e+00 1.074e+00
2.500e+00 1.370e+00
3.000e+00 1.662e+00
3.500e+00 1.951e+00
4.000e+00 2.237e+00
4.500e+00 2.519e+00
5.000e+00 2.798e+00
5.500e+00 3.075e+00
6.000e+00 3.349e+00
7.000e+00 3.888e+00
8.000e+00 4.418e+00
9.000e+00 4.940e+00
1.000e+01 5.453e+00
1.250e+01 6.703e+00
1.500e+01 7.910e+00
1.750e+01 9.079e+00
2.000e+01 1.021e+01
