# KRYPTON from NIST Database
3.478e-03 3.263e+03
1.000e-02 5.047e-04
1.250e-02 7.285e-04
1.500e-02 9.860e-04
1.750e-02 1.276e-03
2.000e-02 1.596e-03
2.500e-02 2.325e-03
3.000e-02 3.165e-03
3.500e-02 4.110e-03
4.000e-02 5.154e-03
4.500e-02 6.292e-03
5.000e-02 7.521e-03
5.500e-02 8.835e-03
6.000e-02 1.023e-02
7.000e-02 1.326e-02
8.000e-02 1.658e-02
9.000e-02 2.016e-02
1.000e-01 2.400e-02
1.250e-01 3.459e-02
1.500e-01 4.640e-02
1.750e-01 5.928e-02
2.000e-01 7.305e-02
2.500e-01 1.028e-01
3.000e-01 1.350e-01
3.500e-01 1.689e-01
4.000e-01 2.042e-01
4.500e-01 2.405e-01
5.000e-01 2.777e-01
5.500e-01 3.154e-01
6.000e-01 3.537e-01
7.000e-01 4.312e-01
8.000e-01 5.095e-01
9.000e-01 5.880e-01
1.000e+00 6.666e-01
1.250e+00 8.620e-01
1.500e+00 1.055e+00
1.750e+00 1.244e+00
2.000e+00 1.429e+00
2.500e+00 1.789e+00
3.000e+00 2.135e+00
3.500e+00 2.468e+00
4.000e+00 2.790e+00
4.500e+00 3.102e+00
5.000e+00 3.403e+00
5.500e+00 3.696e+00
6.000e+00 3.981e+00
7.000e+00 4.527e+00
8.000e+00 5.046e+00
9.000e+00 5.541e+00
1.000e+01 6.014e+00
1.250e+01 7.115e+00
1.500e+01 8.116e+00
1.750e+01 9.036e+00
2.000e+01 9.887e+00
