# LANTHANUM from NIST Database
6.154e+00 1.322e+00
1.000e-02 6.087e-04
1.250e-02 8.683e-04
1.500e-02 1.165e-03
1.750e-02 1.498e-03
2.000e-02 1.865e-03
2.500e-02 2.695e-03
3.000e-02 3.649e-03
3.500e-02 4.718e-03
4.000e-02 5.895e-03
4.500e-02 7.177e-03
5.000e-02 8.557e-03
5.500e-02 1.003e-02
6.000e-02 1.160e-02
7.000e-02 1.498e-02
8.000e-02 1.868e-02
9.000e-02 2.267e-02
1.000e-01 2.694e-02
1.250e-01 3.867e-02
1.500e-01 5.173e-02
1.750e-01 6.592e-02
2.000e-01 8.107e-02
2.500e-01 1.137e-01
3.000e-01 1.489e-01
3.500e-01 1.859e-01
4.000e-01 2.244e-01
4.500e-01 2.639e-01
5.000e-01 3.043e-01
5.500e-01 3.453e-01
6.000e-01 3.867e-01
7.000e-01 4.706e-01
8.000e-01 5.550e-01
9.000e-01 6.397e-01
1.000e+00 7.242e-01
1.250e+00 9.337e-01
1.500e+00 1.139e+00
1.750e+00 1.341e+00
2.000e+00 1.537e+00
2.500e+00 1.917e+00
3.000e+00 2.279e+00
3.500e+00 2.626e+00
4.000e+00 2.959e+00
4.500e+00 3.280e+00
5.000e+00 3.588e+00
5.500e+00 3.886e+00
6.000e+00 4.173e+00
7.000e+00 4.721e+00
8.000e+00 5.236e+00
9.000e+00 5.723e+00
1.000e+01 6.183e+00
1.250e+01 7.239e+00
1.500e+01 8.181e+00
1.750e+01 9.032e+00
2.000e+01 9.808e+00
