# LANTHANUM OXYBROMIDE from NIST Database
6.280e+00 1.524e+00
1.000e-02 5.549e-04
1.250e-02 7.955e-04
1.500e-02 1.071e-03
1.750e-02 1.381e-03
2.000e-02 1.722e-03
2.500e-02 2.497e-03
3.000e-02 3.389e-03
3.500e-02 4.389e-03
4.000e-02 5.492e-03
4.500e-02 6.694e-03
5.000e-02 7.989e-03
5.500e-02 9.373e-03
6.000e-02 1.084e-02
7.000e-02 1.402e-02
8.000e-02 1.751e-02
9.000e-02 2.127e-02
1.000e-01 2.529e-02
1.250e-01 3.635e-02
1.500e-01 4.869e-02
1.750e-01 6.210e-02
2.000e-01 7.644e-02
2.500e-01 1.074e-01
3.000e-01 1.408e-01
3.500e-01 1.760e-01
4.000e-01 2.126e-01
4.500e-01 2.503e-01
5.000e-01 2.888e-01
5.500e-01 3.280e-01
6.000e-01 3.677e-01
7.000e-01 4.480e-01
8.000e-01 5.291e-01
9.000e-01 6.106e-01
1.000e+00 6.920e-01
1.250e+00 8.946e-01
1.500e+00 1.094e+00
1.750e+00 1.290e+00
2.000e+00 1.483e+00
2.500e+00 1.856e+00
3.000e+00 2.214e+00
3.500e+00 2.559e+00
4.000e+00 2.892e+00
4.500e+00 3.214e+00
5.000e+00 3.525e+00
5.500e+00 3.826e+00
6.000e+00 4.119e+00
7.000e+00 4.679e+00
8.000e+00 5.210e+00
9.000e+00 5.714e+00
1.000e+01 6.194e+00
1.250e+01 7.304e+00
1.500e+01 8.305e+00
1.750e+01 9.217e+00
2.000e+01 1.005e+01
