# LANTHANUM OXYSULFIDE from NIST Database
5.860e+00 1.589e+00
1.000e-02 5.438e-04
1.250e-02 7.808e-04
1.500e-02 1.053e-03
1.750e-02 1.358e-03
2.000e-02 1.694e-03
2.500e-02 2.459e-03
3.000e-02 3.339e-03
3.500e-02 4.327e-03
4.000e-02 5.417e-03
4.500e-02 6.604e-03
5.000e-02 7.884e-03
5.500e-02 9.252e-03
6.000e-02 1.070e-02
7.000e-02 1.385e-02
8.000e-02 1.729e-02
9.000e-02 2.101e-02
1.000e-01 2.499e-02
1.250e-01 3.594e-02
1.500e-01 4.814e-02
1.750e-01 6.142e-02
2.000e-01 7.561e-02
2.500e-01 1.063e-01
3.000e-01 1.394e-01
3.500e-01 1.743e-01
4.000e-01 2.106e-01
4.500e-01 2.480e-01
5.000e-01 2.862e-01
5.500e-01 3.250e-01
6.000e-01 3.644e-01
7.000e-01 4.441e-01
8.000e-01 5.246e-01
9.000e-01 6.055e-01
1.000e+00 6.863e-01
1.250e+00 8.874e-01
1.500e+00 1.086e+00
1.750e+00 1.280e+00
2.000e+00 1.471e+00
2.500e+00 1.841e+00
3.000e+00 2.196e+00
3.500e+00 2.538e+00
4.000e+00 2.867e+00
4.500e+00 3.185e+00
5.000e+00 3.493e+00
5.500e+00 3.791e+00
6.000e+00 4.080e+00
7.000e+00 4.633e+00
8.000e+00 5.156e+00
9.000e+00 5.653e+00
1.000e+01 6.126e+00
1.250e+01 7.219e+00
1.500e+01 8.203e+00
1.750e+01 9.098e+00
2.000e+01 9.920e+00
