# LEAD OXIDE from NIST Database
9.530e+00 7.098e-01
1.000e-02 7.724e-04
1.250e-02 1.076e-03
1.500e-02 1.421e-03
1.750e-02 1.804e-03
2.000e-02 2.225e-03
2.500e-02 3.171e-03
3.000e-02 4.251e-03
3.500e-02 5.456e-03
4.000e-02 6.779e-03
4.500e-02 8.214e-03
5.000e-02 9.754e-03
5.500e-02 1.140e-02
6.000e-02 1.313e-02
7.000e-02 1.688e-02
8.000e-02 2.097e-02
9.000e-02 2.537e-02
1.000e-01 3.006e-02
1.250e-01 4.290e-02
1.500e-01 5.713e-02
1.750e-01 7.252e-02
2.000e-01 8.891e-02
2.500e-01 1.241e-01
3.000e-01 1.617e-01
3.500e-01 2.013e-01
4.000e-01 2.422e-01
4.500e-01 2.841e-01
5.000e-01 3.268e-01
5.500e-01 3.700e-01
6.000e-01 4.136e-01
7.000e-01 5.015e-01
8.000e-01 5.897e-01
9.000e-01 6.779e-01
1.000e+00 7.656e-01
1.250e+00 9.821e-01
1.500e+00 1.193e+00
1.750e+00 1.399e+00
2.000e+00 1.599e+00
2.500e+00 1.982e+00
3.000e+00 2.346e+00
3.500e+00 2.691e+00
4.000e+00 3.021e+00
4.500e+00 3.336e+00
5.000e+00 3.638e+00
5.500e+00 3.928e+00
6.000e+00 4.207e+00
7.000e+00 4.735e+00
8.000e+00 5.228e+00
9.000e+00 5.691e+00
1.000e+01 6.126e+00
1.250e+01 7.115e+00
1.500e+01 7.988e+00
1.750e+01 8.769e+00
2.000e+01 9.476e+00
