# LITHIUM from NIST Database
5.340e-01 1.550e+02
1.000e-02 2.827e-04
1.250e-02 4.216e-04
1.500e-02 5.847e-04
1.750e-02 7.709e-04
2.000e-02 9.795e-04
2.500e-02 1.461e-03
3.000e-02 2.025e-03
3.500e-02 2.666e-03
4.000e-02 3.382e-03
4.500e-02 4.169e-03
5.000e-02 5.024e-03
5.500e-02 5.944e-03
6.000e-02 6.927e-03
7.000e-02 9.074e-03
8.000e-02 1.145e-02
9.000e-02 1.403e-02
1.000e-01 1.681e-02
1.250e-01 2.454e-02
1.500e-01 3.327e-02
1.750e-01 4.287e-02
2.000e-01 5.321e-02
2.500e-01 7.578e-02
3.000e-01 1.004e-01
3.500e-01 1.266e-01
4.000e-01 1.542e-01
4.500e-01 1.827e-01
5.000e-01 2.122e-01
5.500e-01 2.423e-01
6.000e-01 2.729e-01
7.000e-01 3.356e-01
8.000e-01 3.996e-01
9.000e-01 4.644e-01
1.000e+00 5.299e-01
1.250e+00 6.951e-01
1.500e+00 8.611e-01
1.750e+00 1.027e+00
2.000e+00 1.192e+00
2.500e+00 1.521e+00
3.000e+00 1.847e+00
3.500e+00 2.169e+00
4.000e+00 2.488e+00
4.500e+00 2.805e+00
5.000e+00 3.119e+00
5.500e+00 3.431e+00
6.000e+00 3.741e+00
7.000e+00 4.355e+00
8.000e+00 4.962e+00
9.000e+00 5.562e+00
1.000e+01 6.156e+00
1.250e+01 7.616e+00
1.500e+01 9.046e+00
1.750e+01 1.045e+01
2.000e+01 1.182e+01
