# LITHIUM AMIDE from NIST Database
1.178e+00 4.023e+01
1.000e-02 2.501e-04
1.250e-02 3.718e-04
1.500e-02 5.145e-04
1.750e-02 6.771e-04
2.000e-02 8.591e-04
2.500e-02 1.279e-03
3.000e-02 1.769e-03
3.500e-02 2.326e-03
4.000e-02 2.947e-03
4.500e-02 3.629e-03
5.000e-02 4.369e-03
5.500e-02 5.166e-03
6.000e-02 6.016e-03
7.000e-02 7.871e-03
8.000e-02 9.919e-03
9.000e-02 1.215e-02
1.000e-01 1.454e-02
1.250e-01 2.120e-02
1.500e-01 2.870e-02
1.750e-01 3.693e-02
2.000e-01 4.579e-02
2.500e-01 6.510e-02
3.000e-01 8.614e-02
3.500e-01 1.085e-01
4.000e-01 1.321e-01
4.500e-01 1.564e-01
5.000e-01 1.816e-01
5.500e-01 2.073e-01
6.000e-01 2.335e-01
7.000e-01 2.870e-01
8.000e-01 3.417e-01
9.000e-01 3.972e-01
1.000e+00 4.533e-01
1.250e+00 5.949e-01
1.500e+00 7.376e-01
1.750e+00 8.804e-01
2.000e+00 1.023e+00
2.500e+00 1.307e+00
3.000e+00 1.588e+00
3.500e+00 1.866e+00
4.000e+00 2.142e+00
4.500e+00 2.415e+00
5.000e+00 2.686e+00
5.500e+00 2.954e+00
6.000e+00 3.220e+00
7.000e+00 3.746e+00
8.000e+00 4.264e+00
9.000e+00 4.775e+00
1.000e+01 5.279e+00
1.250e+01 6.510e+00
1.500e+01 7.705e+00
1.750e+01 8.868e+00
2.000e+01 1.000e+01
