# LITHIUM HYDRIDE from NIST Database
8.200e-01 9.710e+01
1.000e-02 2.385e-04
1.250e-02 3.560e-04
1.500e-02 4.939e-04
1.750e-02 6.514e-04
2.000e-02 8.280e-04
2.500e-02 1.236e-03
3.000e-02 1.713e-03
3.500e-02 2.257e-03
4.000e-02 2.863e-03
4.500e-02 3.530e-03
5.000e-02 4.255e-03
5.500e-02 5.035e-03
6.000e-02 5.869e-03
7.000e-02 7.689e-03
8.000e-02 9.701e-03
9.000e-02 1.189e-02
1.000e-01 1.425e-02
1.250e-01 2.081e-02
1.500e-01 2.821e-02
1.750e-01 3.634e-02
2.000e-01 4.511e-02
2.500e-01 6.426e-02
3.000e-01 8.517e-02
3.500e-01 1.075e-01
4.000e-01 1.309e-01
4.500e-01 1.552e-01
5.000e-01 1.802e-01
5.500e-01 2.059e-01
6.000e-01 2.320e-01
7.000e-01 2.855e-01
8.000e-01 3.402e-01
9.000e-01 3.956e-01
1.000e+00 4.517e-01
1.250e+00 5.935e-01
1.500e+00 7.363e-01
1.750e+00 8.795e-01
2.000e+00 1.023e+00
2.500e+00 1.308e+00
3.000e+00 1.591e+00
3.500e+00 1.872e+00
4.000e+00 2.152e+00
4.500e+00 2.429e+00
5.000e+00 2.705e+00
5.500e+00 2.979e+00
6.000e+00 3.251e+00
7.000e+00 3.791e+00
8.000e+00 4.325e+00
9.000e+00 4.854e+00
1.000e+01 5.379e+00
1.250e+01 6.669e+00
1.500e+01 7.933e+00
1.750e+01 9.173e+00
2.000e+01 1.039e+01
