# LITHIUM TETRABORATE from NIST Database
2.440e+00 1.627e+01
1.000e-02 3.040e-04
1.250e-02 4.494e-04
1.500e-02 6.192e-04
1.750e-02 8.122e-04
2.000e-02 1.028e-03
2.500e-02 1.523e-03
3.000e-02 2.100e-03
3.500e-02 2.754e-03
4.000e-02 3.482e-03
4.500e-02 4.280e-03
5.000e-02 5.145e-03
5.500e-02 6.074e-03
6.000e-02 7.066e-03
7.000e-02 9.226e-03
8.000e-02 1.161e-02
9.000e-02 1.419e-02
1.000e-01 1.697e-02
1.250e-01 2.468e-02
1.500e-01 3.335e-02
1.750e-01 4.285e-02
2.000e-01 5.306e-02
2.500e-01 7.527e-02
3.000e-01 9.941e-02
3.500e-01 1.251e-01
4.000e-01 1.520e-01
4.500e-01 1.798e-01
5.000e-01 2.085e-01
5.500e-01 2.378e-01
6.000e-01 2.676e-01
7.000e-01 3.285e-01
8.000e-01 3.907e-01
9.000e-01 4.536e-01
1.000e+00 5.172e-01
1.250e+00 6.775e-01
1.500e+00 8.385e-01
1.750e+00 9.994e-01
2.000e+00 1.160e+00
2.500e+00 1.478e+00
3.000e+00 1.793e+00
3.500e+00 2.104e+00
4.000e+00 2.411e+00
4.500e+00 2.714e+00
5.000e+00 3.014e+00
5.500e+00 3.311e+00
6.000e+00 3.605e+00
7.000e+00 4.184e+00
8.000e+00 4.752e+00
9.000e+00 5.311e+00
1.000e+01 5.860e+00
1.250e+01 7.196e+00
1.500e+01 8.483e+00
1.750e+01 9.727e+00
2.000e+01 1.093e+01
