# LITHIUM FLUORIDE from NIST Database
2.635e+00 1.490e+01
1.000e-02 3.181e-04
1.250e-02 4.704e-04
1.500e-02 6.480e-04
1.750e-02 8.501e-04
2.000e-02 1.076e-03
2.500e-02 1.594e-03
3.000e-02 2.198e-03
3.500e-02 2.883e-03
4.000e-02 3.645e-03
4.500e-02 4.480e-03
5.000e-02 5.386e-03
5.500e-02 6.359e-03
6.000e-02 7.397e-03
7.000e-02 9.659e-03
8.000e-02 1.215e-02
9.000e-02 1.486e-02
1.000e-01 1.777e-02
1.250e-01 2.584e-02
1.500e-01 3.492e-02
1.750e-01 4.486e-02
2.000e-01 5.555e-02
2.500e-01 7.882e-02
3.000e-01 1.041e-01
3.500e-01 1.310e-01
4.000e-01 1.591e-01
4.500e-01 1.883e-01
5.000e-01 2.183e-01
5.500e-01 2.489e-01
6.000e-01 2.801e-01
7.000e-01 3.437e-01
8.000e-01 4.086e-01
9.000e-01 4.743e-01
1.000e+00 5.406e-01
1.250e+00 7.077e-01
1.500e+00 8.756e-01
1.750e+00 1.043e+00
2.000e+00 1.210e+00
2.500e+00 1.542e+00
3.000e+00 1.870e+00
3.500e+00 2.194e+00
4.000e+00 2.515e+00
4.500e+00 2.832e+00
5.000e+00 3.145e+00
5.500e+00 3.455e+00
6.000e+00 3.761e+00
7.000e+00 4.365e+00
8.000e+00 4.958e+00
9.000e+00 5.541e+00
1.000e+01 6.113e+00
1.250e+01 7.504e+00
1.500e+01 8.844e+00
1.750e+01 1.014e+01
2.000e+01 1.139e+01
