# LITHIUM OXIDE from NIST Database
2.013e+00 2.338e+01
1.000e-02 2.967e-04
1.250e-02 4.399e-04
1.500e-02 6.074e-04
1.750e-02 7.981e-04
2.000e-02 1.011e-03
2.500e-02 1.502e-03
3.000e-02 2.074e-03
3.500e-02 2.723e-03
4.000e-02 3.447e-03
4.500e-02 4.241e-03
5.000e-02 5.102e-03
5.500e-02 6.028e-03
6.000e-02 7.016e-03
7.000e-02 9.170e-03
8.000e-02 1.155e-02
9.000e-02 1.413e-02
1.000e-01 1.691e-02
1.250e-01 2.461e-02
1.500e-01 3.329e-02
1.750e-01 4.280e-02
2.000e-01 5.304e-02
2.500e-01 7.535e-02
3.000e-01 9.965e-02
3.500e-01 1.255e-01
4.000e-01 1.526e-01
4.500e-01 1.807e-01
5.000e-01 2.097e-01
5.500e-01 2.392e-01
6.000e-01 2.694e-01
7.000e-01 3.309e-01
8.000e-01 3.937e-01
9.000e-01 4.573e-01
1.000e+00 5.216e-01
1.250e+00 6.837e-01
1.500e+00 8.466e-01
1.750e+00 1.010e+00
2.000e+00 1.172e+00
2.500e+00 1.495e+00
3.000e+00 1.815e+00
3.500e+00 2.131e+00
4.000e+00 2.444e+00
4.500e+00 2.753e+00
5.000e+00 3.060e+00
5.500e+00 3.364e+00
6.000e+00 3.665e+00
7.000e+00 4.259e+00
8.000e+00 4.844e+00
9.000e+00 5.419e+00
1.000e+01 5.987e+00
1.250e+01 7.370e+00
1.500e+01 8.709e+00
1.750e+01 1.001e+01
2.000e+01 1.127e+01
