# LITHIUM CARBONATE from NIST Database
2.110e+00 1.892e+01
1.000e-02 2.972e-04
1.250e-02 4.399e-04
1.500e-02 6.064e-04
1.750e-02 7.959e-04
2.000e-02 1.007e-03
2.500e-02 1.494e-03
3.000e-02 2.061e-03
3.500e-02 2.704e-03
4.000e-02 3.419e-03
4.500e-02 4.204e-03
5.000e-02 5.055e-03
5.500e-02 5.970e-03
6.000e-02 6.946e-03
7.000e-02 9.072e-03
8.000e-02 1.142e-02
9.000e-02 1.396e-02
1.000e-01 1.670e-02
1.250e-01 2.429e-02
1.500e-01 3.284e-02
1.750e-01 4.220e-02
2.000e-01 5.226e-02
2.500e-01 7.416e-02
3.000e-01 9.797e-02
3.500e-01 1.233e-01
4.000e-01 1.498e-01
4.500e-01 1.773e-01
5.000e-01 2.056e-01
5.500e-01 2.345e-01
6.000e-01 2.639e-01
7.000e-01 3.240e-01
8.000e-01 3.853e-01
9.000e-01 4.475e-01
1.000e+00 5.102e-01
1.250e+00 6.683e-01
1.500e+00 8.273e-01
1.750e+00 9.861e-01
2.000e+00 1.144e+00
2.500e+00 1.459e+00
3.000e+00 1.770e+00
3.500e+00 2.077e+00
4.000e+00 2.380e+00
4.500e+00 2.680e+00
5.000e+00 2.977e+00
5.500e+00 3.271e+00
6.000e+00 3.561e+00
7.000e+00 4.135e+00
8.000e+00 4.697e+00
9.000e+00 5.250e+00
1.000e+01 5.794e+00
1.250e+01 7.117e+00
1.500e+01 8.393e+00
1.750e+01 9.627e+00
2.000e+01 1.082e+01
