# LITHIUM IODIDE from NIST Database
3.494e+00 2.546e+00
1.000e-02 5.886e-04
1.250e-02 8.408e-04
1.500e-02 1.129e-03
1.750e-02 1.453e-03
2.000e-02 1.809e-03
2.500e-02 2.618e-03
3.000e-02 3.546e-03
3.500e-02 4.586e-03
4.000e-02 5.734e-03
4.500e-02 6.982e-03
5.000e-02 8.327e-03
5.500e-02 9.764e-03
6.000e-02 1.129e-02
7.000e-02 1.459e-02
8.000e-02 1.820e-02
9.000e-02 2.209e-02
1.000e-01 2.625e-02
1.250e-01 3.770e-02
1.500e-01 5.045e-02
1.750e-01 6.430e-02
2.000e-01 7.909e-02
2.500e-01 1.110e-01
3.000e-01 1.453e-01
3.500e-01 1.815e-01
4.000e-01 2.190e-01
4.500e-01 2.577e-01
5.000e-01 2.971e-01
5.500e-01 3.372e-01
6.000e-01 3.777e-01
7.000e-01 4.596e-01
8.000e-01 5.423e-01
9.000e-01 6.251e-01
1.000e+00 7.079e-01
1.250e+00 9.132e-01
1.500e+00 1.115e+00
1.750e+00 1.313e+00
2.000e+00 1.506e+00
2.500e+00 1.880e+00
3.000e+00 2.239e+00
3.500e+00 2.583e+00
4.000e+00 2.914e+00
4.500e+00 3.233e+00
5.000e+00 3.541e+00
5.500e+00 3.839e+00
6.000e+00 4.128e+00
7.000e+00 4.679e+00
8.000e+00 5.199e+00
9.000e+00 5.692e+00
1.000e+01 6.160e+00
1.250e+01 7.239e+00
1.500e+01 8.207e+00
1.750e+01 9.085e+00
2.000e+01 9.889e+00
