# LUTETIUM from NIST Database
9.840e+00 7.037e-01
1.000e-02 7.232e-04
1.250e-02 1.015e-03
1.500e-02 1.346e-03
1.750e-02 1.716e-03
2.000e-02 2.122e-03
2.500e-02 3.037e-03
3.000e-02 4.083e-03
3.500e-02 5.251e-03
4.000e-02 6.535e-03
4.500e-02 7.929e-03
5.000e-02 9.426e-03
5.500e-02 1.102e-02
6.000e-02 1.272e-02
7.000e-02 1.637e-02
8.000e-02 2.035e-02
9.000e-02 2.465e-02
1.000e-01 2.923e-02
1.250e-01 4.179e-02
1.500e-01 5.573e-02
1.750e-01 7.085e-02
2.000e-01 8.697e-02
2.500e-01 1.216e-01
3.000e-01 1.589e-01
3.500e-01 1.980e-01
4.000e-01 2.385e-01
4.500e-01 2.802e-01
5.000e-01 3.226e-01
5.500e-01 3.657e-01
6.000e-01 4.092e-01
7.000e-01 4.969e-01
8.000e-01 5.852e-01
9.000e-01 6.735e-01
1.000e+00 7.615e-01
1.250e+00 9.790e-01
1.500e+00 1.192e+00
1.750e+00 1.399e+00
2.000e+00 1.601e+00
2.500e+00 1.989e+00
3.000e+00 2.356e+00
3.500e+00 2.707e+00
4.000e+00 3.040e+00
4.500e+00 3.360e+00
5.000e+00 3.666e+00
5.500e+00 3.960e+00
6.000e+00 4.243e+00
7.000e+00 4.778e+00
8.000e+00 5.278e+00
9.000e+00 5.746e+00
1.000e+01 6.188e+00
1.250e+01 7.190e+00
1.500e+01 8.076e+00
1.750e+01 8.868e+00
2.000e+01 9.584e+00
