# LUNG (ICRP) from NIST Database
1.050e+00 3.476e+01
1.000e-02 2.542e-04
1.250e-02 3.768e-04
1.500e-02 5.202e-04
1.750e-02 6.834e-04
2.000e-02 8.657e-04
2.500e-02 1.285e-03
3.000e-02 1.775e-03
3.500e-02 2.331e-03
4.000e-02 2.950e-03
4.500e-02 3.629e-03
5.000e-02 4.365e-03
5.500e-02 5.157e-03
6.000e-02 6.002e-03
7.000e-02 7.844e-03
8.000e-02 9.876e-03
9.000e-02 1.208e-02
1.000e-01 1.446e-02
1.250e-01 2.105e-02
1.500e-01 2.847e-02
1.750e-01 3.660e-02
2.000e-01 4.534e-02
2.500e-01 6.439e-02
3.000e-01 8.509e-02
3.500e-01 1.071e-01
4.000e-01 1.301e-01
4.500e-01 1.539e-01
5.000e-01 1.784e-01
5.500e-01 2.034e-01
6.000e-01 2.288e-01
7.000e-01 2.808e-01
8.000e-01 3.337e-01
9.000e-01 3.874e-01
1.000e+00 4.416e-01
1.250e+00 5.782e-01
1.500e+00 7.156e-01
1.750e+00 8.529e-01
2.000e+00 9.899e-01
2.500e+00 1.262e+00
3.000e+00 1.532e+00
3.500e+00 1.798e+00
4.000e+00 2.061e+00
4.500e+00 2.322e+00
5.000e+00 2.580e+00
5.500e+00 2.835e+00
6.000e+00 3.088e+00
7.000e+00 3.587e+00
8.000e+00 4.076e+00
9.000e+00 4.558e+00
1.000e+01 5.032e+00
1.250e+01 6.187e+00
1.500e+01 7.301e+00
1.750e+01 8.380e+00
2.000e+01 9.425e+00
