# M3 WAX from NIST Database
1.050e+00 3.745e+01
1.000e-02 2.459e-04
1.250e-02 3.650e-04
1.500e-02 5.042e-04
1.750e-02 6.628e-04
2.000e-02 8.401e-04
2.500e-02 1.248e-03
3.000e-02 1.725e-03
3.500e-02 2.266e-03
4.000e-02 2.869e-03
4.500e-02 3.531e-03
5.000e-02 4.249e-03
5.500e-02 5.021e-03
6.000e-02 5.845e-03
7.000e-02 7.642e-03
8.000e-02 9.625e-03
9.000e-02 1.178e-02
1.000e-01 1.410e-02
1.250e-01 2.053e-02
1.500e-01 2.778e-02
1.750e-01 3.573e-02
2.000e-01 4.428e-02
2.500e-01 6.289e-02
3.000e-01 8.314e-02
3.500e-01 1.047e-01
4.000e-01 1.272e-01
4.500e-01 1.505e-01
5.000e-01 1.746e-01
5.500e-01 1.992e-01
6.000e-01 2.242e-01
7.000e-01 2.753e-01
8.000e-01 3.275e-01
9.000e-01 3.805e-01
1.000e+00 4.339e-01
1.250e+00 5.688e-01
1.500e+00 7.045e-01
1.750e+00 8.402e-01
2.000e+00 9.756e-01
2.500e+00 1.245e+00
3.000e+00 1.511e+00
3.500e+00 1.774e+00
4.000e+00 2.035e+00
4.500e+00 2.293e+00
5.000e+00 2.548e+00
5.500e+00 2.800e+00
6.000e+00 3.051e+00
7.000e+00 3.545e+00
8.000e+00 4.030e+00
9.000e+00 4.508e+00
1.000e+01 4.979e+00
1.250e+01 6.127e+00
1.500e+01 7.239e+00
1.750e+01 8.316e+00
2.000e+01 9.364e+00
