# MAGNESIUM OXIDE from NIST Database
3.580e+00 7.828e+00
1.000e-02 3.303e-04
1.250e-02 4.857e-04
1.500e-02 6.663e-04
1.750e-02 8.711e-04
2.000e-02 1.099e-03
2.500e-02 1.622e-03
3.000e-02 2.229e-03
3.500e-02 2.917e-03
4.000e-02 3.680e-03
4.500e-02 4.516e-03
5.000e-02 5.421e-03
5.500e-02 6.392e-03
6.000e-02 7.428e-03
7.000e-02 9.679e-03
8.000e-02 1.216e-02
9.000e-02 1.485e-02
1.000e-01 1.773e-02
1.250e-01 2.573e-02
1.500e-01 3.471e-02
1.750e-01 4.453e-02
2.000e-01 5.507e-02
2.500e-01 7.798e-02
3.000e-01 1.028e-01
3.500e-01 1.292e-01
4.000e-01 1.568e-01
4.500e-01 1.854e-01
5.000e-01 2.147e-01
5.500e-01 2.446e-01
6.000e-01 2.751e-01
7.000e-01 3.371e-01
8.000e-01 4.003e-01
9.000e-01 4.642e-01
1.000e+00 5.285e-01
1.250e+00 6.903e-01
1.500e+00 8.523e-01
1.750e+00 1.014e+00
2.000e+00 1.174e+00
2.500e+00 1.492e+00
3.000e+00 1.804e+00
3.500e+00 2.112e+00
4.000e+00 2.415e+00
4.500e+00 2.714e+00
5.000e+00 3.009e+00
5.500e+00 3.301e+00
6.000e+00 3.588e+00
7.000e+00 4.153e+00
8.000e+00 4.705e+00
9.000e+00 5.244e+00
1.000e+01 5.773e+00
1.250e+01 7.049e+00
1.500e+01 8.268e+00
1.750e+01 9.434e+00
2.000e+01 1.055e+01
