# MAGNESIUM CARBONATE from NIST Database
2.958e+00 1.074e+01
1.000e-02 3.125e-04
1.250e-02 4.607e-04
1.500e-02 6.334e-04
1.750e-02 8.295e-04
2.000e-02 1.048e-03
2.500e-02 1.550e-03
3.000e-02 2.133e-03
3.500e-02 2.795e-03
4.000e-02 3.529e-03
4.500e-02 4.335e-03
5.000e-02 5.207e-03
5.500e-02 6.144e-03
6.000e-02 7.143e-03
7.000e-02 9.317e-03
8.000e-02 1.171e-02
9.000e-02 1.431e-02
1.000e-01 1.711e-02
1.250e-01 2.485e-02
1.500e-01 3.354e-02
1.750e-01 4.306e-02
2.000e-01 5.329e-02
2.500e-01 7.553e-02
3.000e-01 9.967e-02
3.500e-01 1.253e-01
4.000e-01 1.521e-01
4.500e-01 1.799e-01
5.000e-01 2.085e-01
5.500e-01 2.377e-01
6.000e-01 2.674e-01
7.000e-01 3.280e-01
8.000e-01 3.898e-01
9.000e-01 4.523e-01
1.000e+00 5.154e-01
1.250e+00 6.742e-01
1.500e+00 8.336e-01
1.750e+00 9.926e-01
2.000e+00 1.151e+00
2.500e+00 1.464e+00
3.000e+00 1.774e+00
3.500e+00 2.079e+00
4.000e+00 2.380e+00
4.500e+00 2.677e+00
5.000e+00 2.970e+00
5.500e+00 3.260e+00
6.000e+00 3.546e+00
7.000e+00 4.110e+00
8.000e+00 4.661e+00
9.000e+00 5.202e+00
1.000e+01 5.732e+00
1.250e+01 7.016e+00
1.500e+01 8.246e+00
1.750e+01 9.429e+00
2.000e+01 1.057e+01
