# MAGNESIUM FLUORIDE from NIST Database
3.000e+00 9.774e+00
1.000e-02 3.343e-04
1.250e-02 4.920e-04
1.500e-02 6.755e-04
1.750e-02 8.836e-04
2.000e-02 1.115e-03
2.500e-02 1.647e-03
3.000e-02 2.265e-03
3.500e-02 2.965e-03
4.000e-02 3.742e-03
4.500e-02 4.594e-03
5.000e-02 5.516e-03
5.500e-02 6.505e-03
6.000e-02 7.560e-03
7.000e-02 9.856e-03
8.000e-02 1.238e-02
9.000e-02 1.513e-02
1.000e-01 1.807e-02
1.250e-01 2.623e-02
1.500e-01 3.539e-02
1.750e-01 4.541e-02
2.000e-01 5.618e-02
2.500e-01 7.957e-02
3.000e-01 1.050e-01
3.500e-01 1.319e-01
4.000e-01 1.600e-01
4.500e-01 1.891e-01
5.000e-01 2.190e-01
5.500e-01 2.495e-01
6.000e-01 2.805e-01
7.000e-01 3.437e-01
8.000e-01 4.080e-01
9.000e-01 4.731e-01
1.000e+00 5.386e-01
1.250e+00 7.035e-01
1.500e+00 8.686e-01
1.750e+00 1.033e+00
2.000e+00 1.197e+00
2.500e+00 1.521e+00
3.000e+00 1.840e+00
3.500e+00 2.155e+00
4.000e+00 2.465e+00
4.500e+00 2.771e+00
5.000e+00 3.073e+00
5.500e+00 3.371e+00
6.000e+00 3.665e+00
7.000e+00 4.243e+00
8.000e+00 4.808e+00
9.000e+00 5.361e+00
1.000e+01 5.903e+00
1.250e+01 7.212e+00
1.500e+01 8.462e+00
1.750e+01 9.660e+00
2.000e+01 1.081e+01
