# MAGNESIUM TETRABORATE from NIST Database
2.530e+00 1.402e+01
1.000e-02 3.108e-04
1.250e-02 4.588e-04
1.500e-02 6.313e-04
1.750e-02 8.272e-04
2.000e-02 1.046e-03
2.500e-02 1.548e-03
3.000e-02 2.132e-03
3.500e-02 2.794e-03
4.000e-02 3.530e-03
4.500e-02 4.337e-03
5.000e-02 5.212e-03
5.500e-02 6.151e-03
6.000e-02 7.153e-03
7.000e-02 9.334e-03
8.000e-02 1.174e-02
9.000e-02 1.435e-02
1.000e-01 1.715e-02
1.250e-01 2.492e-02
1.500e-01 3.366e-02
1.750e-01 4.322e-02
2.000e-01 5.350e-02
2.500e-01 7.586e-02
3.000e-01 1.001e-01
3.500e-01 1.259e-01
4.000e-01 1.529e-01
4.500e-01 1.808e-01
5.000e-01 2.095e-01
5.500e-01 2.389e-01
6.000e-01 2.688e-01
7.000e-01 3.298e-01
8.000e-01 3.919e-01
9.000e-01 4.549e-01
1.000e+00 5.184e-01
1.250e+00 6.784e-01
1.500e+00 8.390e-01
1.750e+00 9.994e-01
2.000e+00 1.159e+00
2.500e+00 1.476e+00
3.000e+00 1.788e+00
3.500e+00 2.097e+00
4.000e+00 2.401e+00
4.500e+00 2.702e+00
5.000e+00 2.999e+00
5.500e+00 3.293e+00
6.000e+00 3.584e+00
7.000e+00 4.155e+00
8.000e+00 4.716e+00
9.000e+00 5.266e+00
1.000e+01 5.806e+00
1.250e+01 7.117e+00
1.500e+01 8.377e+00
1.750e+01 9.591e+00
2.000e+01 1.076e+01
