# MERCURIC IODIDE from NIST Database
6.360e+00 1.170e+00
1.000e-02 7.113e-04
1.250e-02 9.992e-04
1.500e-02 1.326e-03
1.750e-02 1.691e-03
2.000e-02 2.092e-03
2.500e-02 2.996e-03
3.000e-02 4.029e-03
3.500e-02 5.183e-03
4.000e-02 6.451e-03
4.500e-02 7.828e-03
5.000e-02 9.309e-03
5.500e-02 1.089e-02
6.000e-02 1.256e-02
7.000e-02 1.617e-02
8.000e-02 2.011e-02
9.000e-02 2.436e-02
1.000e-01 2.888e-02
1.250e-01 4.130e-02
1.500e-01 5.508e-02
1.750e-01 7.002e-02
2.000e-01 8.594e-02
2.500e-01 1.202e-01
3.000e-01 1.569e-01
3.500e-01 1.954e-01
4.000e-01 2.353e-01
4.500e-01 2.763e-01
5.000e-01 3.181e-01
5.500e-01 3.605e-01
6.000e-01 4.032e-01
7.000e-01 4.895e-01
8.000e-01 5.763e-01
9.000e-01 6.631e-01
1.000e+00 7.496e-01
1.250e+00 9.633e-01
1.500e+00 1.172e+00
1.750e+00 1.376e+00
2.000e+00 1.575e+00
2.500e+00 1.957e+00
3.000e+00 2.321e+00
3.500e+00 2.668e+00
4.000e+00 2.999e+00
4.500e+00 3.317e+00
5.000e+00 3.623e+00
5.500e+00 3.917e+00
6.000e+00 4.200e+00
7.000e+00 4.738e+00
8.000e+00 5.242e+00
9.000e+00 5.717e+00
1.000e+01 6.165e+00
1.250e+01 7.187e+00
1.500e+01 8.094e+00
1.750e+01 8.909e+00
2.000e+01 9.650e+00
