# METHANE from NIST Database
6.672e-04 6.965e+04
1.000e-02 1.977e-04
1.250e-02 2.947e-04
1.500e-02 4.085e-04
1.750e-02 5.385e-04
2.000e-02 6.841e-04
2.500e-02 1.020e-03
3.000e-02 1.413e-03
3.500e-02 1.861e-03
4.000e-02 2.360e-03
4.500e-02 2.908e-03
5.000e-02 3.504e-03
5.500e-02 4.146e-03
6.000e-02 4.831e-03
7.000e-02 6.326e-03
8.000e-02 7.979e-03
9.000e-02 9.777e-03
1.000e-01 1.171e-02
1.250e-01 1.709e-02
1.500e-01 2.316e-02
1.750e-01 2.983e-02
2.000e-01 3.701e-02
2.500e-01 5.266e-02
3.000e-01 6.971e-02
3.500e-01 8.785e-02
4.000e-01 1.069e-01
4.500e-01 1.266e-01
5.000e-01 1.468e-01
5.500e-01 1.675e-01
6.000e-01 1.886e-01
7.000e-01 2.315e-01
8.000e-01 2.752e-01
9.000e-01 3.195e-01
1.000e+00 3.640e-01
1.250e+00 4.760e-01
1.500e+00 5.881e-01
1.750e+00 6.996e-01
2.000e+00 8.103e-01
2.500e+00 1.029e+00
3.000e+00 1.244e+00
3.500e+00 1.456e+00
4.000e+00 1.664e+00
4.500e+00 1.869e+00
5.000e+00 2.071e+00
5.500e+00 2.271e+00
6.000e+00 2.469e+00
7.000e+00 2.857e+00
8.000e+00 3.238e+00
9.000e+00 3.611e+00
1.000e+01 3.979e+00
1.250e+01 4.872e+00
1.500e+01 5.736e+00
1.750e+01 6.573e+00
2.000e+01 7.388e+00
