# METHANOL from NIST Database
7.914e-01 4.983e+01
1.000e-02 2.428e-04
1.250e-02 3.603e-04
1.500e-02 4.978e-04
1.750e-02 6.544e-04
2.000e-02 8.295e-04
2.500e-02 1.233e-03
3.000e-02 1.703e-03
3.500e-02 2.238e-03
4.000e-02 2.833e-03
4.500e-02 3.487e-03
5.000e-02 4.196e-03
5.500e-02 4.958e-03
6.000e-02 5.772e-03
7.000e-02 7.547e-03
8.000e-02 9.504e-03
9.000e-02 1.163e-02
1.000e-01 1.392e-02
1.250e-01 2.028e-02
1.500e-01 2.744e-02
1.750e-01 3.528e-02
2.000e-01 4.373e-02
2.500e-01 6.212e-02
3.000e-01 8.212e-02
3.500e-01 1.034e-01
4.000e-01 1.256e-01
4.500e-01 1.487e-01
5.000e-01 1.723e-01
5.500e-01 1.965e-01
6.000e-01 2.211e-01
7.000e-01 2.713e-01
8.000e-01 3.224e-01
9.000e-01 3.743e-01
1.000e+00 4.266e-01
1.250e+00 5.587e-01
1.500e+00 6.915e-01
1.750e+00 8.243e-01
2.000e+00 9.569e-01
2.500e+00 1.220e+00
3.000e+00 1.481e+00
3.500e+00 1.739e+00
4.000e+00 1.994e+00
4.500e+00 2.247e+00
5.000e+00 2.497e+00
5.500e+00 2.745e+00
6.000e+00 2.991e+00
7.000e+00 3.476e+00
8.000e+00 3.953e+00
9.000e+00 4.422e+00
1.000e+01 4.884e+00
1.250e+01 6.012e+00
1.500e+01 7.104e+00
1.750e+01 8.163e+00
2.000e+01 9.193e+00
