# MAGNESIUM from NIST Database
1.740e+00 1.439e+01
1.000e-02 3.395e-04
1.250e-02 4.985e-04
1.500e-02 6.832e-04
1.750e-02 8.926e-04
2.000e-02 1.126e-03
2.500e-02 1.659e-03
3.000e-02 2.279e-03
3.500e-02 2.980e-03
4.000e-02 3.759e-03
4.500e-02 4.611e-03
5.000e-02 5.533e-03
5.500e-02 6.523e-03
6.000e-02 7.578e-03
7.000e-02 9.872e-03
8.000e-02 1.240e-02
9.000e-02 1.514e-02
1.000e-01 1.807e-02
1.250e-01 2.622e-02
1.500e-01 3.535e-02
1.750e-01 4.535e-02
2.000e-01 5.609e-02
2.500e-01 7.942e-02
3.000e-01 1.047e-01
3.500e-01 1.316e-01
4.000e-01 1.597e-01
4.500e-01 1.887e-01
5.000e-01 2.185e-01
5.500e-01 2.489e-01
6.000e-01 2.798e-01
7.000e-01 3.427e-01
8.000e-01 4.066e-01
9.000e-01 4.711e-01
1.000e+00 5.359e-01
1.250e+00 6.986e-01
1.500e+00 8.609e-01
1.750e+00 1.022e+00
2.000e+00 1.182e+00
2.500e+00 1.496e+00
3.000e+00 1.805e+00
3.500e+00 2.107e+00
4.000e+00 2.405e+00
4.500e+00 2.698e+00
5.000e+00 2.986e+00
5.500e+00 3.270e+00
6.000e+00 3.550e+00
7.000e+00 4.100e+00
8.000e+00 4.636e+00
9.000e+00 5.160e+00
1.000e+01 5.672e+00
1.250e+01 6.906e+00
1.500e+01 8.080e+00
1.750e+01 9.200e+00
2.000e+01 1.027e+01
