# MIX D WAX from NIST Database
9.900e-01 4.244e+01
1.000e-02 2.360e-04
1.250e-02 3.506e-04
1.500e-02 4.848e-04
1.750e-02 6.378e-04
2.000e-02 8.088e-04
2.500e-02 1.203e-03
3.000e-02 1.663e-03
3.500e-02 2.186e-03
4.000e-02 2.769e-03
4.500e-02 3.409e-03
5.000e-02 4.103e-03
5.500e-02 4.850e-03
6.000e-02 5.648e-03
7.000e-02 7.386e-03
8.000e-02 9.306e-03
9.000e-02 1.139e-02
1.000e-01 1.364e-02
1.250e-01 1.987e-02
1.500e-01 2.690e-02
1.750e-01 3.460e-02
2.000e-01 4.289e-02
2.500e-01 6.095e-02
3.000e-01 8.060e-02
3.500e-01 1.015e-01
4.000e-01 1.234e-01
4.500e-01 1.461e-01
5.000e-01 1.694e-01
5.500e-01 1.934e-01
6.000e-01 2.177e-01
7.000e-01 2.675e-01
8.000e-01 3.184e-01
9.000e-01 3.700e-01
1.000e+00 4.221e-01
1.250e+00 5.537e-01
1.500e+00 6.863e-01
1.750e+00 8.189e-01
2.000e+00 9.513e-01
2.500e+00 1.215e+00
3.000e+00 1.475e+00
3.500e+00 1.734e+00
4.000e+00 1.989e+00
4.500e+00 2.242e+00
5.000e+00 2.492e+00
5.500e+00 2.741e+00
6.000e+00 2.987e+00
7.000e+00 3.472e+00
8.000e+00 3.950e+00
9.000e+00 4.421e+00
1.000e+01 4.885e+00
1.250e+01 6.019e+00
1.500e+01 7.118e+00
1.750e+01 8.186e+00
2.000e+01 9.226e+00
