# MANGANESE from NIST Database
7.440e+00 1.968e+00
1.000e-02 4.356e-04
1.250e-02 6.329e-04
1.500e-02 8.608e-04
1.750e-02 1.118e-03
2.000e-02 1.403e-03
2.500e-02 2.053e-03
3.000e-02 2.804e-03
3.500e-02 3.651e-03
4.000e-02 4.588e-03
4.500e-02 5.612e-03
5.000e-02 6.718e-03
5.500e-02 7.902e-03
6.000e-02 9.163e-03
7.000e-02 1.190e-02
8.000e-02 1.490e-02
9.000e-02 1.816e-02
1.000e-01 2.164e-02
1.250e-01 3.128e-02
1.500e-01 4.208e-02
1.750e-01 5.386e-02
2.000e-01 6.651e-02
2.500e-01 9.393e-02
3.000e-01 1.236e-01
3.500e-01 1.551e-01
4.000e-01 1.880e-01
4.500e-01 2.219e-01
5.000e-01 2.567e-01
5.500e-01 2.922e-01
6.000e-01 3.282e-01
7.000e-01 4.014e-01
8.000e-01 4.757e-01
9.000e-01 5.506e-01
1.000e+00 6.258e-01
1.250e+00 8.141e-01
1.500e+00 1.001e+00
1.750e+00 1.187e+00
2.000e+00 1.370e+00
2.500e+00 1.729e+00
3.000e+00 2.078e+00
3.500e+00 2.418e+00
4.000e+00 2.750e+00
4.500e+00 3.074e+00
5.000e+00 3.389e+00
5.500e+00 3.698e+00
6.000e+00 4.000e+00
7.000e+00 4.586e+00
8.000e+00 5.148e+00
9.000e+00 5.689e+00
1.000e+01 6.211e+00
1.250e+01 7.441e+00
1.500e+01 8.577e+00
1.750e+01 9.634e+00
2.000e+01 1.062e+01
