# MOLYBDENUM from NIST Database
1.022e+01 9.594e-01
1.000e-02 5.320e-04
1.250e-02 7.636e-04
1.500e-02 1.029e-03
1.750e-02 1.327e-03
2.000e-02 1.657e-03
2.500e-02 2.404e-03
3.000e-02 3.264e-03
3.500e-02 4.230e-03
4.000e-02 5.296e-03
4.500e-02 6.457e-03
5.000e-02 7.708e-03
5.500e-02 9.046e-03
6.000e-02 1.047e-02
7.000e-02 1.354e-02
8.000e-02 1.691e-02
9.000e-02 2.055e-02
1.000e-01 2.445e-02
1.250e-01 3.517e-02
1.500e-01 4.714e-02
1.750e-01 6.016e-02
2.000e-01 7.409e-02
2.500e-01 1.042e-01
3.000e-01 1.367e-01
3.500e-01 1.709e-01
4.000e-01 2.066e-01
4.500e-01 2.433e-01
5.000e-01 2.809e-01
5.500e-01 3.191e-01
6.000e-01 3.578e-01
7.000e-01 4.362e-01
8.000e-01 5.155e-01
9.000e-01 5.951e-01
1.000e+00 6.748e-01
1.250e+00 8.731e-01
1.500e+00 1.069e+00
1.750e+00 1.261e+00
2.000e+00 1.450e+00
2.500e+00 1.817e+00
3.000e+00 2.170e+00
3.500e+00 2.511e+00
4.000e+00 2.840e+00
4.500e+00 3.158e+00
5.000e+00 3.466e+00
5.500e+00 3.765e+00
6.000e+00 4.055e+00
7.000e+00 4.612e+00
8.000e+00 5.140e+00
9.000e+00 5.643e+00
1.000e+01 6.123e+00
1.250e+01 7.234e+00
1.500e+01 8.239e+00
1.750e+01 9.157e+00
2.000e+01 1.000e+01
