# MS20 TISSUE SUBSTITUTE from NIST Database
1.000e+00 3.829e+01
1.000e-02 2.591e-04
1.250e-02 3.842e-04
1.500e-02 5.303e-04
1.750e-02 6.967e-04
2.000e-02 8.826e-04
2.500e-02 1.311e-03
3.000e-02 1.810e-03
3.500e-02 2.376e-03
4.000e-02 3.007e-03
4.500e-02 3.700e-03
5.000e-02 4.451e-03
5.500e-02 5.258e-03
6.000e-02 6.120e-03
7.000e-02 7.998e-03
8.000e-02 1.007e-02
9.000e-02 1.232e-02
1.000e-01 1.474e-02
1.250e-01 2.146e-02
1.500e-01 2.903e-02
1.750e-01 3.732e-02
2.000e-01 4.624e-02
2.500e-01 6.566e-02
3.000e-01 8.677e-02
3.500e-01 1.092e-01
4.000e-01 1.327e-01
4.500e-01 1.570e-01
5.000e-01 1.819e-01
5.500e-01 2.075e-01
6.000e-01 2.335e-01
7.000e-01 2.865e-01
8.000e-01 3.406e-01
9.000e-01 3.954e-01
1.000e+00 4.508e-01
1.250e+00 5.903e-01
1.500e+00 7.306e-01
1.750e+00 8.708e-01
2.000e+00 1.011e+00
2.500e+00 1.288e+00
3.000e+00 1.563e+00
3.500e+00 1.834e+00
4.000e+00 2.102e+00
4.500e+00 2.367e+00
5.000e+00 2.630e+00
5.500e+00 2.890e+00
6.000e+00 3.147e+00
7.000e+00 3.654e+00
8.000e+00 4.153e+00
9.000e+00 4.643e+00
1.000e+01 5.126e+00
1.250e+01 6.302e+00
1.500e+01 7.438e+00
1.750e+01 8.538e+00
2.000e+01 9.606e+00
