# MUSCLE-EQUIVALENT LIQUID, WITH SUCROSE from NIST Database
1.110e+00 3.350e+01
1.000e-02 2.541e-04
1.250e-02 3.767e-04
1.500e-02 5.200e-04
1.750e-02 6.833e-04
2.000e-02 8.656e-04
2.500e-02 1.285e-03
3.000e-02 1.775e-03
3.500e-02 2.331e-03
4.000e-02 2.950e-03
4.500e-02 3.629e-03
5.000e-02 4.366e-03
5.500e-02 5.159e-03
6.000e-02 6.004e-03
7.000e-02 7.847e-03
8.000e-02 9.880e-03
9.000e-02 1.209e-02
1.000e-01 1.447e-02
1.250e-01 2.106e-02
1.500e-01 2.848e-02
1.750e-01 3.662e-02
2.000e-01 4.538e-02
2.500e-01 6.443e-02
3.000e-01 8.516e-02
3.500e-01 1.072e-01
4.000e-01 1.302e-01
4.500e-01 1.541e-01
5.000e-01 1.786e-01
5.500e-01 2.036e-01
6.000e-01 2.291e-01
7.000e-01 2.812e-01
8.000e-01 3.343e-01
9.000e-01 3.881e-01
1.000e+00 4.424e-01
1.250e+00 5.795e-01
1.500e+00 7.174e-01
1.750e+00 8.553e-01
2.000e+00 9.928e-01
2.500e+00 1.266e+00
3.000e+00 1.537e+00
3.500e+00 1.804e+00
4.000e+00 2.069e+00
4.500e+00 2.330e+00
5.000e+00 2.589e+00
5.500e+00 2.846e+00
6.000e+00 3.100e+00
7.000e+00 3.601e+00
8.000e+00 4.093e+00
9.000e+00 4.577e+00
1.000e+01 5.054e+00
1.250e+01 6.215e+00
1.500e+01 7.336e+00
1.750e+01 8.421e+00
2.000e+01 9.473e+00
