# MUSCLE, SKELETAL (ICRP) from NIST Database
1.040e+00 3.514e+01
1.000e-02 2.543e-04
1.250e-02 3.770e-04
1.500e-02 5.204e-04
1.750e-02 6.837e-04
2.000e-02 8.662e-04
2.500e-02 1.286e-03
3.000e-02 1.776e-03
3.500e-02 2.332e-03
4.000e-02 2.951e-03
4.500e-02 3.630e-03
5.000e-02 4.367e-03
5.500e-02 5.160e-03
6.000e-02 6.005e-03
7.000e-02 7.848e-03
8.000e-02 9.881e-03
9.000e-02 1.209e-02
1.000e-01 1.447e-02
1.250e-01 2.106e-02
1.500e-01 2.848e-02
1.750e-01 3.661e-02
2.000e-01 4.537e-02
2.500e-01 6.442e-02
3.000e-01 8.513e-02
3.500e-01 1.071e-01
4.000e-01 1.302e-01
4.500e-01 1.540e-01
5.000e-01 1.785e-01
5.500e-01 2.035e-01
6.000e-01 2.290e-01
7.000e-01 2.809e-01
8.000e-01 3.339e-01
9.000e-01 3.876e-01
1.000e+00 4.418e-01
1.250e+00 5.784e-01
1.500e+00 7.158e-01
1.750e+00 8.532e-01
2.000e+00 9.903e-01
2.500e+00 1.263e+00
3.000e+00 1.532e+00
3.500e+00 1.798e+00
4.000e+00 2.062e+00
4.500e+00 2.322e+00
5.000e+00 2.580e+00
5.500e+00 2.836e+00
6.000e+00 3.089e+00
7.000e+00 3.587e+00
8.000e+00 4.077e+00
9.000e+00 4.559e+00
1.000e+01 5.033e+00
1.250e+01 6.188e+00
1.500e+01 7.303e+00
1.750e+01 8.382e+00
2.000e+01 9.428e+00
