1.050E+00 3.601E+01
1.000E-02 2.543E-04 
1.250E-02 3.770E-04 
1.500E-02 5.204E-04 
1.750E-02 6.837E-04 
2.000E-02 8.662E-04 
2.500E-02 1.286E-03 
3.000E-02 1.776E-03 
3.500E-02 2.332E-03 
4.000E-02 2.951E-03 
4.500E-02 3.630E-03 
5.000E-02 4.367E-03 
5.500E-02 5.160E-03 
6.000E-02 6.005E-03 
7.000E-02 7.848E-03 
8.000E-02 9.881E-03 
9.000E-02 1.209E-02 
1.000E-01 1.447E-02 
1.250E-01 2.106E-02 
1.500E-01 2.848E-02 
1.750E-01 3.661E-02 
2.000E-01 4.537E-02 
2.500E-01 6.442E-02 
3.000E-01 8.513E-02 
3.500E-01 1.071E-01 
4.000E-01 1.302E-01 
4.500E-01 1.540E-01 
5.000E-01 1.785E-01 
5.500E-01 2.035E-01 
6.000E-01 2.290E-01 
7.000E-01 2.809E-01 
8.000E-01 3.339E-01 
9.000E-01 3.876E-01 
1.000E+00 4.418E-01 
1.250E+00 5.784E-01 
1.500E+00 7.158E-01 
1.750E+00 8.532E-01 
2.000E+00 9.903E-01 
2.500E+00 1.263E+00 
3.000E+00 1.532E+00 
3.500E+00 1.798E+00 
4.000E+00 2.062E+00 
4.500E+00 2.322E+00 
5.000E+00 2.580E+00 
5.500E+00 2.836E+00 
6.000E+00 3.089E+00 
7.000E+00 3.587E+00 
8.000E+00 4.077E+00 
9.000E+00 4.559E+00 
1.000E+01 5.033E+00 
1.250E+01 6.188E+00 
1.500E+01 7.303E+00 
1.750E+01 8.382E+00 
2.000E+01 9.428E+00 
2.500E+01 1.143E+01 
3.000E+01 1.333E+01 
3.500E+01 1.513E+01 
4.000E+01 1.685E+01 
4.500E+01 1.849E+01 
5.000E+01 2.006E+01 
5.500E+01 2.157E+01 
6.000E+01 2.302E+01 
7.000E+01 2.577E+01 
8.000E+01 2.832E+01 
9.000E+01 3.071E+01 
1.000E+02 3.296E+01 
1.250E+02 3.806E+01 
1.500E+02 4.255E+01 
1.750E+02 4.655E+01 
2.000E+02 5.017E+01 