# MUSCLE, STRIATED (ICRU) from NIST Database
1.040e+00 3.511e+01
1.000e-02 2.536e-04
1.250e-02 3.759e-04
1.500e-02 5.189e-04
1.750e-02 6.818e-04
2.000e-02 8.638e-04
2.500e-02 1.283e-03
3.000e-02 1.771e-03
3.500e-02 2.326e-03
4.000e-02 2.943e-03
4.500e-02 3.621e-03
5.000e-02 4.356e-03
5.500e-02 5.147e-03
6.000e-02 5.990e-03
7.000e-02 7.828e-03
8.000e-02 9.856e-03
9.000e-02 1.206e-02
1.000e-01 1.443e-02
1.250e-01 2.101e-02
1.500e-01 2.841e-02
1.750e-01 3.653e-02
2.000e-01 4.526e-02
2.500e-01 6.427e-02
3.000e-01 8.494e-02
3.500e-01 1.069e-01
4.000e-01 1.299e-01
4.500e-01 1.537e-01
5.000e-01 1.781e-01
5.500e-01 2.031e-01
6.000e-01 2.285e-01
7.000e-01 2.803e-01
8.000e-01 3.332e-01
9.000e-01 3.868e-01
1.000e+00 4.409e-01
1.250e+00 5.774e-01
1.500e+00 7.146e-01
1.750e+00 8.518e-01
2.000e+00 9.886e-01
2.500e+00 1.261e+00
3.000e+00 1.530e+00
3.500e+00 1.796e+00
4.000e+00 2.059e+00
4.500e+00 2.319e+00
5.000e+00 2.577e+00
5.500e+00 2.832e+00
6.000e+00 3.084e+00
7.000e+00 3.583e+00
8.000e+00 4.072e+00
9.000e+00 4.553e+00
1.000e+01 5.027e+00
1.250e+01 6.181e+00
1.500e+01 7.295e+00
1.750e+01 8.373e+00
2.000e+01 9.418e+00
