# MUSCLE-EQUIVALENT LIQUID, WITHOUT SUCROSE from NIST Database
1.070e+00 3.455e+01
1.000e-02 2.531e-04
1.250e-02 3.753e-04
1.500e-02 5.181e-04
1.750e-02 6.808e-04
2.000e-02 8.625e-04
2.500e-02 1.281e-03
3.000e-02 1.769e-03
3.500e-02 2.323e-03
4.000e-02 2.940e-03
4.500e-02 3.616e-03
5.000e-02 4.351e-03
5.500e-02 5.140e-03
6.000e-02 5.983e-03
7.000e-02 7.819e-03
8.000e-02 9.845e-03
9.000e-02 1.205e-02
1.000e-01 1.441e-02
1.250e-01 2.099e-02
1.500e-01 2.838e-02
1.750e-01 3.649e-02
2.000e-01 4.521e-02
2.500e-01 6.420e-02
3.000e-01 8.485e-02
3.500e-01 1.068e-01
4.000e-01 1.298e-01
4.500e-01 1.535e-01
5.000e-01 1.779e-01
5.500e-01 2.029e-01
6.000e-01 2.283e-01
7.000e-01 2.801e-01
8.000e-01 3.330e-01
9.000e-01 3.866e-01
1.000e+00 4.407e-01
1.250e+00 5.771e-01
1.500e+00 7.143e-01
1.750e+00 8.516e-01
2.000e+00 9.885e-01
2.500e+00 1.260e+00
3.000e+00 1.530e+00
3.500e+00 1.796e+00
4.000e+00 2.059e+00
4.500e+00 2.320e+00
5.000e+00 2.578e+00
5.500e+00 2.833e+00
6.000e+00 3.086e+00
7.000e+00 3.585e+00
8.000e+00 4.075e+00
9.000e+00 4.556e+00
1.000e+01 5.031e+00
1.250e+01 6.186e+00
1.500e+01 7.302e+00
1.750e+01 8.382e+00
2.000e+01 9.430e+00
