# N,N-DIMETHYL FORMAMIDE from NIST Database
9.487e-01 4.300e+01
1.000e-02 2.484e-04
1.250e-02 3.687e-04
1.500e-02 5.095e-04
1.750e-02 6.698e-04
2.000e-02 8.491e-04
2.500e-02 1.262e-03
3.000e-02 1.744e-03
3.500e-02 2.291e-03
4.000e-02 2.901e-03
4.500e-02 3.570e-03
5.000e-02 4.297e-03
5.500e-02 5.078e-03
6.000e-02 5.911e-03
7.000e-02 7.729e-03
8.000e-02 9.735e-03
9.000e-02 1.192e-02
1.000e-01 1.426e-02
1.250e-01 2.077e-02
1.500e-01 2.811e-02
1.750e-01 3.614e-02
2.000e-01 4.480e-02
2.500e-01 6.364e-02
3.000e-01 8.414e-02
3.500e-01 1.059e-01
4.000e-01 1.287e-01
4.500e-01 1.523e-01
5.000e-01 1.766e-01
5.500e-01 2.014e-01
6.000e-01 2.267e-01
7.000e-01 2.783e-01
8.000e-01 3.310e-01
9.000e-01 3.845e-01
1.000e+00 4.384e-01
1.250e+00 5.746e-01
1.500e+00 7.117e-01
1.750e+00 8.488e-01
2.000e+00 9.856e-01
2.500e+00 1.258e+00
3.000e+00 1.527e+00
3.500e+00 1.793e+00
4.000e+00 2.057e+00
4.500e+00 2.318e+00
5.000e+00 2.576e+00
5.500e+00 2.832e+00
6.000e+00 3.085e+00
7.000e+00 3.585e+00
8.000e+00 4.077e+00
9.000e+00 4.561e+00
1.000e+01 5.038e+00
1.250e+01 6.202e+00
1.500e+01 7.328e+00
1.750e+01 8.421e+00
2.000e+01 9.483e+00
