# N-BUTYL ALCOHOL from NIST Database
8.098e-01 5.223e+01
1.000e-02 2.344e-04
1.250e-02 3.483e-04
1.500e-02 4.817e-04
1.750e-02 6.337e-04
2.000e-02 8.037e-04
2.500e-02 1.195e-03
3.000e-02 1.653e-03
3.500e-02 2.173e-03
4.000e-02 2.752e-03
4.500e-02 3.388e-03
5.000e-02 4.079e-03
5.500e-02 4.822e-03
6.000e-02 5.615e-03
7.000e-02 7.344e-03
8.000e-02 9.252e-03
9.000e-02 1.133e-02
1.000e-01 1.356e-02
1.250e-01 1.976e-02
1.500e-01 2.675e-02
1.750e-01 3.441e-02
2.000e-01 4.266e-02
2.500e-01 6.063e-02
3.000e-01 8.018e-02
3.500e-01 1.010e-01
4.000e-01 1.227e-01
4.500e-01 1.453e-01
5.000e-01 1.684e-01
5.500e-01 1.921e-01
6.000e-01 2.163e-01
7.000e-01 2.656e-01
8.000e-01 3.160e-01
9.000e-01 3.671e-01
1.000e+00 4.186e-01
1.250e+00 5.489e-01
1.500e+00 6.801e-01
1.750e+00 8.114e-01
2.000e+00 9.424e-01
2.500e+00 1.203e+00
3.000e+00 1.461e+00
3.500e+00 1.717e+00
4.000e+00 1.970e+00
4.500e+00 2.220e+00
5.000e+00 2.469e+00
5.500e+00 2.714e+00
6.000e+00 2.958e+00
7.000e+00 3.440e+00
8.000e+00 3.913e+00
9.000e+00 4.380e+00
1.000e+01 4.840e+00
1.250e+01 5.965e+00
1.500e+01 7.055e+00
1.750e+01 8.114e+00
2.000e+01 9.145e+00
