# N-HEXANE from NIST Database
6.603e-01 6.827e+01
1.000e-02 2.239e-04
1.250e-02 3.331e-04
1.500e-02 4.609e-04
1.750e-02 6.067e-04
2.000e-02 7.699e-04
2.500e-02 1.146e-03
3.000e-02 1.586e-03
3.500e-02 2.085e-03
4.000e-02 2.642e-03
4.500e-02 3.254e-03
5.000e-02 3.918e-03
5.500e-02 4.633e-03
6.000e-02 5.396e-03
7.000e-02 7.060e-03
8.000e-02 8.898e-03
9.000e-02 1.090e-02
1.000e-01 1.305e-02
1.250e-01 1.902e-02
1.500e-01 2.576e-02
1.750e-01 3.315e-02
2.000e-01 4.110e-02
2.500e-01 5.843e-02
3.000e-01 7.730e-02
3.500e-01 9.736e-02
4.000e-01 1.184e-01
4.500e-01 1.401e-01
5.000e-01 1.625e-01
5.500e-01 1.854e-01
6.000e-01 2.087e-01
7.000e-01 2.564e-01
8.000e-01 3.050e-01
9.000e-01 3.544e-01
1.000e+00 4.042e-01
1.250e+00 5.301e-01
1.500e+00 6.569e-01
1.750e+00 7.839e-01
2.000e+00 9.107e-01
2.500e+00 1.163e+00
3.000e+00 1.413e+00
3.500e+00 1.661e+00
4.000e+00 1.906e+00
4.500e+00 2.149e+00
5.000e+00 2.390e+00
5.500e+00 2.628e+00
6.000e+00 2.865e+00
7.000e+00 3.333e+00
8.000e+00 3.794e+00
9.000e+00 4.248e+00
1.000e+01 4.696e+00
1.250e+01 5.793e+00
1.500e+01 6.859e+00
1.750e+01 7.896e+00
2.000e+01 8.908e+00
