# N-HEPTANE from NIST Database
6.838e-01 6.587e+01
1.000e-02 2.248e-04
1.250e-02 3.343e-04
1.500e-02 4.627e-04
1.750e-02 6.090e-04
2.000e-02 7.728e-04
2.500e-02 1.150e-03
3.000e-02 1.591e-03
3.500e-02 2.093e-03
4.000e-02 2.652e-03
4.500e-02 3.266e-03
5.000e-02 3.932e-03
5.500e-02 4.649e-03
6.000e-02 5.415e-03
7.000e-02 7.085e-03
8.000e-02 8.929e-03
9.000e-02 1.094e-02
1.000e-01 1.309e-02
1.250e-01 1.909e-02
1.500e-01 2.584e-02
1.750e-01 3.326e-02
2.000e-01 4.124e-02
2.500e-01 5.863e-02
3.000e-01 7.755e-02
3.500e-01 9.768e-02
4.000e-01 1.188e-01
4.500e-01 1.406e-01
5.000e-01 1.630e-01
5.500e-01 1.860e-01
6.000e-01 2.094e-01
7.000e-01 2.572e-01
8.000e-01 3.061e-01
9.000e-01 3.556e-01
1.000e+00 4.056e-01
1.250e+00 5.320e-01
1.500e+00 6.593e-01
1.750e+00 7.867e-01
2.000e+00 9.140e-01
2.500e+00 1.167e+00
3.000e+00 1.418e+00
3.500e+00 1.667e+00
4.000e+00 1.913e+00
4.500e+00 2.157e+00
5.000e+00 2.398e+00
5.500e+00 2.638e+00
6.000e+00 2.875e+00
7.000e+00 3.345e+00
8.000e+00 3.807e+00
9.000e+00 4.263e+00
1.000e+01 4.713e+00
1.250e+01 5.813e+00
1.500e+01 6.882e+00
1.750e+01 7.923e+00
2.000e+01 8.938e+00
