# N-PENTANE from NIST Database
6.262e-01 7.208e+01
1.000e-02 2.228e-04
1.250e-02 3.315e-04
1.500e-02 4.587e-04
1.750e-02 6.039e-04
2.000e-02 7.663e-04
2.500e-02 1.141e-03
3.000e-02 1.578e-03
3.500e-02 2.076e-03
4.000e-02 2.630e-03
4.500e-02 3.240e-03
5.000e-02 3.901e-03
5.500e-02 4.612e-03
6.000e-02 5.372e-03
7.000e-02 7.029e-03
8.000e-02 8.859e-03
9.000e-02 1.085e-02
1.000e-01 1.299e-02
1.250e-01 1.894e-02
1.500e-01 2.565e-02
1.750e-01 3.300e-02
2.000e-01 4.092e-02
2.500e-01 5.818e-02
3.000e-01 7.697e-02
3.500e-01 9.695e-02
4.000e-01 1.179e-01
4.500e-01 1.395e-01
5.000e-01 1.618e-01
5.500e-01 1.846e-01
6.000e-01 2.078e-01
7.000e-01 2.552e-01
8.000e-01 3.036e-01
9.000e-01 3.527e-01
1.000e+00 4.023e-01
1.250e+00 5.276e-01
1.500e+00 6.538e-01
1.750e+00 7.801e-01
2.000e+00 9.062e-01
2.500e+00 1.157e+00
3.000e+00 1.406e+00
3.500e+00 1.652e+00
4.000e+00 1.896e+00
4.500e+00 2.138e+00
5.000e+00 2.378e+00
5.500e+00 2.615e+00
6.000e+00 2.851e+00
7.000e+00 3.316e+00
8.000e+00 3.775e+00
9.000e+00 4.227e+00
1.000e+01 4.673e+00
1.250e+01 5.765e+00
1.500e+01 6.826e+00
1.750e+01 7.859e+00
2.000e+01 8.866e+00
