# N-PROPYL ALCOHOL from NIST Database
8.035e-01 5.197e+01
1.000e-02 2.358e-04
1.250e-02 3.503e-04
1.500e-02 4.843e-04
1.750e-02 6.371e-04
2.000e-02 8.079e-04
2.500e-02 1.202e-03
3.000e-02 1.661e-03
3.500e-02 2.184e-03
4.000e-02 2.766e-03
4.500e-02 3.405e-03
5.000e-02 4.098e-03
5.500e-02 4.844e-03
6.000e-02 5.641e-03
7.000e-02 7.377e-03
8.000e-02 9.294e-03
9.000e-02 1.138e-02
1.000e-01 1.362e-02
1.250e-01 1.985e-02
1.500e-01 2.686e-02
1.750e-01 3.456e-02
2.000e-01 4.284e-02
2.500e-01 6.087e-02
3.000e-01 8.050e-02
3.500e-01 1.014e-01
4.000e-01 1.232e-01
4.500e-01 1.458e-01
5.000e-01 1.691e-01
5.500e-01 1.929e-01
6.000e-01 2.171e-01
7.000e-01 2.665e-01
8.000e-01 3.170e-01
9.000e-01 3.682e-01
1.000e+00 4.199e-01
1.250e+00 5.505e-01
1.500e+00 6.819e-01
1.750e+00 8.135e-01
2.000e+00 9.447e-01
2.500e+00 1.206e+00
3.000e+00 1.464e+00
3.500e+00 1.720e+00
4.000e+00 1.974e+00
4.500e+00 2.225e+00
5.000e+00 2.473e+00
5.500e+00 2.719e+00
6.000e+00 2.963e+00
7.000e+00 3.445e+00
8.000e+00 3.920e+00
9.000e+00 4.387e+00
1.000e+01 4.847e+00
1.250e+01 5.972e+00
1.500e+01 7.062e+00
1.750e+01 8.122e+00
2.000e+01 9.152e+00
