# NITROGEN from NIST Database
1.165e-03 3.260e+04
1.000e-02 2.851e-04
1.250e-02 4.223e-04
1.500e-02 5.825e-04
1.750e-02 7.648e-04
2.000e-02 9.684e-04
2.500e-02 1.437e-03
3.000e-02 1.983e-03
3.500e-02 2.603e-03
4.000e-02 3.293e-03
4.500e-02 4.049e-03
5.000e-02 4.870e-03
5.500e-02 5.753e-03
6.000e-02 6.694e-03
7.000e-02 8.745e-03
8.000e-02 1.101e-02
9.000e-02 1.347e-02
1.000e-01 1.611e-02
1.250e-01 2.344e-02
1.500e-01 3.169e-02
1.750e-01 4.073e-02
2.000e-01 5.046e-02
2.500e-01 7.162e-02
3.000e-01 9.463e-02
3.500e-01 1.191e-01
4.000e-01 1.446e-01
4.500e-01 1.711e-01
5.000e-01 1.982e-01
5.500e-01 2.260e-01
6.000e-01 2.542e-01
7.000e-01 3.116e-01
8.000e-01 3.700e-01
9.000e-01 4.289e-01
1.000e+00 4.883e-01
1.250e+00 6.371e-01
1.500e+00 7.856e-01
1.750e+00 9.331e-01
2.000e+00 1.079e+00
2.500e+00 1.367e+00
3.000e+00 1.649e+00
3.500e+00 1.926e+00
4.000e+00 2.198e+00
4.500e+00 2.465e+00
5.000e+00 2.728e+00
5.500e+00 2.987e+00
6.000e+00 3.242e+00
7.000e+00 3.742e+00
8.000e+00 4.231e+00
9.000e+00 4.708e+00
1.000e+01 5.176e+00
1.250e+01 6.306e+00
1.500e+01 7.388e+00
1.750e+01 8.430e+00
2.000e+01 9.434e+00
