# SODIUM from NIST Database
9.710e-01 2.856e+01
1.000e-02 3.459e-04
1.250e-02 5.083e-04
1.500e-02 6.971e-04
1.750e-02 9.110e-04
2.000e-02 1.149e-03
2.500e-02 1.695e-03
3.000e-02 2.329e-03
3.500e-02 3.047e-03
4.000e-02 3.844e-03
4.500e-02 4.716e-03
5.000e-02 5.660e-03
5.500e-02 6.674e-03
6.000e-02 7.754e-03
7.000e-02 1.010e-02
8.000e-02 1.269e-02
9.000e-02 1.549e-02
1.000e-01 1.851e-02
1.250e-01 2.685e-02
1.500e-01 3.621e-02
1.750e-01 4.645e-02
2.000e-01 5.746e-02
2.500e-01 8.136e-02
3.000e-01 1.073e-01
3.500e-01 1.348e-01
4.000e-01 1.636e-01
4.500e-01 1.933e-01
5.000e-01 2.238e-01
5.500e-01 2.549e-01
6.000e-01 2.865e-01
7.000e-01 3.508e-01
8.000e-01 4.161e-01
9.000e-01 4.820e-01
1.000e+00 5.483e-01
1.250e+00 7.144e-01
1.500e+00 8.800e-01
1.750e+00 1.044e+00
2.000e+00 1.207e+00
2.500e+00 1.527e+00
3.000e+00 1.841e+00
3.500e+00 2.149e+00
4.000e+00 2.452e+00
4.500e+00 2.750e+00
5.000e+00 3.044e+00
5.500e+00 3.333e+00
6.000e+00 3.619e+00
7.000e+00 4.180e+00
8.000e+00 4.727e+00
9.000e+00 5.263e+00
1.000e+01 5.787e+00
1.250e+01 7.052e+00
1.500e+01 8.259e+00
1.750e+01 9.415e+00
2.000e+01 1.052e+01
