3.667E+00 2.588E+00
1.000E-02 5.598E-04 
1.250E-02 8.018E-04 
1.500E-02 1.079E-03 
1.750E-02 1.390E-03 
2.000E-02 1.733E-03 
2.500E-02 2.512E-03 
3.000E-02 3.406E-03 
3.500E-02 4.410E-03 
4.000E-02 5.517E-03 
4.500E-02 6.723E-03 
5.000E-02 8.022E-03 
5.500E-02 9.410E-03 
6.000E-02 1.088E-02 
7.000E-02 1.407E-02 
8.000E-02 1.757E-02 
9.000E-02 2.134E-02 
1.000E-01 2.536E-02 
1.250E-01 3.646E-02 
1.500E-01 4.882E-02 
1.750E-01 6.225E-02 
2.000E-01 7.661E-02 
2.500E-01 1.076E-01 
3.000E-01 1.410E-01 
3.500E-01 1.761E-01 
4.000E-01 2.126E-01 
4.500E-01 2.502E-01 
5.000E-01 2.886E-01 
5.500E-01 3.276E-01 
6.000E-01 3.671E-01 
7.000E-01 4.469E-01 
8.000E-01 5.275E-01 
9.000E-01 6.084E-01 
1.000E+00 6.892E-01 
1.250E+00 8.899E-01 
1.500E+00 1.088E+00 
1.750E+00 1.282E+00 
2.000E+00 1.472E+00 
2.500E+00 1.840E+00 
3.000E+00 2.195E+00 
3.500E+00 2.536E+00 
4.000E+00 2.864E+00 
4.500E+00 3.182E+00 
5.000E+00 3.489E+00 
5.500E+00 3.787E+00 
6.000E+00 4.075E+00 
7.000E+00 4.628E+00 
8.000E+00 5.152E+00 
9.000E+00 5.649E+00 
1.000E+01 6.122E+00 
1.250E+01 7.217E+00 
1.500E+01 8.204E+00 
1.750E+01 9.103E+00 
2.000E+01 9.929E+00 
2.500E+01 1.140E+01 
3.000E+01 1.269E+01 
3.500E+01 1.382E+01 
4.000E+01 1.485E+01 
4.500E+01 1.577E+01 
5.000E+01 1.662E+01 
5.500E+01 1.740E+01 
6.000E+01 1.812E+01 
7.000E+01 1.943E+01 
8.000E+01 2.058E+01 
9.000E+01 2.161E+01 
1.000E+02 2.254E+01 
1.250E+02 2.454E+01 
1.500E+02 2.619E+01 
1.750E+02 2.760E+01 
2.000E+02 2.883E+01 