# NAPHTHALENE from NIST Database
1.145e+00 3.806e+01
1.000e-02 2.577e-04
1.250e-02 3.825e-04
1.500e-02 5.284e-04
1.750e-02 6.946e-04
2.000e-02 8.803e-04
2.500e-02 1.308e-03
3.000e-02 1.807e-03
3.500e-02 2.374e-03
4.000e-02 3.006e-03
4.500e-02 3.699e-03
5.000e-02 4.451e-03
5.500e-02 5.260e-03
6.000e-02 6.124e-03
7.000e-02 8.006e-03
8.000e-02 1.008e-02
9.000e-02 1.234e-02
1.000e-01 1.477e-02
1.250e-01 2.151e-02
1.500e-01 2.910e-02
1.750e-01 3.742e-02
2.000e-01 4.638e-02
2.500e-01 6.588e-02
3.000e-01 8.709e-02
3.500e-01 1.096e-01
4.000e-01 1.332e-01
4.500e-01 1.577e-01
5.000e-01 1.829e-01
5.500e-01 2.087e-01
6.000e-01 2.349e-01
7.000e-01 2.886e-01
8.000e-01 3.433e-01
9.000e-01 3.988e-01
1.000e+00 4.549e-01
1.250e+00 5.965e-01
1.500e+00 7.389e-01
1.750e+00 8.814e-01
2.000e+00 1.024e+00
2.500e+00 1.306e+00
3.000e+00 1.586e+00
3.500e+00 1.862e+00
4.000e+00 2.136e+00
4.500e+00 2.407e+00
5.000e+00 2.675e+00
5.500e+00 2.940e+00
6.000e+00 3.203e+00
7.000e+00 3.722e+00
8.000e+00 4.233e+00
9.000e+00 4.735e+00
1.000e+01 5.231e+00
1.250e+01 6.439e+00
1.500e+01 7.610e+00
1.750e+01 8.747e+00
2.000e+01 9.853e+00
