# NIOBIUM from NIST Database
8.570e+00 1.158e+00
1.000e-02 5.243e-04
1.250e-02 7.530e-04
1.500e-02 1.015e-03
1.750e-02 1.310e-03
2.000e-02 1.635e-03
2.500e-02 2.374e-03
3.000e-02 3.225e-03
3.500e-02 4.180e-03
4.000e-02 5.234e-03
4.500e-02 6.382e-03
5.000e-02 7.620e-03
5.500e-02 8.944e-03
6.000e-02 1.035e-02
7.000e-02 1.340e-02
8.000e-02 1.673e-02
9.000e-02 2.034e-02
1.000e-01 2.419e-02
1.250e-01 3.482e-02
1.500e-01 4.668e-02
1.750e-01 5.959e-02
2.000e-01 7.340e-02
2.500e-01 1.033e-01
3.000e-01 1.355e-01
3.500e-01 1.695e-01
4.000e-01 2.049e-01
4.500e-01 2.413e-01
5.000e-01 2.786e-01
5.500e-01 3.165e-01
6.000e-01 3.549e-01
7.000e-01 4.327e-01
8.000e-01 5.113e-01
9.000e-01 5.903e-01
1.000e+00 6.694e-01
1.250e+00 8.662e-01
1.500e+00 1.060e+00
1.750e+00 1.251e+00
2.000e+00 1.439e+00
2.500e+00 1.803e+00
3.000e+00 2.153e+00
3.500e+00 2.491e+00
4.000e+00 2.817e+00
4.500e+00 3.133e+00
5.000e+00 3.439e+00
5.500e+00 3.736e+00
6.000e+00 4.025e+00
7.000e+00 4.579e+00
8.000e+00 5.104e+00
9.000e+00 5.605e+00
1.000e+01 6.083e+00
1.250e+01 7.191e+00
1.500e+01 8.194e+00
1.750e+01 9.111e+00
2.000e+01 9.954e+00
