# NEODYMIUM from NIST Database
6.900e+00 1.117e+00
1.000e-02 6.243e-04
1.250e-02 8.875e-04
1.500e-02 1.188e-03
1.750e-02 1.524e-03
2.000e-02 1.894e-03
2.500e-02 2.732e-03
3.000e-02 3.693e-03
3.500e-02 4.769e-03
4.000e-02 5.954e-03
4.500e-02 7.243e-03
5.000e-02 8.631e-03
5.500e-02 1.011e-02
6.000e-02 1.168e-02
7.000e-02 1.508e-02
8.000e-02 1.880e-02
9.000e-02 2.280e-02
1.000e-01 2.708e-02
1.250e-01 3.885e-02
1.500e-01 5.194e-02
1.750e-01 6.616e-02
2.000e-01 8.134e-02
2.500e-01 1.141e-01
3.000e-01 1.493e-01
3.500e-01 1.863e-01
4.000e-01 2.248e-01
4.500e-01 2.643e-01
5.000e-01 3.047e-01
5.500e-01 3.456e-01
6.000e-01 3.871e-01
7.000e-01 4.708e-01
8.000e-01 5.551e-01
9.000e-01 6.395e-01
1.000e+00 7.238e-01
1.250e+00 9.325e-01
1.500e+00 1.137e+00
1.750e+00 1.337e+00
2.000e+00 1.533e+00
2.500e+00 1.909e+00
3.000e+00 2.268e+00
3.500e+00 2.611e+00
4.000e+00 2.940e+00
4.500e+00 3.255e+00
5.000e+00 3.559e+00
5.500e+00 3.852e+00
6.000e+00 4.134e+00
7.000e+00 4.671e+00
8.000e+00 5.175e+00
9.000e+00 5.651e+00
1.000e+01 6.100e+00
1.250e+01 7.128e+00
1.500e+01 8.043e+00
1.750e+01 8.867e+00
2.000e+01 9.616e+00
