# NEON from NIST Database
8.385e-04 3.450e+04
1.000e-02 3.265e-04
1.250e-02 4.805e-04
1.500e-02 6.595e-04
1.750e-02 8.625e-04
2.000e-02 1.089e-03
2.500e-02 1.607e-03
3.000e-02 2.210e-03
3.500e-02 2.893e-03
4.000e-02 3.651e-03
4.500e-02 4.481e-03
5.000e-02 5.380e-03
5.500e-02 6.345e-03
6.000e-02 7.373e-03
7.000e-02 9.610e-03
8.000e-02 1.207e-02
9.000e-02 1.475e-02
1.000e-01 1.762e-02
1.250e-01 2.557e-02
1.500e-01 3.450e-02
1.750e-01 4.426e-02
2.000e-01 5.475e-02
2.500e-01 7.755e-02
3.000e-01 1.023e-01
3.500e-01 1.285e-01
4.000e-01 1.559e-01
4.500e-01 1.842e-01
5.000e-01 2.133e-01
5.500e-01 2.429e-01
6.000e-01 2.730e-01
7.000e-01 3.342e-01
8.000e-01 3.964e-01
9.000e-01 4.591e-01
1.000e+00 5.221e-01
1.250e+00 6.799e-01
1.500e+00 8.370e-01
1.750e+00 9.927e-01
2.000e+00 1.147e+00
2.500e+00 1.449e+00
3.000e+00 1.745e+00
3.500e+00 2.034e+00
4.000e+00 2.317e+00
4.500e+00 2.595e+00
5.000e+00 2.868e+00
5.500e+00 3.136e+00
6.000e+00 3.399e+00
7.000e+00 3.915e+00
8.000e+00 4.416e+00
9.000e+00 4.903e+00
1.000e+01 5.379e+00
1.250e+01 6.523e+00
1.500e+01 7.610e+00
1.750e+01 8.647e+00
2.000e+01 9.641e+00
