# NICKEL from NIST Database
8.902e+00 1.424e+00
1.000e-02 4.348e-04
1.250e-02 6.298e-04
1.500e-02 8.546e-04
1.750e-02 1.108e-03
2.000e-02 1.388e-03
2.500e-02 2.027e-03
3.000e-02 2.764e-03
3.500e-02 3.594e-03
4.000e-02 4.512e-03
4.500e-02 5.515e-03
5.000e-02 6.597e-03
5.500e-02 7.755e-03
6.000e-02 8.988e-03
7.000e-02 1.166e-02
8.000e-02 1.459e-02
9.000e-02 1.777e-02
1.000e-01 2.117e-02
1.250e-01 3.057e-02
1.500e-01 4.109e-02
1.750e-01 5.257e-02
2.000e-01 6.488e-02
2.500e-01 9.159e-02
3.000e-01 1.205e-01
3.500e-01 1.511e-01
4.000e-01 1.831e-01
4.500e-01 2.161e-01
5.000e-01 2.500e-01
5.500e-01 2.845e-01
6.000e-01 3.195e-01
7.000e-01 3.907e-01
8.000e-01 4.629e-01
9.000e-01 5.357e-01
1.000e+00 6.087e-01
1.250e+00 7.914e-01
1.500e+00 9.728e-01
1.750e+00 1.152e+00
2.000e+00 1.329e+00
2.500e+00 1.675e+00
3.000e+00 2.012e+00
3.500e+00 2.338e+00
4.000e+00 2.656e+00
4.500e+00 2.965e+00
5.000e+00 3.267e+00
5.500e+00 3.562e+00
6.000e+00 3.849e+00
7.000e+00 4.405e+00
8.000e+00 4.937e+00
9.000e+00 5.448e+00
1.000e+01 5.939e+00
1.250e+01 7.092e+00
1.500e+01 8.151e+00
1.750e+01 9.131e+00
2.000e+01 1.004e+01
