# NITROBENZENE from NIST Database
1.199e+00 3.344e+01
1.000e-02 2.692e-04
1.250e-02 3.990e-04
1.500e-02 5.508e-04
1.750e-02 7.235e-04
2.000e-02 9.166e-04
2.500e-02 1.361e-03
3.000e-02 1.879e-03
3.500e-02 2.467e-03
4.000e-02 3.122e-03
4.500e-02 3.841e-03
5.000e-02 4.621e-03
5.500e-02 5.459e-03
6.000e-02 6.353e-03
7.000e-02 8.303e-03
8.000e-02 1.045e-02
9.000e-02 1.279e-02
1.000e-01 1.530e-02
1.250e-01 2.228e-02
1.500e-01 3.013e-02
1.750e-01 3.873e-02
2.000e-01 4.799e-02
2.500e-01 6.814e-02
3.000e-01 9.005e-02
3.500e-01 1.133e-01
4.000e-01 1.377e-01
4.500e-01 1.629e-01
5.000e-01 1.889e-01
5.500e-01 2.154e-01
6.000e-01 2.424e-01
7.000e-01 2.976e-01
8.000e-01 3.538e-01
9.000e-01 4.109e-01
1.000e+00 4.685e-01
1.250e+00 6.138e-01
1.500e+00 7.600e-01
1.750e+00 9.061e-01
2.000e+00 1.052e+00
2.500e+00 1.341e+00
3.000e+00 1.628e+00
3.500e+00 1.911e+00
4.000e+00 2.191e+00
4.500e+00 2.467e+00
5.000e+00 2.741e+00
5.500e+00 3.012e+00
6.000e+00 3.281e+00
7.000e+00 3.810e+00
8.000e+00 4.330e+00
9.000e+00 4.841e+00
1.000e+01 5.345e+00
1.250e+01 6.571e+00
1.500e+01 7.756e+00
1.750e+01 8.903e+00
2.000e+01 1.002e+01
