# NEPTUNIUM from NIST Database
2.025e+01 2.897e-01
1.000e-02 8.953e-04
1.250e-02 1.227e-03
1.500e-02 1.601e-03
1.750e-02 2.016e-03
2.000e-02 2.470e-03
2.500e-02 3.490e-03
3.000e-02 4.650e-03
3.500e-02 5.942e-03
4.000e-02 7.359e-03
4.500e-02 8.893e-03
5.000e-02 1.054e-02
5.500e-02 1.229e-02
6.000e-02 1.414e-02
7.000e-02 1.813e-02
8.000e-02 2.248e-02
9.000e-02 2.715e-02
1.000e-01 3.212e-02
1.250e-01 4.573e-02
1.500e-01 6.078e-02
1.750e-01 7.704e-02
2.000e-01 9.432e-02
2.500e-01 1.314e-01
3.000e-01 1.709e-01
3.500e-01 2.123e-01
4.000e-01 2.551e-01
4.500e-01 2.988e-01
5.000e-01 3.433e-01
5.500e-01 3.882e-01
6.000e-01 4.335e-01
7.000e-01 5.245e-01
8.000e-01 6.156e-01
9.000e-01 7.063e-01
1.000e+00 7.965e-01
1.250e+00 1.018e+00
1.500e+00 1.233e+00
1.750e+00 1.441e+00
2.000e+00 1.643e+00
2.500e+00 2.029e+00
3.000e+00 2.392e+00
3.500e+00 2.735e+00
4.000e+00 3.061e+00
4.500e+00 3.372e+00
5.000e+00 3.668e+00
5.500e+00 3.951e+00
6.000e+00 4.223e+00
7.000e+00 4.734e+00
8.000e+00 5.209e+00
9.000e+00 5.651e+00
1.000e+01 6.066e+00
1.250e+01 7.002e+00
1.500e+01 7.820e+00
1.750e+01 8.547e+00
2.000e+01 9.201e+00
