# NYLON, DU PONT ELVAMIDE 8062 from NIST Database
1.080e+00 3.893e+01
1.000e-02 2.450e-04
1.250e-02 3.637e-04
1.500e-02 5.027e-04
1.750e-02 6.611e-04
2.000e-02 8.382e-04
2.500e-02 1.246e-03
3.000e-02 1.722e-03
3.500e-02 2.263e-03
4.000e-02 2.866e-03
4.500e-02 3.528e-03
5.000e-02 4.246e-03
5.500e-02 5.018e-03
6.000e-02 5.843e-03
7.000e-02 7.640e-03
8.000e-02 9.623e-03
9.000e-02 1.178e-02
1.000e-01 1.410e-02
1.250e-01 2.054e-02
1.500e-01 2.780e-02
1.750e-01 3.575e-02
2.000e-01 4.431e-02
2.500e-01 6.296e-02
3.000e-01 8.325e-02
3.500e-01 1.048e-01
4.000e-01 1.274e-01
4.500e-01 1.508e-01
5.000e-01 1.749e-01
5.500e-01 1.996e-01
6.000e-01 2.247e-01
7.000e-01 2.760e-01
8.000e-01 3.284e-01
9.000e-01 3.816e-01
1.000e+00 4.353e-01
1.250e+00 5.710e-01
1.500e+00 7.075e-01
1.750e+00 8.442e-01
2.000e+00 9.806e-01
2.500e+00 1.252e+00
3.000e+00 1.520e+00
3.500e+00 1.786e+00
4.000e+00 2.049e+00
4.500e+00 2.310e+00
5.000e+00 2.567e+00
5.500e+00 2.823e+00
6.000e+00 3.076e+00
7.000e+00 3.575e+00
8.000e+00 4.067e+00
9.000e+00 4.551e+00
1.000e+01 5.028e+00
1.250e+01 6.192e+00
1.500e+01 7.320e+00
1.750e+01 8.415e+00
2.000e+01 9.480e+00
