# NYLON, TYPE 11 (RILSAN) from NIST Database
1.425e+00 3.015e+01
1.000e-02 2.401e-04
1.250e-02 3.567e-04
1.500e-02 4.932e-04
1.750e-02 6.487e-04
2.000e-02 8.227e-04
2.500e-02 1.223e-03
3.000e-02 1.691e-03
3.500e-02 2.223e-03
4.000e-02 2.816e-03
4.500e-02 3.466e-03
5.000e-02 4.172e-03
5.500e-02 4.932e-03
6.000e-02 5.742e-03
7.000e-02 7.510e-03
8.000e-02 9.461e-03
9.000e-02 1.158e-02
1.000e-01 1.386e-02
1.250e-01 2.020e-02
1.500e-01 2.734e-02
1.750e-01 3.517e-02
2.000e-01 4.360e-02
2.500e-01 6.195e-02
3.000e-01 8.194e-02
3.500e-01 1.032e-01
4.000e-01 1.256e-01
4.500e-01 1.488e-01
5.000e-01 1.726e-01
5.500e-01 1.971e-01
6.000e-01 2.220e-01
7.000e-01 2.730e-01
8.000e-01 3.251e-01
9.000e-01 3.780e-01
1.000e+00 4.315e-01
1.250e+00 5.666e-01
1.500e+00 7.026e-01
1.750e+00 8.389e-01
2.000e+00 9.749e-01
2.500e+00 1.245e+00
3.000e+00 1.513e+00
3.500e+00 1.779e+00
4.000e+00 2.041e+00
4.500e+00 2.301e+00
5.000e+00 2.558e+00
5.500e+00 2.814e+00
6.000e+00 3.066e+00
7.000e+00 3.565e+00
8.000e+00 4.057e+00
9.000e+00 4.541e+00
1.000e+01 5.018e+00
1.250e+01 6.183e+00
1.500e+01 7.313e+00
1.750e+01 8.411e+00
2.000e+01 9.479e+00
