# OXYGEN from NIST Database
1.332e-03 2.571e+04
1.000e-02 2.950e-04
1.250e-02 4.362e-04
1.500e-02 6.009e-04
1.750e-02 7.882e-04
2.000e-02 9.973e-04
2.500e-02 1.478e-03
3.000e-02 2.037e-03
3.500e-02 2.672e-03
4.000e-02 3.378e-03
4.500e-02 4.153e-03
5.000e-02 4.992e-03
5.500e-02 5.894e-03
6.000e-02 6.856e-03
7.000e-02 8.951e-03
8.000e-02 1.126e-02
9.000e-02 1.377e-02
1.000e-01 1.647e-02
1.250e-01 2.394e-02
1.500e-01 3.235e-02
1.750e-01 4.157e-02
2.000e-01 5.147e-02
2.500e-01 7.302e-02
3.000e-01 9.642e-02
3.500e-01 1.213e-01
4.000e-01 1.473e-01
4.500e-01 1.742e-01
5.000e-01 2.018e-01
5.500e-01 2.299e-01
6.000e-01 2.586e-01
7.000e-01 3.169e-01
8.000e-01 3.761e-01
9.000e-01 4.359e-01
1.000e+00 4.961e-01
1.250e+00 6.469e-01
1.500e+00 7.973e-01
1.750e+00 9.466e-01
2.000e+00 1.094e+00
2.500e+00 1.386e+00
3.000e+00 1.671e+00
3.500e+00 1.950e+00
4.000e+00 2.224e+00
4.500e+00 2.493e+00
5.000e+00 2.758e+00
5.500e+00 3.018e+00
6.000e+00 3.275e+00
7.000e+00 3.777e+00
8.000e+00 4.267e+00
9.000e+00 4.746e+00
1.000e+01 5.214e+00
1.250e+01 6.343e+00
1.500e+01 7.421e+00
1.750e+01 8.456e+00
2.000e+01 9.452e+00
