# OCTANE, LIQUID from NIST Database
7.026e-01 6.405e+01
1.000e-02 2.255e-04
1.250e-02 3.353e-04
1.500e-02 4.640e-04
1.750e-02 6.108e-04
2.000e-02 7.750e-04
2.500e-02 1.154e-03
3.000e-02 1.596e-03
3.500e-02 2.099e-03
4.000e-02 2.659e-03
4.500e-02 3.275e-03
5.000e-02 3.943e-03
5.500e-02 4.662e-03
6.000e-02 5.430e-03
7.000e-02 7.104e-03
8.000e-02 8.952e-03
9.000e-02 1.096e-02
1.000e-01 1.313e-02
1.250e-01 1.914e-02
1.500e-01 2.591e-02
1.750e-01 3.334e-02
2.000e-01 4.134e-02
2.500e-01 5.877e-02
3.000e-01 7.775e-02
3.500e-01 9.792e-02
4.000e-01 1.190e-01
4.500e-01 1.409e-01
5.000e-01 1.634e-01
5.500e-01 1.865e-01
6.000e-01 2.099e-01
7.000e-01 2.579e-01
8.000e-01 3.068e-01
9.000e-01 3.565e-01
1.000e+00 4.067e-01
1.250e+00 5.334e-01
1.500e+00 6.611e-01
1.750e+00 7.889e-01
2.000e+00 9.165e-01
2.500e+00 1.170e+00
3.000e+00 1.422e+00
3.500e+00 1.671e+00
4.000e+00 1.918e+00
4.500e+00 2.163e+00
5.000e+00 2.405e+00
5.500e+00 2.645e+00
6.000e+00 2.883e+00
7.000e+00 3.354e+00
8.000e+00 3.818e+00
9.000e+00 4.275e+00
1.000e+01 4.726e+00
1.250e+01 5.829e+00
1.500e+01 6.900e+00
1.750e+01 7.944e+00
2.000e+01 8.961e+00
