# OSMIUM from NIST Database
2.257e+01 2.959e-01
1.000e-02 7.664e-04
1.250e-02 1.070e-03
1.500e-02 1.415e-03
1.750e-02 1.798e-03
2.000e-02 2.219e-03
2.500e-02 3.168e-03
3.000e-02 4.250e-03
3.500e-02 5.458e-03
4.000e-02 6.785e-03
4.500e-02 8.224e-03
5.000e-02 9.771e-03
5.500e-02 1.142e-02
6.000e-02 1.316e-02
7.000e-02 1.693e-02
8.000e-02 2.104e-02
9.000e-02 2.546e-02
1.000e-01 3.017e-02
1.250e-01 4.310e-02
1.500e-01 5.744e-02
1.750e-01 7.297e-02
2.000e-01 8.951e-02
2.500e-01 1.251e-01
3.000e-01 1.632e-01
3.500e-01 2.032e-01
4.000e-01 2.446e-01
4.500e-01 2.871e-01
5.000e-01 3.304e-01
5.500e-01 3.743e-01
6.000e-01 4.186e-01
7.000e-01 5.079e-01
8.000e-01 5.976e-01
9.000e-01 6.873e-01
1.000e+00 7.767e-01
1.250e+00 9.972e-01
1.500e+00 1.213e+00
1.750e+00 1.423e+00
2.000e+00 1.627e+00
2.500e+00 2.019e+00
3.000e+00 2.390e+00
3.500e+00 2.743e+00
4.000e+00 3.080e+00
4.500e+00 3.401e+00
5.000e+00 3.709e+00
5.500e+00 4.004e+00
6.000e+00 4.288e+00
7.000e+00 4.826e+00
8.000e+00 5.326e+00
9.000e+00 5.795e+00
1.000e+01 6.236e+00
1.250e+01 7.235e+00
1.500e+01 8.115e+00
1.750e+01 8.901e+00
2.000e+01 9.611e+00
