# PHOSPHORUS from NIST Database
2.200e+00 9.639e+00
1.000e-02 3.562e-04
1.250e-02 5.223e-04
1.500e-02 7.149e-04
1.750e-02 9.331e-04
2.000e-02 1.176e-03
2.500e-02 1.731e-03
3.000e-02 2.376e-03
3.500e-02 3.104e-03
4.000e-02 3.913e-03
4.500e-02 4.798e-03
5.000e-02 5.755e-03
5.500e-02 6.782e-03
6.000e-02 7.876e-03
7.000e-02 1.025e-02
8.000e-02 1.287e-02
9.000e-02 1.571e-02
1.000e-01 1.876e-02
1.250e-01 2.719e-02
1.500e-01 3.665e-02
1.750e-01 4.700e-02
2.000e-01 5.811e-02
2.500e-01 8.226e-02
3.000e-01 1.085e-01
3.500e-01 1.363e-01
4.000e-01 1.653e-01
4.500e-01 1.953e-01
5.000e-01 2.262e-01
5.500e-01 2.577e-01
6.000e-01 2.896e-01
7.000e-01 3.547e-01
8.000e-01 4.209e-01
9.000e-01 4.877e-01
1.000e+00 5.549e-01
1.250e+00 7.235e-01
1.500e+00 8.916e-01
1.750e+00 1.059e+00
2.000e+00 1.224e+00
2.500e+00 1.549e+00
3.000e+00 1.868e+00
3.500e+00 2.179e+00
4.000e+00 2.485e+00
4.500e+00 2.784e+00
5.000e+00 3.079e+00
5.500e+00 3.368e+00
6.000e+00 3.653e+00
7.000e+00 4.209e+00
8.000e+00 4.749e+00
9.000e+00 5.275e+00
1.000e+01 5.787e+00
1.250e+01 7.014e+00
1.500e+01 8.173e+00
1.750e+01 9.272e+00
2.000e+01 1.032e+01
