# PROTACTINIUM from NIST Database
1.537e+01 3.861e-01
1.000e-02 8.715e-04
1.250e-02 1.198e-03
1.500e-02 1.567e-03
1.750e-02 1.977e-03
2.000e-02 2.426e-03
2.500e-02 3.433e-03
3.000e-02 4.580e-03
3.500e-02 5.857e-03
4.000e-02 7.258e-03
4.500e-02 8.774e-03
5.000e-02 1.040e-02
5.500e-02 1.213e-02
6.000e-02 1.397e-02
7.000e-02 1.792e-02
8.000e-02 2.222e-02
9.000e-02 2.684e-02
1.000e-01 3.176e-02
1.250e-01 4.522e-02
1.500e-01 6.011e-02
1.750e-01 7.621e-02
2.000e-01 9.331e-02
2.500e-01 1.300e-01
3.000e-01 1.691e-01
3.500e-01 2.101e-01
4.000e-01 2.525e-01
4.500e-01 2.958e-01
5.000e-01 3.398e-01
5.500e-01 3.843e-01
6.000e-01 4.292e-01
7.000e-01 5.193e-01
8.000e-01 6.096e-01
9.000e-01 6.996e-01
1.000e+00 7.889e-01
1.250e+00 1.009e+00
1.500e+00 1.222e+00
1.750e+00 1.429e+00
2.000e+00 1.629e+00
2.500e+00 2.012e+00
3.000e+00 2.373e+00
3.500e+00 2.714e+00
4.000e+00 3.039e+00
4.500e+00 3.348e+00
5.000e+00 3.642e+00
5.500e+00 3.925e+00
6.000e+00 4.195e+00
7.000e+00 4.705e+00
8.000e+00 5.179e+00
9.000e+00 5.621e+00
1.000e+01 6.035e+00
1.250e+01 6.971e+00
1.500e+01 7.790e+00
1.750e+01 8.519e+00
2.000e+01 9.174e+00
