# PARAFFIN WAX from NIST Database
9.300e-01 4.822e+01
1.000e-02 2.285e-04
1.250e-02 3.398e-04
1.500e-02 4.701e-04
1.750e-02 6.187e-04
2.000e-02 7.849e-04
2.500e-02 1.168e-03
3.000e-02 1.616e-03
3.500e-02 2.125e-03
4.000e-02 2.692e-03
4.500e-02 3.315e-03
5.000e-02 3.991e-03
5.500e-02 4.719e-03
6.000e-02 5.496e-03
7.000e-02 7.190e-03
8.000e-02 9.060e-03
9.000e-02 1.109e-02
1.000e-01 1.328e-02
1.250e-01 1.936e-02
1.500e-01 2.622e-02
1.750e-01 3.373e-02
2.000e-01 4.182e-02
2.500e-01 5.945e-02
3.000e-01 7.864e-02
3.500e-01 9.904e-02
4.000e-01 1.204e-01
4.500e-01 1.426e-01
5.000e-01 1.655e-01
5.500e-01 1.889e-01
6.000e-01 2.127e-01
7.000e-01 2.614e-01
8.000e-01 3.112e-01
9.000e-01 3.617e-01
1.000e+00 4.128e-01
1.250e+00 5.418e-01
1.500e+00 6.718e-01
1.750e+00 8.019e-01
2.000e+00 9.319e-01
2.500e+00 1.190e+00
3.000e+00 1.447e+00
3.500e+00 1.701e+00
4.000e+00 1.952e+00
4.500e+00 2.201e+00
5.000e+00 2.448e+00
5.500e+00 2.692e+00
6.000e+00 2.934e+00
7.000e+00 3.413e+00
8.000e+00 3.885e+00
9.000e+00 4.350e+00
1.000e+01 4.809e+00
1.250e+01 5.931e+00
1.500e+01 7.021e+00
1.750e+01 8.081e+00
2.000e+01 9.115e+00
