# LEAD from NIST Database
1.135e+01 5.612e-01
1.000e-02 8.255e-04
1.250e-02 1.143e-03
1.500e-02 1.502e-03
1.750e-02 1.902e-03
2.000e-02 2.339e-03
2.500e-02 3.323e-03
3.000e-02 4.445e-03
3.500e-02 5.695e-03
4.000e-02 7.066e-03
4.500e-02 8.552e-03
5.000e-02 1.015e-02
5.500e-02 1.185e-02
6.000e-02 1.365e-02
7.000e-02 1.752e-02
8.000e-02 2.175e-02
9.000e-02 2.629e-02
1.000e-01 3.113e-02
1.250e-01 4.438e-02
1.500e-01 5.905e-02
1.750e-01 7.492e-02
2.000e-01 9.180e-02
2.500e-01 1.280e-01
3.000e-01 1.668e-01
3.500e-01 2.074e-01
4.000e-01 2.494e-01
4.500e-01 2.924e-01
5.000e-01 3.361e-01
5.500e-01 3.804e-01
6.000e-01 4.250e-01
7.000e-01 5.149e-01
8.000e-01 6.050e-01
9.000e-01 6.949e-01
1.000e+00 7.843e-01
1.250e+00 1.004e+00
1.500e+00 1.219e+00
1.750e+00 1.427e+00
2.000e+00 1.629e+00
2.500e+00 2.016e+00
3.000e+00 2.381e+00
3.500e+00 2.728e+00
4.000e+00 3.057e+00
4.500e+00 3.372e+00
5.000e+00 3.673e+00
5.500e+00 3.962e+00
6.000e+00 4.239e+00
7.000e+00 4.762e+00
8.000e+00 5.249e+00
9.000e+00 5.705e+00
1.000e+01 6.133e+00
1.250e+01 7.102e+00
1.500e+01 7.954e+00
1.750e+01 8.713e+00
2.000e+01 9.399e+00
