# PALLADIUM from NIST Database
1.202e+01 7.658e-01
1.000e-02 5.622e-04
1.250e-02 8.041e-04
1.500e-02 1.081e-03
1.750e-02 1.392e-03
2.000e-02 1.734e-03
2.500e-02 2.511e-03
3.000e-02 3.404e-03
3.500e-02 4.405e-03
4.000e-02 5.509e-03
4.500e-02 6.712e-03
5.000e-02 8.008e-03
5.500e-02 9.392e-03
6.000e-02 1.086e-02
7.000e-02 1.405e-02
8.000e-02 1.753e-02
9.000e-02 2.130e-02
1.000e-01 2.532e-02
1.250e-01 3.641e-02
1.500e-01 4.877e-02
1.750e-01 6.223e-02
2.000e-01 7.662e-02
2.500e-01 1.077e-01
3.000e-01 1.413e-01
3.500e-01 1.766e-01
4.000e-01 2.135e-01
4.500e-01 2.514e-01
5.000e-01 2.901e-01
5.500e-01 3.295e-01
6.000e-01 3.694e-01
7.000e-01 4.503e-01
8.000e-01 5.319e-01
9.000e-01 6.139e-01
1.000e+00 6.959e-01
1.250e+00 8.997e-01
1.500e+00 1.101e+00
1.750e+00 1.298e+00
2.000e+00 1.491e+00
2.500e+00 1.866e+00
3.000e+00 2.226e+00
3.500e+00 2.571e+00
4.000e+00 2.905e+00
4.500e+00 3.226e+00
5.000e+00 3.537e+00
5.500e+00 3.838e+00
6.000e+00 4.129e+00
7.000e+00 4.687e+00
8.000e+00 5.215e+00
9.000e+00 5.715e+00
1.000e+01 6.191e+00
1.250e+01 7.290e+00
1.500e+01 8.279e+00
1.750e+01 9.178e+00
2.000e+01 1.000e+01
