# PHOTOGRAPHIC EMULSION from NIST Database
3.815e+00 2.971e+00
1.000e-02 4.665e-04
1.250e-02 6.745e-04
1.500e-02 9.140e-04
1.750e-02 1.184e-03
2.000e-02 1.482e-03
2.500e-02 2.161e-03
3.000e-02 2.945e-03
3.500e-02 3.826e-03
4.000e-02 4.801e-03
4.500e-02 5.864e-03
5.000e-02 7.011e-03
5.500e-02 8.238e-03
6.000e-02 9.543e-03
7.000e-02 1.237e-02
8.000e-02 1.547e-02
9.000e-02 1.883e-02
1.000e-01 2.242e-02
1.250e-01 3.232e-02
1.500e-01 4.338e-02
1.750e-01 5.543e-02
2.000e-01 6.833e-02
2.500e-01 9.622e-02
3.000e-01 1.263e-01
3.500e-01 1.581e-01
4.000e-01 1.913e-01
4.500e-01 2.254e-01
5.000e-01 2.604e-01
5.500e-01 2.960e-01
6.000e-01 3.322e-01
7.000e-01 4.055e-01
8.000e-01 4.797e-01
9.000e-01 5.544e-01
1.000e+00 6.293e-01
1.250e+00 8.162e-01
1.500e+00 1.001e+00
1.750e+00 1.184e+00
2.000e+00 1.363e+00
2.500e+00 1.714e+00
3.000e+00 2.053e+00
3.500e+00 2.381e+00
4.000e+00 2.699e+00
4.500e+00 3.008e+00
5.000e+00 3.309e+00
5.500e+00 3.601e+00
6.000e+00 3.886e+00
7.000e+00 4.436e+00
8.000e+00 4.960e+00
9.000e+00 5.461e+00
1.000e+01 5.942e+00
1.250e+01 7.064e+00
1.500e+01 8.089e+00
1.750e+01 9.034e+00
2.000e+01 9.909e+00
