# PLASTIC SCINTILLATOR (VINYLTOLUENE BASED) from NIST Database
1.032e+00 4.254e+01
1.000e-02 2.495e-04
1.250e-02 3.704e-04
1.500e-02 5.119e-04
1.750e-02 6.732e-04
2.000e-02 8.535e-04
2.500e-02 1.269e-03
3.000e-02 1.754e-03
3.500e-02 2.304e-03
4.000e-02 2.918e-03
4.500e-02 3.592e-03
5.000e-02 4.323e-03
5.500e-02 5.109e-03
6.000e-02 5.948e-03
7.000e-02 7.777e-03
8.000e-02 9.796e-03
9.000e-02 1.199e-02
1.000e-01 1.435e-02
1.250e-01 2.091e-02
1.500e-01 2.829e-02
1.750e-01 3.639e-02
2.000e-01 4.511e-02
2.500e-01 6.409e-02
3.000e-01 8.474e-02
3.500e-01 1.067e-01
4.000e-01 1.297e-01
4.500e-01 1.535e-01
5.000e-01 1.780e-01
5.500e-01 2.031e-01
6.000e-01 2.287e-01
7.000e-01 2.809e-01
8.000e-01 3.342e-01
9.000e-01 3.883e-01
1.000e+00 4.429e-01
1.250e+00 5.808e-01
1.500e+00 7.196e-01
1.750e+00 8.585e-01
2.000e+00 9.971e-01
2.500e+00 1.273e+00
3.000e+00 1.546e+00
3.500e+00 1.815e+00
4.000e+00 2.083e+00
4.500e+00 2.347e+00
5.000e+00 2.609e+00
5.500e+00 2.868e+00
6.000e+00 3.125e+00
7.000e+00 3.632e+00
8.000e+00 4.132e+00
9.000e+00 4.623e+00
1.000e+01 5.108e+00
1.250e+01 6.291e+00
1.500e+01 7.438e+00
1.750e+01 8.553e+00
2.000e+01 9.637e+00
