# PLUTONIUM DIOXIDE from NIST Database
1.146e+01 5.735e-01
1.000e-02 7.548e-04
1.250e-02 1.054e-03
1.500e-02 1.393e-03
1.750e-02 1.771e-03
2.000e-02 2.185e-03
2.500e-02 3.119e-03
3.000e-02 4.184e-03
3.500e-02 5.372e-03
4.000e-02 6.678e-03
4.500e-02 8.093e-03
5.000e-02 9.614e-03
5.500e-02 1.123e-02
6.000e-02 1.295e-02
7.000e-02 1.665e-02
8.000e-02 2.068e-02
9.000e-02 2.503e-02
1.000e-01 2.965e-02
1.250e-01 4.234e-02
1.500e-01 5.642e-02
1.750e-01 7.166e-02
2.000e-01 8.789e-02
2.500e-01 1.227e-01
3.000e-01 1.601e-01
3.500e-01 1.993e-01
4.000e-01 2.398e-01
4.500e-01 2.814e-01
5.000e-01 3.237e-01
5.500e-01 3.665e-01
6.000e-01 4.097e-01
7.000e-01 4.968e-01
8.000e-01 5.841e-01
9.000e-01 6.714e-01
1.000e+00 7.582e-01
1.250e+00 9.721e-01
1.500e+00 1.181e+00
1.750e+00 1.384e+00
2.000e+00 1.581e+00
2.500e+00 1.959e+00
3.000e+00 2.317e+00
3.500e+00 2.657e+00
4.000e+00 2.981e+00
4.500e+00 3.291e+00
5.000e+00 3.587e+00
5.500e+00 3.872e+00
6.000e+00 4.145e+00
7.000e+00 4.662e+00
8.000e+00 5.144e+00
9.000e+00 5.595e+00
1.000e+01 6.020e+00
1.250e+01 6.982e+00
1.500e+01 7.831e+00
1.750e+01 8.588e+00
2.000e+01 9.273e+00
