# PROMETHIUM from NIST Database
7.220e+00 1.041e+00
1.000e-02 6.243e-04
1.250e-02 8.865e-04
1.500e-02 1.186e-03
1.750e-02 1.520e-03
2.000e-02 1.889e-03
2.500e-02 2.722e-03
3.000e-02 3.678e-03
3.500e-02 4.747e-03
4.000e-02 5.926e-03
4.500e-02 7.206e-03
5.000e-02 8.585e-03
5.500e-02 1.006e-02
6.000e-02 1.162e-02
7.000e-02 1.499e-02
8.000e-02 1.868e-02
9.000e-02 2.266e-02
1.000e-01 2.691e-02
1.250e-01 3.859e-02
1.500e-01 5.159e-02
1.750e-01 6.571e-02
2.000e-01 8.078e-02
2.500e-01 1.133e-01
3.000e-01 1.482e-01
3.500e-01 1.850e-01
4.000e-01 2.231e-01
4.500e-01 2.624e-01
5.000e-01 3.024e-01
5.500e-01 3.430e-01
6.000e-01 3.841e-01
7.000e-01 4.671e-01
8.000e-01 5.508e-01
9.000e-01 6.345e-01
1.000e+00 7.181e-01
1.250e+00 9.250e-01
1.500e+00 1.128e+00
1.750e+00 1.326e+00
2.000e+00 1.520e+00
2.500e+00 1.892e+00
3.000e+00 2.248e+00
3.500e+00 2.587e+00
4.000e+00 2.912e+00
4.500e+00 3.224e+00
5.000e+00 3.524e+00
5.500e+00 3.813e+00
6.000e+00 4.091e+00
7.000e+00 4.621e+00
8.000e+00 5.118e+00
9.000e+00 5.587e+00
1.000e+01 6.029e+00
1.250e+01 7.041e+00
1.500e+01 7.940e+00
1.750e+01 8.750e+00
2.000e+01 9.486e+00
