# POLONIUM from NIST Database
9.320e+00 6.611e-01
1.000e-02 8.177e-04
1.250e-02 1.131e-03
1.500e-02 1.486e-03
1.750e-02 1.880e-03
2.000e-02 2.312e-03
2.500e-02 3.283e-03
3.000e-02 4.390e-03
3.500e-02 5.623e-03
4.000e-02 6.976e-03
4.500e-02 8.442e-03
5.000e-02 1.002e-02
5.500e-02 1.169e-02
6.000e-02 1.347e-02
7.000e-02 1.729e-02
8.000e-02 2.145e-02
9.000e-02 2.593e-02
1.000e-01 3.070e-02
1.250e-01 4.376e-02
1.500e-01 5.822e-02
1.750e-01 7.385e-02
2.000e-01 9.048e-02
2.500e-01 1.261e-01
3.000e-01 1.643e-01
3.500e-01 2.042e-01
4.000e-01 2.455e-01
4.500e-01 2.878e-01
5.000e-01 3.308e-01
5.500e-01 3.743e-01
6.000e-01 4.181e-01
7.000e-01 5.064e-01
8.000e-01 5.948e-01
9.000e-01 6.830e-01
1.000e+00 7.707e-01
1.250e+00 9.864e-01
1.500e+00 1.196e+00
1.750e+00 1.400e+00
2.000e+00 1.598e+00
2.500e+00 1.976e+00
3.000e+00 2.333e+00
3.500e+00 2.671e+00
4.000e+00 2.993e+00
4.500e+00 3.300e+00
5.000e+00 3.593e+00
5.500e+00 3.874e+00
6.000e+00 4.144e+00
7.000e+00 4.653e+00
8.000e+00 5.127e+00
9.000e+00 5.571e+00
1.000e+01 5.987e+00
1.250e+01 6.929e+00
1.500e+01 7.757e+00
1.750e+01 8.495e+00
2.000e+01 9.161e+00
