# POLYVINYL CHLORIDE from NIST Database
1.300e+00 1.963e+01
1.000e-02 2.974e-04
1.250e-02 4.390e-04
1.500e-02 6.041e-04
1.750e-02 7.916e-04
2.000e-02 1.001e-03
2.500e-02 1.481e-03
3.000e-02 2.040e-03
3.500e-02 2.674e-03
4.000e-02 3.378e-03
4.500e-02 4.150e-03
5.000e-02 4.987e-03
5.500e-02 5.886e-03
6.000e-02 6.844e-03
7.000e-02 8.930e-03
8.000e-02 1.123e-02
9.000e-02 1.373e-02
1.000e-01 1.641e-02
1.250e-01 2.384e-02
1.500e-01 3.219e-02
1.750e-01 4.134e-02
2.000e-01 5.117e-02
2.500e-01 7.254e-02
3.000e-01 9.575e-02
3.500e-01 1.204e-01
4.000e-01 1.461e-01
4.500e-01 1.728e-01
5.000e-01 2.002e-01
5.500e-01 2.281e-01
6.000e-01 2.566e-01
7.000e-01 3.147e-01
8.000e-01 3.738e-01
9.000e-01 4.337e-01
1.000e+00 4.940e-01
1.250e+00 6.459e-01
1.500e+00 7.980e-01
1.750e+00 9.496e-01
2.000e+00 1.100e+00
2.500e+00 1.399e+00
3.000e+00 1.692e+00
3.500e+00 1.981e+00
4.000e+00 2.265e+00
4.500e+00 2.544e+00
5.000e+00 2.820e+00
5.500e+00 3.092e+00
6.000e+00 3.360e+00
7.000e+00 3.886e+00
8.000e+00 4.399e+00
9.000e+00 4.901e+00
1.000e+01 5.391e+00
1.250e+01 6.575e+00
1.500e+01 7.704e+00
1.750e+01 8.783e+00
2.000e+01 9.819e+00
