# POLYETHYLENE TEREPHTHALATE (MYLAR) from NIST Database
1.400e+00 2.854e+01
1.000e-02 2.712e-04
1.250e-02 4.019e-04
1.500e-02 5.546e-04
1.750e-02 7.283e-04
2.000e-02 9.225e-04
2.500e-02 1.369e-03
3.000e-02 1.890e-03
3.500e-02 2.481e-03
4.000e-02 3.140e-03
4.500e-02 3.862e-03
5.000e-02 4.645e-03
5.500e-02 5.487e-03
6.000e-02 6.386e-03
7.000e-02 8.344e-03
8.000e-02 1.050e-02
9.000e-02 1.285e-02
1.000e-01 1.537e-02
1.250e-01 2.238e-02
1.500e-01 3.026e-02
1.750e-01 3.890e-02
2.000e-01 4.819e-02
2.500e-01 6.842e-02
3.000e-01 9.040e-02
3.500e-01 1.138e-01
4.000e-01 1.382e-01
4.500e-01 1.635e-01
5.000e-01 1.896e-01
5.500e-01 2.162e-01
6.000e-01 2.434e-01
7.000e-01 2.988e-01
8.000e-01 3.554e-01
9.000e-01 4.127e-01
1.000e+00 4.706e-01
1.250e+00 6.167e-01
1.500e+00 7.636e-01
1.750e+00 9.104e-01
2.000e+00 1.057e+00
2.500e+00 1.348e+00
3.000e+00 1.636e+00
3.500e+00 1.920e+00
4.000e+00 2.201e+00
4.500e+00 2.479e+00
5.000e+00 2.755e+00
5.500e+00 3.027e+00
6.000e+00 3.297e+00
7.000e+00 3.828e+00
8.000e+00 4.351e+00
9.000e+00 4.864e+00
1.000e+01 5.370e+00
1.250e+01 6.601e+00
1.500e+01 7.791e+00
1.750e+01 8.943e+00
2.000e+01 1.006e+01
