# POLYVINYL ACETATE from NIST Database
1.190e+00 3.356e+01
1.000e-02 2.602e-04
1.250e-02 3.859e-04
1.500e-02 5.327e-04
1.750e-02 7.000e-04
2.000e-02 8.868e-04
2.500e-02 1.317e-03
3.000e-02 1.819e-03
3.500e-02 2.389e-03
4.000e-02 3.023e-03
4.500e-02 3.719e-03
5.000e-02 4.475e-03
5.500e-02 5.287e-03
6.000e-02 6.153e-03
7.000e-02 8.042e-03
8.000e-02 1.013e-02
9.000e-02 1.239e-02
1.000e-01 1.483e-02
1.250e-01 2.159e-02
1.500e-01 2.920e-02
1.750e-01 3.754e-02
2.000e-01 4.651e-02
2.500e-01 6.605e-02
3.000e-01 8.730e-02
3.500e-01 1.099e-01
4.000e-01 1.335e-01
4.500e-01 1.580e-01
5.000e-01 1.831e-01
5.500e-01 2.089e-01
6.000e-01 2.351e-01
7.000e-01 2.886e-01
8.000e-01 3.432e-01
9.000e-01 3.986e-01
1.000e+00 4.545e-01
1.250e+00 5.956e-01
1.500e+00 7.375e-01
1.750e+00 8.795e-01
2.000e+00 1.021e+00
2.500e+00 1.302e+00
3.000e+00 1.581e+00
3.500e+00 1.856e+00
4.000e+00 2.128e+00
4.500e+00 2.398e+00
5.000e+00 2.664e+00
5.500e+00 2.928e+00
6.000e+00 3.190e+00
7.000e+00 3.705e+00
8.000e+00 4.212e+00
9.000e+00 4.711e+00
1.000e+01 5.201e+00
1.250e+01 6.398e+00
1.500e+01 7.554e+00
1.750e+01 8.675e+00
2.000e+01 9.763e+00
