# POLYTRIFLUOROCHLOROETHYLENE from NIST Database
2.100e+00 1.342e+01
1.000e-02 3.256e-04
1.250e-02 4.799e-04
1.500e-02 6.596e-04
1.750e-02 8.637e-04
2.000e-02 1.091e-03
2.500e-02 1.613e-03
3.000e-02 2.220e-03
3.500e-02 2.908e-03
4.000e-02 3.672e-03
4.500e-02 4.509e-03
5.000e-02 5.416e-03
5.500e-02 6.390e-03
6.000e-02 7.429e-03
7.000e-02 9.689e-03
8.000e-02 1.218e-02
9.000e-02 1.488e-02
1.000e-01 1.778e-02
1.250e-01 2.582e-02
1.500e-01 3.486e-02
1.750e-01 4.475e-02
2.000e-01 5.537e-02
2.500e-01 7.847e-02
3.000e-01 1.035e-01
3.500e-01 1.301e-01
4.000e-01 1.579e-01
4.500e-01 1.867e-01
5.000e-01 2.162e-01
5.500e-01 2.464e-01
6.000e-01 2.770e-01
7.000e-01 3.396e-01
8.000e-01 4.033e-01
9.000e-01 4.678e-01
1.000e+00 5.328e-01
1.250e+00 6.964e-01
1.500e+00 8.603e-01
1.750e+00 1.024e+00
2.000e+00 1.186e+00
2.500e+00 1.508e+00
3.000e+00 1.825e+00
3.500e+00 2.137e+00
4.000e+00 2.444e+00
4.500e+00 2.747e+00
5.000e+00 3.045e+00
5.500e+00 3.339e+00
6.000e+00 3.630e+00
7.000e+00 4.200e+00
8.000e+00 4.757e+00
9.000e+00 5.302e+00
1.000e+01 5.835e+00
1.250e+01 7.121e+00
1.500e+01 8.348e+00
1.750e+01 9.523e+00
2.000e+01 1.065e+01
