# POLYVINYL BUTYRAL from NIST Database
1.120e+00 3.715e+01
1.000e-02 2.497e-04
1.250e-02 3.707e-04
1.500e-02 5.121e-04
1.750e-02 6.733e-04
2.000e-02 8.535e-04
2.500e-02 1.268e-03
3.000e-02 1.753e-03
3.500e-02 2.303e-03
4.000e-02 2.915e-03
4.500e-02 3.588e-03
5.000e-02 4.318e-03
5.500e-02 5.103e-03
6.000e-02 5.940e-03
7.000e-02 7.766e-03
8.000e-02 9.781e-03
9.000e-02 1.197e-02
1.000e-01 1.433e-02
1.250e-01 2.087e-02
1.500e-01 2.824e-02
1.750e-01 3.631e-02
2.000e-01 4.501e-02
2.500e-01 6.394e-02
3.000e-01 8.452e-02
3.500e-01 1.064e-01
4.000e-01 1.293e-01
4.500e-01 1.531e-01
5.000e-01 1.775e-01
5.500e-01 2.025e-01
6.000e-01 2.280e-01
7.000e-01 2.800e-01
8.000e-01 3.331e-01
9.000e-01 3.870e-01
1.000e+00 4.414e-01
1.250e+00 5.788e-01
1.500e+00 7.171e-01
1.750e+00 8.555e-01
2.000e+00 9.936e-01
2.500e+00 1.268e+00
3.000e+00 1.540e+00
3.500e+00 1.809e+00
4.000e+00 2.075e+00
4.500e+00 2.338e+00
5.000e+00 2.599e+00
5.500e+00 2.857e+00
6.000e+00 3.112e+00
7.000e+00 3.617e+00
8.000e+00 4.114e+00
9.000e+00 4.603e+00
1.000e+01 5.084e+00
1.250e+01 6.259e+00
1.500e+01 7.397e+00
1.750e+01 8.502e+00
2.000e+01 9.575e+00
