# POLYCARBONATE (MAKROLON, LEXAN) from NIST Database
1.200e+00 3.459e+01
1.000e-02 2.634e-04
1.250e-02 3.906e-04
1.500e-02 5.393e-04
1.750e-02 7.086e-04
2.000e-02 8.978e-04
2.500e-02 1.333e-03
3.000e-02 1.842e-03
3.500e-02 2.418e-03
4.000e-02 3.061e-03
4.500e-02 3.766e-03
5.000e-02 4.531e-03
5.500e-02 5.353e-03
6.000e-02 6.231e-03
7.000e-02 8.144e-03
8.000e-02 1.025e-02
9.000e-02 1.255e-02
1.000e-01 1.501e-02
1.250e-01 2.186e-02
1.500e-01 2.957e-02
1.750e-01 3.802e-02
2.000e-01 4.711e-02
2.500e-01 6.690e-02
3.000e-01 8.843e-02
3.500e-01 1.113e-01
4.000e-01 1.352e-01
4.500e-01 1.600e-01
5.000e-01 1.855e-01
5.500e-01 2.116e-01
6.000e-01 2.382e-01
7.000e-01 2.925e-01
8.000e-01 3.479e-01
9.000e-01 4.041e-01
1.000e+00 4.608e-01
1.250e+00 6.039e-01
1.500e+00 7.479e-01
1.750e+00 8.919e-01
2.000e+00 1.036e+00
2.500e+00 1.321e+00
3.000e+00 1.603e+00
3.500e+00 1.883e+00
4.000e+00 2.159e+00
4.500e+00 2.432e+00
5.000e+00 2.702e+00
5.500e+00 2.970e+00
6.000e+00 3.235e+00
7.000e+00 3.758e+00
8.000e+00 4.272e+00
9.000e+00 4.778e+00
1.000e+01 5.276e+00
1.250e+01 6.491e+00
1.500e+01 7.665e+00
1.750e+01 8.805e+00
2.000e+01 9.911e+00
