# POLYACRYLONITRILE from NIST Database
1.170e+00 3.598e+01
1.000e-02 2.601e-04
1.250e-02 3.860e-04
1.500e-02 5.331e-04
1.750e-02 7.007e-04
2.000e-02 8.881e-04
2.500e-02 1.319e-03
3.000e-02 1.823e-03
3.500e-02 2.395e-03
4.000e-02 3.031e-03
4.500e-02 3.730e-03
5.000e-02 4.488e-03
5.500e-02 5.304e-03
6.000e-02 6.174e-03
7.000e-02 8.071e-03
8.000e-02 1.016e-02
9.000e-02 1.244e-02
1.000e-01 1.489e-02
1.250e-01 2.168e-02
1.500e-01 2.933e-02
1.750e-01 3.771e-02
2.000e-01 4.674e-02
2.500e-01 6.638e-02
3.000e-01 8.775e-02
3.500e-01 1.105e-01
4.000e-01 1.342e-01
4.500e-01 1.589e-01
5.000e-01 1.842e-01
5.500e-01 2.102e-01
6.000e-01 2.366e-01
7.000e-01 2.906e-01
8.000e-01 3.457e-01
9.000e-01 4.016e-01
1.000e+00 4.580e-01
1.250e+00 6.006e-01
1.500e+00 7.439e-01
1.750e+00 8.873e-01
2.000e+00 1.030e+00
2.500e+00 1.315e+00
3.000e+00 1.596e+00
3.500e+00 1.874e+00
4.000e+00 2.150e+00
4.500e+00 2.422e+00
5.000e+00 2.692e+00
5.500e+00 2.958e+00
6.000e+00 3.223e+00
7.000e+00 3.744e+00
8.000e+00 4.257e+00
9.000e+00 4.762e+00
1.000e+01 5.259e+00
1.250e+01 6.472e+00
1.500e+01 7.645e+00
1.750e+01 8.784e+00
2.000e+01 9.890e+00
