# POLYVINYL PYRROLIDONE from NIST Database
1.250e+00 3.333e+01
1.000e-02 2.527e-04
1.250e-02 3.751e-04
1.500e-02 5.182e-04
1.750e-02 6.812e-04
2.000e-02 8.634e-04
2.500e-02 1.283e-03
3.000e-02 1.773e-03
3.500e-02 2.329e-03
4.000e-02 2.949e-03
4.500e-02 3.629e-03
5.000e-02 4.367e-03
5.500e-02 5.161e-03
6.000e-02 6.008e-03
7.000e-02 7.855e-03
8.000e-02 9.893e-03
9.000e-02 1.211e-02
1.000e-01 1.449e-02
1.250e-01 2.111e-02
1.500e-01 2.856e-02
1.750e-01 3.672e-02
2.000e-01 4.551e-02
2.500e-01 6.465e-02
3.000e-01 8.547e-02
3.500e-01 1.076e-01
4.000e-01 1.308e-01
4.500e-01 1.548e-01
5.000e-01 1.796e-01
5.500e-01 2.049e-01
6.000e-01 2.307e-01
7.000e-01 2.834e-01
8.000e-01 3.372e-01
9.000e-01 3.919e-01
1.000e+00 4.470e-01
1.250e+00 5.863e-01
1.500e+00 7.266e-01
1.750e+00 8.669e-01
2.000e+00 1.007e+00
2.500e+00 1.285e+00
3.000e+00 1.561e+00
3.500e+00 1.833e+00
4.000e+00 2.103e+00
4.500e+00 2.370e+00
5.000e+00 2.634e+00
5.500e+00 2.895e+00
6.000e+00 3.155e+00
7.000e+00 3.666e+00
8.000e+00 4.169e+00
9.000e+00 4.664e+00
1.000e+01 5.152e+00
1.250e+01 6.342e+00
1.500e+01 7.494e+00
1.750e+01 8.612e+00
2.000e+01 9.699e+00
