# POLYMETHYL METHACRALATE (LUCITE, PERSPEX, PLEXIGLASS) from NIST Database
1.190e+00 3.407e+01
1.000e-02 2.580e-04
1.250e-02 3.826e-04
1.500e-02 5.282e-04
1.750e-02 6.940e-04
2.000e-02 8.793e-04
2.500e-02 1.306e-03
3.000e-02 1.803e-03
3.500e-02 2.368e-03
4.000e-02 2.997e-03
4.500e-02 3.687e-03
5.000e-02 4.436e-03
5.500e-02 5.241e-03
6.000e-02 6.100e-03
7.000e-02 7.972e-03
8.000e-02 1.004e-02
9.000e-02 1.228e-02
1.000e-01 1.470e-02
1.250e-01 2.140e-02
1.500e-01 2.894e-02
1.750e-01 3.721e-02
2.000e-01 4.610e-02
2.500e-01 6.547e-02
3.000e-01 8.653e-02
3.500e-01 1.089e-01
4.000e-01 1.323e-01
4.500e-01 1.566e-01
5.000e-01 1.815e-01
5.500e-01 2.070e-01
6.000e-01 2.330e-01
7.000e-01 2.860e-01
8.000e-01 3.401e-01
9.000e-01 3.950e-01
1.000e+00 4.504e-01
1.250e+00 5.902e-01
1.500e+00 7.308e-01
1.750e+00 8.715e-01
2.000e+00 1.012e+00
2.500e+00 1.291e+00
3.000e+00 1.567e+00
3.500e+00 1.839e+00
4.000e+00 2.109e+00
4.500e+00 2.376e+00
5.000e+00 2.641e+00
5.500e+00 2.903e+00
6.000e+00 3.162e+00
7.000e+00 3.673e+00
8.000e+00 4.176e+00
9.000e+00 4.671e+00
1.000e+01 5.158e+00
1.250e+01 6.347e+00
1.500e+01 7.496e+00
1.750e+01 8.610e+00
2.000e+01 9.693e+00
