# POLYVINYLIDENE FLUORIDE from NIST Database
1.760e+00 2.081e+01
1.000e-02 2.905e-04
1.250e-02 4.298e-04
1.500e-02 5.925e-04
1.750e-02 7.776e-04
2.000e-02 9.842e-04
2.500e-02 1.459e-03
3.000e-02 2.013e-03
3.500e-02 2.641e-03
4.000e-02 3.340e-03
4.500e-02 4.106e-03
5.000e-02 4.937e-03
5.500e-02 5.830e-03
6.000e-02 6.783e-03
7.000e-02 8.859e-03
8.000e-02 1.115e-02
9.000e-02 1.363e-02
1.000e-01 1.631e-02
1.250e-01 2.372e-02
1.500e-01 3.206e-02
1.750e-01 4.119e-02
2.000e-01 5.102e-02
2.500e-01 7.240e-02
3.000e-01 9.563e-02
3.500e-01 1.203e-01
4.000e-01 1.461e-01
4.500e-01 1.728e-01
5.000e-01 2.003e-01
5.500e-01 2.284e-01
6.000e-01 2.569e-01
7.000e-01 3.153e-01
8.000e-01 3.748e-01
9.000e-01 4.351e-01
1.000e+00 4.959e-01
1.250e+00 6.494e-01
1.500e+00 8.036e-01
1.750e+00 9.577e-01
2.000e+00 1.111e+00
2.500e+00 1.416e+00
3.000e+00 1.718e+00
3.500e+00 2.015e+00
4.000e+00 2.310e+00
4.500e+00 2.600e+00
5.000e+00 2.888e+00
5.500e+00 3.172e+00
6.000e+00 3.453e+00
7.000e+00 4.008e+00
8.000e+00 4.552e+00
9.000e+00 5.086e+00
1.000e+01 5.611e+00
1.250e+01 6.886e+00
1.500e+01 8.115e+00
1.750e+01 9.301e+00
2.000e+01 1.045e+01
