# POLYCHLOROSTYRENE from NIST Database
1.300e+00 2.578e+01
1.000e-02 2.711e-04
1.250e-02 4.015e-04
1.500e-02 5.538e-04
1.750e-02 7.272e-04
2.000e-02 9.208e-04
2.500e-02 1.366e-03
3.000e-02 1.886e-03
3.500e-02 2.475e-03
4.000e-02 3.131e-03
4.500e-02 3.851e-03
5.000e-02 4.631e-03
5.500e-02 5.471e-03
6.000e-02 6.366e-03
7.000e-02 8.316e-03
8.000e-02 1.047e-02
9.000e-02 1.281e-02
1.000e-01 1.532e-02
1.250e-01 2.229e-02
1.500e-01 3.014e-02
1.750e-01 3.873e-02
2.000e-01 4.798e-02
2.500e-01 6.811e-02
3.000e-01 8.998e-02
3.500e-01 1.132e-01
4.000e-01 1.376e-01
4.500e-01 1.628e-01
5.000e-01 1.887e-01
5.500e-01 2.153e-01
6.000e-01 2.423e-01
7.000e-01 2.975e-01
8.000e-01 3.538e-01
9.000e-01 4.109e-01
1.000e+00 4.685e-01
1.250e+00 6.137e-01
1.500e+00 7.597e-01
1.750e+00 9.055e-01
2.000e+00 1.051e+00
2.500e+00 1.339e+00
3.000e+00 1.623e+00
3.500e+00 1.904e+00
4.000e+00 2.182e+00
4.500e+00 2.455e+00
5.000e+00 2.726e+00
5.500e+00 2.993e+00
6.000e+00 3.258e+00
7.000e+00 3.779e+00
8.000e+00 4.289e+00
9.000e+00 4.791e+00
1.000e+01 5.283e+00
1.250e+01 6.479e+00
1.500e+01 7.629e+00
1.750e+01 8.740e+00
2.000e+01 9.813e+00
