# POLYVINYL ALCOHOL from NIST Database
1.300e+00 3.098e+01
1.000e-02 2.520e-04
1.250e-02 3.739e-04
1.500e-02 5.165e-04
1.750e-02 6.789e-04
2.000e-02 8.604e-04
2.500e-02 1.278e-03
3.000e-02 1.766e-03
3.500e-02 2.320e-03
4.000e-02 2.937e-03
4.500e-02 3.614e-03
5.000e-02 4.348e-03
5.500e-02 5.138e-03
6.000e-02 5.981e-03
7.000e-02 7.819e-03
8.000e-02 9.846e-03
9.000e-02 1.205e-02
1.000e-01 1.442e-02
1.250e-01 2.100e-02
1.500e-01 2.841e-02
1.750e-01 3.653e-02
2.000e-01 4.527e-02
2.500e-01 6.431e-02
3.000e-01 8.501e-02
3.500e-01 1.070e-01
4.000e-01 1.300e-01
4.500e-01 1.539e-01
5.000e-01 1.785e-01
5.500e-01 2.037e-01
6.000e-01 2.293e-01
7.000e-01 2.817e-01
8.000e-01 3.351e-01
9.000e-01 3.894e-01
1.000e+00 4.442e-01
1.250e+00 5.825e-01
1.500e+00 7.217e-01
1.750e+00 8.610e-01
2.000e+00 1.000e+00
2.500e+00 1.276e+00
3.000e+00 1.550e+00
3.500e+00 1.820e+00
4.000e+00 2.088e+00
4.500e+00 2.353e+00
5.000e+00 2.615e+00
5.500e+00 2.875e+00
6.000e+00 3.132e+00
7.000e+00 3.640e+00
8.000e+00 4.139e+00
9.000e+00 4.630e+00
1.000e+01 5.113e+00
1.250e+01 6.293e+00
1.500e+01 7.434e+00
1.750e+01 8.541e+00
2.000e+01 9.616e+00
