# POLYSTYRENE from NIST Database
1.060e+00 4.131e+01
1.000e-02 2.546e-04
1.250e-02 3.777e-04
1.500e-02 5.218e-04
1.750e-02 6.859e-04
2.000e-02 8.694e-04
2.500e-02 1.292e-03
3.000e-02 1.785e-03
3.500e-02 2.345e-03
4.000e-02 2.968e-03
4.500e-02 3.653e-03
5.000e-02 4.395e-03
5.500e-02 5.194e-03
6.000e-02 6.047e-03
7.000e-02 7.905e-03
8.000e-02 9.955e-03
9.000e-02 1.218e-02
1.000e-01 1.458e-02
1.250e-01 2.124e-02
1.500e-01 2.873e-02
1.750e-01 3.695e-02
2.000e-01 4.579e-02
2.500e-01 6.504e-02
3.000e-01 8.598e-02
3.500e-01 1.082e-01
4.000e-01 1.315e-01
4.500e-01 1.557e-01
5.000e-01 1.805e-01
5.500e-01 2.059e-01
6.000e-01 2.318e-01
7.000e-01 2.846e-01
8.000e-01 3.385e-01
9.000e-01 3.932e-01
1.000e+00 4.484e-01
1.250e+00 5.878e-01
1.500e+00 7.281e-01
1.750e+00 8.684e-01
2.000e+00 1.008e+00
2.500e+00 1.287e+00
3.000e+00 1.562e+00
3.500e+00 1.835e+00
4.000e+00 2.104e+00
4.500e+00 2.371e+00
5.000e+00 2.635e+00
5.500e+00 2.897e+00
6.000e+00 3.156e+00
7.000e+00 3.667e+00
8.000e+00 4.171e+00
9.000e+00 4.666e+00
1.000e+01 5.155e+00
1.250e+01 6.347e+00
1.500e+01 7.502e+00
1.750e+01 8.625e+00
2.000e+01 9.717e+00
