# POLYPROPYLENE from NIST Database
9.000e-01 4.947e+01
1.000e-02 2.300e-04
1.250e-02 3.419e-04
1.500e-02 4.730e-04
1.750e-02 6.225e-04
2.000e-02 7.898e-04
2.500e-02 1.175e-03
3.000e-02 1.626e-03
3.500e-02 2.138e-03
4.000e-02 2.708e-03
4.500e-02 3.335e-03
5.000e-02 4.015e-03
5.500e-02 4.747e-03
6.000e-02 5.528e-03
7.000e-02 7.232e-03
8.000e-02 9.113e-03
9.000e-02 1.116e-02
1.000e-01 1.336e-02
1.250e-01 1.947e-02
1.500e-01 2.636e-02
1.750e-01 3.392e-02
2.000e-01 4.206e-02
2.500e-01 5.979e-02
3.000e-01 7.908e-02
3.500e-01 9.959e-02
4.000e-01 1.211e-01
4.500e-01 1.434e-01
5.000e-01 1.663e-01
5.500e-01 1.898e-01
6.000e-01 2.138e-01
7.000e-01 2.627e-01
8.000e-01 3.127e-01
9.000e-01 3.634e-01
1.000e+00 4.147e-01
1.250e+00 5.442e-01
1.500e+00 6.746e-01
1.750e+00 8.052e-01
2.000e+00 9.357e-01
2.500e+00 1.195e+00
3.000e+00 1.452e+00
3.500e+00 1.707e+00
4.000e+00 1.959e+00
4.500e+00 2.209e+00
5.000e+00 2.456e+00
5.500e+00 2.702e+00
6.000e+00 2.945e+00
7.000e+00 3.425e+00
8.000e+00 3.898e+00
9.000e+00 4.365e+00
1.000e+01 4.825e+00
1.250e+01 5.950e+00
1.500e+01 7.042e+00
1.750e+01 8.105e+00
2.000e+01 9.141e+00
