# POLYETHYLENE from NIST Database
9.400e-01 5.031e+01
1.000e-02 2.308e-04
1.250e-02 3.430e-04
1.500e-02 4.745e-04
1.750e-02 6.244e-04
2.000e-02 7.921e-04
2.500e-02 1.179e-03
3.000e-02 1.630e-03
3.500e-02 2.143e-03
4.000e-02 2.715e-03
4.500e-02 3.343e-03
5.000e-02 4.025e-03
5.500e-02 4.758e-03
6.000e-02 5.541e-03
7.000e-02 7.249e-03
8.000e-02 9.134e-03
9.000e-02 1.118e-02
1.000e-01 1.339e-02
1.250e-01 1.952e-02
1.500e-01 2.642e-02
1.750e-01 3.399e-02
2.000e-01 4.215e-02
2.500e-01 5.991e-02
3.000e-01 7.924e-02
3.500e-01 9.979e-02
4.000e-01 1.213e-01
4.500e-01 1.437e-01
5.000e-01 1.667e-01
5.500e-01 1.902e-01
6.000e-01 2.142e-01
7.000e-01 2.632e-01
8.000e-01 3.133e-01
9.000e-01 3.641e-01
1.000e+00 4.155e-01
1.250e+00 5.452e-01
1.500e+00 6.759e-01
1.750e+00 8.068e-01
2.000e+00 9.375e-01
2.500e+00 1.197e+00
3.000e+00 1.455e+00
3.500e+00 1.710e+00
4.000e+00 1.963e+00
4.500e+00 2.213e+00
5.000e+00 2.461e+00
5.500e+00 2.707e+00
6.000e+00 2.950e+00
7.000e+00 3.431e+00
8.000e+00 3.905e+00
9.000e+00 4.372e+00
1.000e+01 4.833e+00
1.250e+01 5.960e+00
1.500e+01 7.054e+00
1.750e+01 8.119e+00
2.000e+01 9.157e+00
