# POLYVINYLIDENE CHLORIDE, SARAN from NIST Database
1.700e+00 1.335e+01
1.000e-02 3.251e-04
1.250e-02 4.784e-04
1.500e-02 6.568e-04
1.750e-02 8.592e-04
2.000e-02 1.085e-03
2.500e-02 1.602e-03
3.000e-02 2.203e-03
3.500e-02 2.883e-03
4.000e-02 3.639e-03
4.500e-02 4.466e-03
5.000e-02 5.363e-03
5.500e-02 6.325e-03
6.000e-02 7.350e-03
7.000e-02 9.581e-03
8.000e-02 1.204e-02
9.000e-02 1.470e-02
1.000e-01 1.757e-02
1.250e-01 2.549e-02
1.500e-01 3.440e-02
1.750e-01 4.413e-02
2.000e-01 5.459e-02
2.500e-01 7.732e-02
3.000e-01 1.020e-01
3.500e-01 1.281e-01
4.000e-01 1.554e-01
4.500e-01 1.837e-01
5.000e-01 2.128e-01
5.500e-01 2.424e-01
6.000e-01 2.726e-01
7.000e-01 3.341e-01
8.000e-01 3.966e-01
9.000e-01 4.599e-01
1.000e+00 5.236e-01
1.250e+00 6.838e-01
1.500e+00 8.440e-01
1.750e+00 1.003e+00
2.000e+00 1.162e+00
2.500e+00 1.474e+00
3.000e+00 1.781e+00
3.500e+00 2.082e+00
4.000e+00 2.377e+00
4.500e+00 2.668e+00
5.000e+00 2.954e+00
5.500e+00 3.235e+00
6.000e+00 3.512e+00
7.000e+00 4.055e+00
8.000e+00 4.582e+00
9.000e+00 5.097e+00
1.000e+01 5.599e+00
1.250e+01 6.805e+00
1.500e+01 7.949e+00
1.750e+01 9.037e+00
2.000e+01 1.008e+01
