# POLYOXYMETHYLENE from NIST Database
1.425e+00 2.699e+01
1.000e-02 2.639e-04
1.250e-02 3.910e-04
1.500e-02 5.397e-04
1.750e-02 7.089e-04
2.000e-02 8.979e-04
2.500e-02 1.333e-03
3.000e-02 1.840e-03
3.500e-02 2.416e-03
4.000e-02 3.057e-03
4.500e-02 3.761e-03
5.000e-02 4.524e-03
5.500e-02 5.344e-03
6.000e-02 6.219e-03
7.000e-02 8.127e-03
8.000e-02 1.023e-02
9.000e-02 1.252e-02
1.000e-01 1.498e-02
1.250e-01 2.180e-02
1.500e-01 2.948e-02
1.750e-01 3.790e-02
2.000e-01 4.695e-02
2.500e-01 6.666e-02
3.000e-01 8.809e-02
3.500e-01 1.109e-01
4.000e-01 1.347e-01
4.500e-01 1.594e-01
5.000e-01 1.848e-01
5.500e-01 2.107e-01
6.000e-01 2.372e-01
7.000e-01 2.912e-01
8.000e-01 3.464e-01
9.000e-01 4.023e-01
1.000e+00 4.587e-01
1.250e+00 6.012e-01
1.500e+00 7.445e-01
1.750e+00 8.878e-01
2.000e+00 1.031e+00
2.500e+00 1.315e+00
3.000e+00 1.596e+00
3.500e+00 1.874e+00
4.000e+00 2.148e+00
4.500e+00 2.420e+00
5.000e+00 2.689e+00
5.500e+00 2.955e+00
6.000e+00 3.218e+00
7.000e+00 3.738e+00
8.000e+00 4.249e+00
9.000e+00 4.751e+00
1.000e+01 5.245e+00
1.250e+01 6.448e+00
1.500e+01 7.610e+00
1.750e+01 8.735e+00
2.000e+01 9.826e+00
