# POLYTETRAFLUOROETHYLENE (TEFLON) from NIST Database
2.200e+00 1.584e+01
1.000e-02 3.105e-04
1.250e-02 4.589e-04
1.500e-02 6.320e-04
1.750e-02 8.287e-04
2.000e-02 1.048e-03
2.500e-02 1.553e-03
3.000e-02 2.140e-03
3.500e-02 2.806e-03
4.000e-02 3.547e-03
4.500e-02 4.359e-03
5.000e-02 5.240e-03
5.500e-02 6.185e-03
6.000e-02 7.194e-03
7.000e-02 9.391e-03
8.000e-02 1.181e-02
9.000e-02 1.444e-02
1.000e-01 1.727e-02
1.250e-01 2.511e-02
1.500e-01 3.392e-02
1.750e-01 4.357e-02
2.000e-01 5.395e-02
2.500e-01 7.651e-02
3.000e-01 1.010e-01
3.500e-01 1.271e-01
4.000e-01 1.543e-01
4.500e-01 1.824e-01
5.000e-01 2.114e-01
5.500e-01 2.410e-01
6.000e-01 2.711e-01
7.000e-01 3.326e-01
8.000e-01 3.952e-01
9.000e-01 4.587e-01
1.000e+00 5.227e-01
1.250e+00 6.841e-01
1.500e+00 8.462e-01
1.750e+00 1.008e+00
2.000e+00 1.169e+00
2.500e+00 1.490e+00
3.000e+00 1.806e+00
3.500e+00 2.118e+00
4.000e+00 2.426e+00
4.500e+00 2.730e+00
5.000e+00 3.031e+00
5.500e+00 3.328e+00
6.000e+00 3.622e+00
7.000e+00 4.201e+00
8.000e+00 4.768e+00
9.000e+00 5.324e+00
1.000e+01 5.870e+00
1.250e+01 7.194e+00
1.500e+01 8.466e+00
1.750e+01 9.691e+00
2.000e+01 1.087e+01
