# POTASSIUM IODIDE from NIST Database
3.130e+00 3.079e+00
1.000e-02 5.409e-04
1.250e-02 7.759e-04
1.500e-02 1.045e-03
1.750e-02 1.348e-03
2.000e-02 1.682e-03
2.500e-02 2.440e-03
3.000e-02 3.311e-03
3.500e-02 4.289e-03
4.000e-02 5.369e-03
4.500e-02 6.544e-03
5.000e-02 7.811e-03
5.500e-02 9.166e-03
6.000e-02 1.060e-02
7.000e-02 1.372e-02
8.000e-02 1.713e-02
9.000e-02 2.081e-02
1.000e-01 2.474e-02
1.250e-01 3.558e-02
1.500e-01 4.766e-02
1.750e-01 6.080e-02
2.000e-01 7.484e-02
2.500e-01 1.052e-01
3.000e-01 1.378e-01
3.500e-01 1.722e-01
4.000e-01 2.080e-01
4.500e-01 2.448e-01
5.000e-01 2.824e-01
5.500e-01 3.207e-01
6.000e-01 3.594e-01
7.000e-01 4.377e-01
8.000e-01 5.168e-01
9.000e-01 5.962e-01
1.000e+00 6.756e-01
1.250e+00 8.729e-01
1.500e+00 1.067e+00
1.750e+00 1.258e+00
2.000e+00 1.445e+00
2.500e+00 1.809e+00
3.000e+00 2.158e+00
3.500e+00 2.494e+00
4.000e+00 2.818e+00
4.500e+00 3.132e+00
5.000e+00 3.435e+00
5.500e+00 3.729e+00
6.000e+00 4.014e+00
7.000e+00 4.561e+00
8.000e+00 5.079e+00
9.000e+00 5.572e+00
1.000e+01 6.042e+00
1.250e+01 7.128e+00
1.500e+01 8.111e+00
1.750e+01 9.007e+00
2.000e+01 9.830e+00
