# POTASSIUM OXIDE from NIST Database
2.320e+00 8.147e+00
1.000e-02 3.629e-04
1.250e-02 5.311e-04
1.500e-02 7.262e-04
1.750e-02 9.468e-04
2.000e-02 1.192e-03
2.500e-02 1.753e-03
3.000e-02 2.404e-03
3.500e-02 3.139e-03
4.000e-02 3.954e-03
4.500e-02 4.845e-03
5.000e-02 5.810e-03
5.500e-02 6.844e-03
6.000e-02 7.945e-03
7.000e-02 1.034e-02
8.000e-02 1.297e-02
9.000e-02 1.582e-02
1.000e-01 1.888e-02
1.250e-01 2.734e-02
1.500e-01 3.683e-02
1.750e-01 4.720e-02
2.000e-01 5.832e-02
2.500e-01 8.244e-02
3.000e-01 1.086e-01
3.500e-01 1.363e-01
4.000e-01 1.652e-01
4.500e-01 1.951e-01
5.000e-01 2.258e-01
5.500e-01 2.570e-01
6.000e-01 2.888e-01
7.000e-01 3.534e-01
8.000e-01 4.191e-01
9.000e-01 4.854e-01
1.000e+00 5.521e-01
1.250e+00 7.194e-01
1.500e+00 8.863e-01
1.750e+00 1.052e+00
2.000e+00 1.216e+00
2.500e+00 1.540e+00
3.000e+00 1.856e+00
3.500e+00 2.166e+00
4.000e+00 2.469e+00
4.500e+00 2.766e+00
5.000e+00 3.058e+00
5.500e+00 3.345e+00
6.000e+00 3.626e+00
7.000e+00 4.175e+00
8.000e+00 4.707e+00
9.000e+00 5.223e+00
1.000e+01 5.725e+00
1.250e+01 6.922e+00
1.500e+01 8.046e+00
1.750e+01 9.108e+00
2.000e+01 1.011e+01
