# PRASEODYMIUM from NIST Database
6.710e+00 1.156e+00
1.000e-02 6.144e-04
1.250e-02 8.742e-04
1.500e-02 1.171e-03
1.750e-02 1.503e-03
2.000e-02 1.869e-03
2.500e-02 2.697e-03
3.000e-02 3.646e-03
3.500e-02 4.710e-03
4.000e-02 5.882e-03
4.500e-02 7.157e-03
5.000e-02 8.529e-03
5.500e-02 9.994e-03
6.000e-02 1.155e-02
7.000e-02 1.491e-02
8.000e-02 1.858e-02
9.000e-02 2.255e-02
1.000e-01 2.678e-02
1.250e-01 3.843e-02
1.500e-01 5.138e-02
1.750e-01 6.546e-02
2.000e-01 8.048e-02
2.500e-01 1.129e-01
3.000e-01 1.477e-01
3.500e-01 1.844e-01
4.000e-01 2.225e-01
4.500e-01 2.617e-01
5.000e-01 3.016e-01
5.500e-01 3.422e-01
6.000e-01 3.832e-01
7.000e-01 4.661e-01
8.000e-01 5.497e-01
9.000e-01 6.333e-01
1.000e+00 7.168e-01
1.250e+00 9.237e-01
1.500e+00 1.127e+00
1.750e+00 1.325e+00
2.000e+00 1.519e+00
2.500e+00 1.892e+00
3.000e+00 2.249e+00
3.500e+00 2.590e+00
4.000e+00 2.916e+00
4.500e+00 3.230e+00
5.000e+00 3.532e+00
5.500e+00 3.823e+00
6.000e+00 4.104e+00
7.000e+00 4.639e+00
8.000e+00 5.142e+00
9.000e+00 5.616e+00
1.000e+01 6.064e+00
1.250e+01 7.090e+00
1.500e+01 8.004e+00
1.750e+01 8.828e+00
2.000e+01 9.578e+00
