# PROPANE from NIST Database
1.879e-03 2.429e+04
1.000e-02 2.142e-04
1.250e-02 3.190e-04
1.500e-02 4.418e-04
1.750e-02 5.820e-04
2.000e-02 7.390e-04
2.500e-02 1.101e-03
3.000e-02 1.525e-03
3.500e-02 2.006e-03
4.000e-02 2.543e-03
4.500e-02 3.133e-03
5.000e-02 3.774e-03
5.500e-02 4.464e-03
6.000e-02 5.201e-03
7.000e-02 6.808e-03
8.000e-02 8.583e-03
9.000e-02 1.051e-02
1.000e-01 1.259e-02
1.250e-01 1.837e-02
1.500e-01 2.489e-02
1.750e-01 3.203e-02
2.000e-01 3.973e-02
2.500e-01 5.652e-02
3.000e-01 7.479e-02
3.500e-01 9.423e-02
4.000e-01 1.146e-01
4.500e-01 1.357e-01
5.000e-01 1.574e-01
5.500e-01 1.795e-01
6.000e-01 2.021e-01
7.000e-01 2.480e-01
8.000e-01 2.948e-01
9.000e-01 3.421e-01
1.000e+00 3.898e-01
1.250e+00 5.095e-01
1.500e+00 6.293e-01
1.750e+00 7.484e-01
2.000e+00 8.666e-01
2.500e+00 1.100e+00
3.000e+00 1.330e+00
3.500e+00 1.555e+00
4.000e+00 1.777e+00
4.500e+00 1.996e+00
5.000e+00 2.211e+00
5.500e+00 2.424e+00
6.000e+00 2.634e+00
7.000e+00 3.047e+00
8.000e+00 3.452e+00
9.000e+00 3.849e+00
1.000e+01 4.239e+00
1.250e+01 5.187e+00
1.500e+01 6.102e+00
1.750e+01 6.989e+00
2.000e+01 7.853e+00
