# PROPANE, LIQUID from NIST Database
4.300e-01 9.204e+01
1.000e-02 2.186e-04
1.250e-02 3.253e-04
1.500e-02 4.502e-04
1.750e-02 5.928e-04
2.000e-02 7.524e-04
2.500e-02 1.120e-03
3.000e-02 1.550e-03
3.500e-02 2.039e-03
4.000e-02 2.584e-03
4.500e-02 3.183e-03
5.000e-02 3.833e-03
5.500e-02 4.532e-03
6.000e-02 5.279e-03
7.000e-02 6.909e-03
8.000e-02 8.708e-03
9.000e-02 1.067e-02
1.000e-01 1.277e-02
1.250e-01 1.862e-02
1.500e-01 2.522e-02
1.750e-01 3.245e-02
2.000e-01 4.025e-02
2.500e-01 5.723e-02
3.000e-01 7.571e-02
3.500e-01 9.537e-02
4.000e-01 1.160e-01
4.500e-01 1.373e-01
5.000e-01 1.592e-01
5.500e-01 1.816e-01
6.000e-01 2.044e-01
7.000e-01 2.508e-01
8.000e-01 2.982e-01
9.000e-01 3.462e-01
1.000e+00 3.947e-01
1.250e+00 5.171e-01
1.500e+00 6.402e-01
1.750e+00 7.634e-01
2.000e+00 8.864e-01
2.500e+00 1.131e+00
3.000e+00 1.374e+00
3.500e+00 1.614e+00
4.000e+00 1.852e+00
4.500e+00 2.088e+00
5.000e+00 2.321e+00
5.500e+00 2.553e+00
6.000e+00 2.783e+00
7.000e+00 3.237e+00
8.000e+00 3.685e+00
9.000e+00 4.126e+00
1.000e+01 4.562e+00
1.250e+01 5.628e+00
1.500e+01 6.665e+00
1.750e+01 7.675e+00
2.000e+01 8.660e+00
