# PLATINUM from NIST Database
2.145e+01 3.051e-01
1.000e-02 7.944e-04
1.250e-02 1.104e-03
1.500e-02 1.455e-03
1.750e-02 1.845e-03
2.000e-02 2.273e-03
2.500e-02 3.236e-03
3.000e-02 4.334e-03
3.500e-02 5.559e-03
4.000e-02 6.904e-03
4.500e-02 8.362e-03
5.000e-02 9.927e-03
5.500e-02 1.160e-02
6.000e-02 1.336e-02
7.000e-02 1.717e-02
8.000e-02 2.132e-02
9.000e-02 2.579e-02
1.000e-01 3.055e-02
1.250e-01 4.360e-02
1.500e-01 5.807e-02
1.750e-01 7.374e-02
2.000e-01 9.042e-02
2.500e-01 1.262e-01
3.000e-01 1.646e-01
3.500e-01 2.049e-01
4.000e-01 2.466e-01
4.500e-01 2.893e-01
5.000e-01 3.328e-01
5.500e-01 3.768e-01
6.000e-01 4.213e-01
7.000e-01 5.109e-01
8.000e-01 6.008e-01
9.000e-01 6.906e-01
1.000e+00 7.800e-01
1.250e+00 1.001e+00
1.500e+00 1.216e+00
1.750e+00 1.425e+00
2.000e+00 1.629e+00
2.500e+00 2.019e+00
3.000e+00 2.389e+00
3.500e+00 2.740e+00
4.000e+00 3.074e+00
4.500e+00 3.393e+00
5.000e+00 3.699e+00
5.500e+00 3.992e+00
6.000e+00 4.274e+00
7.000e+00 4.806e+00
8.000e+00 5.302e+00
9.000e+00 5.767e+00
1.000e+01 6.203e+00
1.250e+01 7.191e+00
1.500e+01 8.061e+00
1.750e+01 8.837e+00
2.000e+01 9.537e+00
