# PLUTONIUM from NIST Database
1.984e+01 2.989e-01
1.000e-02 9.105e-04
1.250e-02 1.244e-03
1.500e-02 1.620e-03
1.750e-02 2.037e-03
2.000e-02 2.493e-03
2.500e-02 3.517e-03
3.000e-02 4.681e-03
3.500e-02 5.978e-03
4.000e-02 7.399e-03
4.500e-02 8.937e-03
5.000e-02 1.059e-02
5.500e-02 1.234e-02
6.000e-02 1.420e-02
7.000e-02 1.820e-02
8.000e-02 2.256e-02
9.000e-02 2.724e-02
1.000e-01 3.223e-02
1.250e-01 4.586e-02
1.500e-01 6.094e-02
1.750e-01 7.723e-02
2.000e-01 9.454e-02
2.500e-01 1.316e-01
3.000e-01 1.712e-01
3.500e-01 2.127e-01
4.000e-01 2.555e-01
4.500e-01 2.993e-01
5.000e-01 3.438e-01
5.500e-01 3.887e-01
6.000e-01 4.340e-01
7.000e-01 5.250e-01
8.000e-01 6.162e-01
9.000e-01 7.069e-01
1.000e+00 7.970e-01
1.250e+00 1.018e+00
1.500e+00 1.233e+00
1.750e+00 1.441e+00
2.000e+00 1.643e+00
2.500e+00 2.028e+00
3.000e+00 2.390e+00
3.500e+00 2.733e+00
4.000e+00 3.058e+00
4.500e+00 3.367e+00
5.000e+00 3.662e+00
5.500e+00 3.944e+00
6.000e+00 4.215e+00
7.000e+00 4.724e+00
8.000e+00 5.196e+00
9.000e+00 5.636e+00
1.000e+01 6.049e+00
1.250e+01 6.979e+00
1.500e+01 7.792e+00
1.750e+01 8.515e+00
2.000e+01 9.164e+00
