# PYRIDINE from NIST Database
9.819e-01 4.342e+01
1.000e-02 2.557e-04
1.250e-02 3.795e-04
1.500e-02 5.244e-04
1.750e-02 6.895e-04
2.000e-02 8.741e-04
2.500e-02 1.299e-03
3.000e-02 1.795e-03
3.500e-02 2.359e-03
4.000e-02 2.987e-03
4.500e-02 3.676e-03
5.000e-02 4.424e-03
5.500e-02 5.228e-03
6.000e-02 6.087e-03
7.000e-02 7.958e-03
8.000e-02 1.002e-02
9.000e-02 1.227e-02
1.000e-01 1.468e-02
1.250e-01 2.139e-02
1.500e-01 2.894e-02
1.750e-01 3.722e-02
2.000e-01 4.613e-02
2.500e-01 6.554e-02
3.000e-01 8.665e-02
3.500e-01 1.091e-01
4.000e-01 1.326e-01
4.500e-01 1.569e-01
5.000e-01 1.819e-01
5.500e-01 2.075e-01
6.000e-01 2.336e-01
7.000e-01 2.869e-01
8.000e-01 3.413e-01
9.000e-01 3.965e-01
1.000e+00 4.522e-01
1.250e+00 5.928e-01
1.500e+00 7.343e-01
1.750e+00 8.758e-01
2.000e+00 1.017e+00
2.500e+00 1.298e+00
3.000e+00 1.575e+00
3.500e+00 1.850e+00
4.000e+00 2.122e+00
4.500e+00 2.391e+00
5.000e+00 2.657e+00
5.500e+00 2.921e+00
6.000e+00 3.182e+00
7.000e+00 3.698e+00
8.000e+00 4.204e+00
9.000e+00 4.704e+00
1.000e+01 5.195e+00
1.250e+01 6.395e+00
1.500e+01 7.556e+00
1.750e+01 8.684e+00
2.000e+01 9.780e+00
