# RADIUM from NIST Database
5.000e+00 1.230e+00
1.000e-02 8.412e-04
1.250e-02 1.164e-03
1.500e-02 1.530e-03
1.750e-02 1.936e-03
2.000e-02 2.381e-03
2.500e-02 3.382e-03
3.000e-02 4.523e-03
3.500e-02 5.794e-03
4.000e-02 7.188e-03
4.500e-02 8.699e-03
5.000e-02 1.032e-02
5.500e-02 1.205e-02
6.000e-02 1.388e-02
7.000e-02 1.781e-02
8.000e-02 2.211e-02
9.000e-02 2.672e-02
1.000e-01 3.163e-02
1.250e-01 4.508e-02
1.500e-01 5.996e-02
1.750e-01 7.605e-02
2.000e-01 9.315e-02
2.500e-01 1.298e-01
3.000e-01 1.690e-01
3.500e-01 2.100e-01
4.000e-01 2.524e-01
4.500e-01 2.957e-01
5.000e-01 3.398e-01
5.500e-01 3.843e-01
6.000e-01 4.292e-01
7.000e-01 5.195e-01
8.000e-01 6.099e-01
9.000e-01 6.999e-01
1.000e+00 7.894e-01
1.250e+00 1.009e+00
1.500e+00 1.223e+00
1.750e+00 1.430e+00
2.000e+00 1.631e+00
2.500e+00 2.014e+00
3.000e+00 2.376e+00
3.500e+00 2.718e+00
4.000e+00 3.043e+00
4.500e+00 3.353e+00
5.000e+00 3.649e+00
5.500e+00 3.932e+00
6.000e+00 4.204e+00
7.000e+00 4.717e+00
8.000e+00 5.194e+00
9.000e+00 5.639e+00
1.000e+01 6.057e+00
1.250e+01 7.002e+00
1.500e+01 7.831e+00
1.750e+01 8.570e+00
2.000e+01 9.236e+00
