# RUBIDIUM from NIST Database
1.532e+00 7.198e+00
1.000e-02 5.065e-04
1.250e-02 7.306e-04
1.500e-02 9.882e-04
1.750e-02 1.278e-03
2.000e-02 1.598e-03
2.500e-02 2.327e-03
3.000e-02 3.166e-03
3.500e-02 4.110e-03
4.000e-02 5.153e-03
4.500e-02 6.289e-03
5.000e-02 7.516e-03
5.500e-02 8.828e-03
6.000e-02 1.022e-02
7.000e-02 1.324e-02
8.000e-02 1.655e-02
9.000e-02 2.013e-02
1.000e-01 2.396e-02
1.250e-01 3.452e-02
1.500e-01 4.631e-02
1.750e-01 5.915e-02
2.000e-01 7.288e-02
2.500e-01 1.026e-01
3.000e-01 1.346e-01
3.500e-01 1.684e-01
4.000e-01 2.036e-01
4.500e-01 2.399e-01
5.000e-01 2.770e-01
5.500e-01 3.146e-01
6.000e-01 3.528e-01
7.000e-01 4.301e-01
8.000e-01 5.083e-01
9.000e-01 5.867e-01
1.000e+00 6.652e-01
1.250e+00 8.606e-01
1.500e+00 1.053e+00
1.750e+00 1.243e+00
2.000e+00 1.429e+00
2.500e+00 1.791e+00
3.000e+00 2.140e+00
3.500e+00 2.477e+00
4.000e+00 2.802e+00
4.500e+00 3.118e+00
5.000e+00 3.424e+00
5.500e+00 3.721e+00
6.000e+00 4.011e+00
7.000e+00 4.567e+00
8.000e+00 5.097e+00
9.000e+00 5.603e+00
1.000e+01 6.087e+00
1.250e+01 7.215e+00
1.500e+01 8.242e+00
1.750e+01 9.186e+00
2.000e+01 1.006e+01
