# RHENIUM from NIST Database
2.102e+01 3.183e-01
1.000e-02 7.541e-04
1.250e-02 1.054e-03
1.500e-02 1.394e-03
1.750e-02 1.773e-03
2.000e-02 2.189e-03
2.500e-02 3.127e-03
3.000e-02 4.197e-03
3.500e-02 5.391e-03
4.000e-02 6.703e-03
4.500e-02 8.127e-03
5.000e-02 9.656e-03
5.500e-02 1.129e-02
6.000e-02 1.301e-02
7.000e-02 1.674e-02
8.000e-02 2.080e-02
9.000e-02 2.518e-02
1.000e-01 2.984e-02
1.250e-01 4.263e-02
1.500e-01 5.682e-02
1.750e-01 7.219e-02
2.000e-01 8.856e-02
2.500e-01 1.238e-01
3.000e-01 1.615e-01
3.500e-01 2.011e-01
4.000e-01 2.422e-01
4.500e-01 2.843e-01
5.000e-01 3.271e-01
5.500e-01 3.706e-01
6.000e-01 4.145e-01
7.000e-01 5.030e-01
8.000e-01 5.920e-01
9.000e-01 6.810e-01
1.000e+00 7.696e-01
1.250e+00 9.885e-01
1.500e+00 1.202e+00
1.750e+00 1.411e+00
2.000e+00 1.613e+00
2.500e+00 2.003e+00
3.000e+00 2.372e+00
3.500e+00 2.723e+00
4.000e+00 3.057e+00
4.500e+00 3.377e+00
5.000e+00 3.683e+00
5.500e+00 3.977e+00
6.000e+00 4.260e+00
7.000e+00 4.794e+00
8.000e+00 5.292e+00
9.000e+00 5.759e+00
1.000e+01 6.198e+00
1.250e+01 7.194e+00
1.500e+01 8.072e+00
1.750e+01 8.855e+00
2.000e+01 9.563e+00
