# RHODIUM from NIST Database
1.241e+01 7.466e-01
1.000e-02 5.452e-04
1.250e-02 7.811e-04
1.500e-02 1.051e-03
1.750e-02 1.355e-03
2.000e-02 1.689e-03
2.500e-02 2.449e-03
3.000e-02 3.322e-03
3.500e-02 4.302e-03
4.000e-02 5.383e-03
4.500e-02 6.560e-03
5.000e-02 7.829e-03
5.500e-02 9.186e-03
6.000e-02 1.063e-02
7.000e-02 1.374e-02
8.000e-02 1.716e-02
9.000e-02 2.085e-02
1.000e-01 2.480e-02
1.250e-01 3.567e-02
1.500e-01 4.780e-02
1.750e-01 6.101e-02
2.000e-01 7.513e-02
2.500e-01 1.057e-01
3.000e-01 1.386e-01
3.500e-01 1.734e-01
4.000e-01 2.095e-01
4.500e-01 2.468e-01
5.000e-01 2.849e-01
5.500e-01 3.236e-01
6.000e-01 3.629e-01
7.000e-01 4.424e-01
8.000e-01 5.227e-01
9.000e-01 6.033e-01
1.000e+00 6.841e-01
1.250e+00 8.848e-01
1.500e+00 1.083e+00
1.750e+00 1.277e+00
2.000e+00 1.468e+00
2.500e+00 1.837e+00
3.000e+00 2.193e+00
3.500e+00 2.535e+00
4.000e+00 2.864e+00
4.500e+00 3.182e+00
5.000e+00 3.490e+00
5.500e+00 3.788e+00
6.000e+00 4.077e+00
7.000e+00 4.631e+00
8.000e+00 5.155e+00
9.000e+00 5.652e+00
1.000e+01 6.125e+00
1.250e+01 7.219e+00
1.500e+01 8.205e+00
1.750e+01 9.102e+00
2.000e+01 9.924e+00
