# RADON from NIST Database
9.066e-03 6.932e+02
1.000e-02 8.226e-04
1.250e-02 1.143e-03
1.500e-02 1.506e-03
1.750e-02 1.909e-03
2.000e-02 2.351e-03
2.500e-02 3.346e-03
3.000e-02 4.480e-03
3.500e-02 5.744e-03
4.000e-02 7.132e-03
4.500e-02 8.636e-03
5.000e-02 1.025e-02
5.500e-02 1.197e-02
6.000e-02 1.379e-02
7.000e-02 1.772e-02
8.000e-02 2.199e-02
9.000e-02 2.660e-02
1.000e-01 3.150e-02
1.250e-01 4.491e-02
1.500e-01 5.976e-02
1.750e-01 7.582e-02
2.000e-01 9.290e-02
2.500e-01 1.295e-01
3.000e-01 1.687e-01
3.500e-01 2.097e-01
4.000e-01 2.520e-01
4.500e-01 2.953e-01
5.000e-01 3.394e-01
5.500e-01 3.839e-01
6.000e-01 4.288e-01
7.000e-01 5.190e-01
8.000e-01 6.094e-01
9.000e-01 6.994e-01
1.000e+00 7.888e-01
1.250e+00 1.008e+00
1.500e+00 1.222e+00
1.750e+00 1.428e+00
2.000e+00 1.628e+00
2.500e+00 2.010e+00
3.000e+00 2.370e+00
3.500e+00 2.710e+00
4.000e+00 3.033e+00
4.500e+00 3.340e+00
5.000e+00 3.633e+00
5.500e+00 3.914e+00
6.000e+00 4.183e+00
7.000e+00 4.690e+00
8.000e+00 5.161e+00
9.000e+00 5.601e+00
1.000e+01 6.014e+00
1.250e+01 6.947e+00
1.500e+01 7.766e+00
1.750e+01 8.497e+00
2.000e+01 9.155e+00
