# RUBBER, NATURAL from NIST Database
9.200e-01 4.825e+01
1.000e-02 2.380e-04
1.250e-02 3.537e-04
1.500e-02 4.891e-04
1.750e-02 6.434e-04
2.000e-02 8.161e-04
2.500e-02 1.214e-03
3.000e-02 1.679e-03
3.500e-02 2.207e-03
4.000e-02 2.795e-03
4.500e-02 3.441e-03
5.000e-02 4.142e-03
5.500e-02 4.896e-03
6.000e-02 5.702e-03
7.000e-02 7.458e-03
8.000e-02 9.396e-03
9.000e-02 1.150e-02
1.000e-01 1.377e-02
1.250e-01 2.007e-02
1.500e-01 2.716e-02
1.750e-01 3.495e-02
2.000e-01 4.332e-02
2.500e-01 6.157e-02
3.000e-01 8.143e-02
3.500e-01 1.025e-01
4.000e-01 1.246e-01
4.500e-01 1.476e-01
5.000e-01 1.712e-01
5.500e-01 1.953e-01
6.000e-01 2.199e-01
7.000e-01 2.701e-01
8.000e-01 3.215e-01
9.000e-01 3.735e-01
1.000e+00 4.262e-01
1.250e+00 5.590e-01
1.500e+00 6.928e-01
1.750e+00 8.268e-01
2.000e+00 9.604e-01
2.500e+00 1.226e+00
3.000e+00 1.490e+00
3.500e+00 1.750e+00
4.000e+00 2.009e+00
4.500e+00 2.264e+00
5.000e+00 2.517e+00
5.500e+00 2.768e+00
6.000e+00 3.017e+00
7.000e+00 3.508e+00
8.000e+00 3.991e+00
9.000e+00 4.468e+00
1.000e+01 4.938e+00
1.250e+01 6.086e+00
1.500e+01 7.200e+00
1.750e+01 8.283e+00
2.000e+01 9.339e+00
