# RUBBER, NEOPRENE from NIST Database
1.230e+00 2.365e+01
1.000e-02 2.825e-04
1.250e-02 4.178e-04
1.500e-02 5.756e-04
1.750e-02 7.552e-04
2.000e-02 9.555e-04
2.500e-02 1.416e-03
3.000e-02 1.953e-03
3.500e-02 2.561e-03
4.000e-02 3.238e-03
4.500e-02 3.981e-03
5.000e-02 4.786e-03
5.500e-02 5.651e-03
6.000e-02 6.574e-03
7.000e-02 8.583e-03
8.000e-02 1.080e-02
9.000e-02 1.321e-02
1.000e-01 1.579e-02
1.250e-01 2.296e-02
1.500e-01 3.103e-02
1.750e-01 3.987e-02
2.000e-01 4.937e-02
2.500e-01 7.004e-02
3.000e-01 9.249e-02
3.500e-01 1.163e-01
4.000e-01 1.413e-01
4.500e-01 1.671e-01
5.000e-01 1.937e-01
5.500e-01 2.208e-01
6.000e-01 2.484e-01
7.000e-01 3.048e-01
8.000e-01 3.623e-01
9.000e-01 4.205e-01
1.000e+00 4.792e-01
1.250e+00 6.272e-01
1.500e+00 7.756e-01
1.750e+00 9.237e-01
2.000e+00 1.071e+00
2.500e+00 1.363e+00
3.000e+00 1.651e+00
3.500e+00 1.935e+00
4.000e+00 2.214e+00
4.500e+00 2.490e+00
5.000e+00 2.762e+00
5.500e+00 3.031e+00
6.000e+00 3.297e+00
7.000e+00 3.818e+00
8.000e+00 4.329e+00
9.000e+00 4.828e+00
1.000e+01 5.319e+00
1.250e+01 6.505e+00
1.500e+01 7.642e+00
1.750e+01 8.734e+00
2.000e+01 9.785e+00
