# RUBBER, BUTYL from NIST Database
9.200e-01 4.867e+01
1.000e-02 2.300e-04
1.250e-02 3.419e-04
1.500e-02 4.730e-04
1.750e-02 6.225e-04
2.000e-02 7.898e-04
2.500e-02 1.175e-03
3.000e-02 1.626e-03
3.500e-02 2.138e-03
4.000e-02 2.708e-03
4.500e-02 3.335e-03
5.000e-02 4.015e-03
5.500e-02 4.747e-03
6.000e-02 5.528e-03
7.000e-02 7.232e-03
8.000e-02 9.113e-03
9.000e-02 1.116e-02
1.000e-01 1.336e-02
1.250e-01 1.947e-02
1.500e-01 2.636e-02
1.750e-01 3.392e-02
2.000e-01 4.206e-02
2.500e-01 5.979e-02
3.000e-01 7.908e-02
3.500e-01 9.959e-02
4.000e-01 1.211e-01
4.500e-01 1.434e-01
5.000e-01 1.663e-01
5.500e-01 1.899e-01
6.000e-01 2.138e-01
7.000e-01 2.628e-01
8.000e-01 3.128e-01
9.000e-01 3.635e-01
1.000e+00 4.148e-01
1.250e+00 5.444e-01
1.500e+00 6.749e-01
1.750e+00 8.057e-01
2.000e+00 9.362e-01
2.500e+00 1.196e+00
3.000e+00 1.453e+00
3.500e+00 1.708e+00
4.000e+00 1.960e+00
4.500e+00 2.210e+00
5.000e+00 2.458e+00
5.500e+00 2.703e+00
6.000e+00 2.947e+00
7.000e+00 3.427e+00
8.000e+00 3.901e+00
9.000e+00 4.368e+00
1.000e+01 4.828e+00
1.250e+01 5.954e+00
1.500e+01 7.047e+00
1.750e+01 8.111e+00
2.000e+01 9.148e+00
