# SULFUR from NIST Database
2.000e+00 9.748e+00
1.000e-02 3.497e-04
1.250e-02 5.123e-04
1.500e-02 7.009e-04
1.750e-02 9.145e-04
2.000e-02 1.152e-03
2.500e-02 1.695e-03
3.000e-02 2.326e-03
3.500e-02 3.038e-03
4.000e-02 3.828e-03
4.500e-02 4.693e-03
5.000e-02 5.628e-03
5.500e-02 6.632e-03
6.000e-02 7.701e-03
7.000e-02 1.002e-02
8.000e-02 1.258e-02
9.000e-02 1.535e-02
1.000e-01 1.833e-02
1.250e-01 2.656e-02
1.500e-01 3.580e-02
1.750e-01 4.590e-02
2.000e-01 5.674e-02
2.500e-01 8.030e-02
3.000e-01 1.059e-01
3.500e-01 1.330e-01
4.000e-01 1.613e-01
4.500e-01 1.906e-01
5.000e-01 2.207e-01
5.500e-01 2.514e-01
6.000e-01 2.826e-01
7.000e-01 3.461e-01
8.000e-01 4.106e-01
9.000e-01 4.758e-01
1.000e+00 5.413e-01
1.250e+00 7.057e-01
1.500e+00 8.696e-01
1.750e+00 1.032e+00
2.000e+00 1.193e+00
2.500e+00 1.510e+00
3.000e+00 1.820e+00
3.500e+00 2.124e+00
4.000e+00 2.420e+00
4.500e+00 2.712e+00
5.000e+00 2.997e+00
5.500e+00 3.278e+00
6.000e+00 3.553e+00
7.000e+00 4.091e+00
8.000e+00 4.613e+00
9.000e+00 5.119e+00
1.000e+01 5.612e+00
1.250e+01 6.791e+00
1.500e+01 7.902e+00
1.750e+01 8.952e+00
2.000e+01 9.950e+00
