# ANTIMONY from NIST Database
6.691e+00 1.304e+00
1.000e-02 5.889e-04
1.250e-02 8.412e-04
1.500e-02 1.130e-03
1.750e-02 1.453e-03
2.000e-02 1.810e-03
2.500e-02 2.618e-03
3.000e-02 3.546e-03
3.500e-02 4.587e-03
4.000e-02 5.734e-03
4.500e-02 6.982e-03
5.000e-02 8.327e-03
5.500e-02 9.764e-03
6.000e-02 1.129e-02
7.000e-02 1.459e-02
8.000e-02 1.820e-02
9.000e-02 2.209e-02
1.000e-01 2.625e-02
1.250e-01 3.771e-02
1.500e-01 5.047e-02
1.750e-01 6.433e-02
2.000e-01 7.915e-02
2.500e-01 1.111e-01
3.000e-01 1.455e-01
3.500e-01 1.818e-01
4.000e-01 2.195e-01
4.500e-01 2.582e-01
5.000e-01 2.978e-01
5.500e-01 3.381e-01
6.000e-01 3.787e-01
7.000e-01 4.611e-01
8.000e-01 5.441e-01
9.000e-01 6.275e-01
1.000e+00 7.107e-01
1.250e+00 9.173e-01
1.500e+00 1.121e+00
1.750e+00 1.320e+00
2.000e+00 1.515e+00
2.500e+00 1.892e+00
3.000e+00 2.254e+00
3.500e+00 2.601e+00
4.000e+00 2.935e+00
4.500e+00 3.256e+00
5.000e+00 3.567e+00
5.500e+00 3.866e+00
6.000e+00 4.157e+00
7.000e+00 4.711e+00
8.000e+00 5.233e+00
9.000e+00 5.728e+00
1.000e+01 6.198e+00
1.250e+01 7.278e+00
1.500e+01 8.246e+00
1.750e+01 9.124e+00
2.000e+01 9.926e+00
