# SCANDIUM from NIST Database
2.989e+00 5.535e+00
1.000e-02 3.943e-04
1.250e-02 5.757e-04
1.500e-02 7.857e-04
1.750e-02 1.023e-03
2.000e-02 1.287e-03
2.500e-02 1.889e-03
3.000e-02 2.587e-03
3.500e-02 3.374e-03
4.000e-02 4.247e-03
4.500e-02 5.201e-03
5.000e-02 6.233e-03
5.500e-02 7.339e-03
6.000e-02 8.517e-03
7.000e-02 1.107e-02
8.000e-02 1.388e-02
9.000e-02 1.693e-02
1.000e-01 2.020e-02
1.250e-01 2.923e-02
1.500e-01 3.935e-02
1.750e-01 5.041e-02
2.000e-01 6.227e-02
2.500e-01 8.800e-02
3.000e-01 1.159e-01
3.500e-01 1.454e-01
4.000e-01 1.763e-01
4.500e-01 2.081e-01
5.000e-01 2.408e-01
5.500e-01 2.741e-01
6.000e-01 3.079e-01
7.000e-01 3.767e-01
8.000e-01 4.465e-01
9.000e-01 5.169e-01
1.000e+00 5.876e-01
1.250e+00 7.647e-01
1.500e+00 9.411e-01
1.750e+00 1.116e+00
2.000e+00 1.289e+00
2.500e+00 1.628e+00
3.000e+00 1.960e+00
3.500e+00 2.283e+00
4.000e+00 2.599e+00
4.500e+00 2.908e+00
5.000e+00 3.211e+00
5.500e+00 3.507e+00
6.000e+00 3.798e+00
7.000e+00 4.363e+00
8.000e+00 4.908e+00
9.000e+00 5.435e+00
1.000e+01 5.945e+00
1.250e+01 7.155e+00
1.500e+01 8.284e+00
1.750e+01 9.341e+00
2.000e+01 1.034e+01
