# SELENIUM from NIST Database
4.500e+00 2.646e+00
1.000e-02 5.014e-04
1.250e-02 7.241e-04
1.500e-02 9.802e-04
1.750e-02 1.268e-03
2.000e-02 1.587e-03
2.500e-02 2.313e-03
3.000e-02 3.149e-03
3.500e-02 4.090e-03
4.000e-02 5.129e-03
4.500e-02 6.263e-03
5.000e-02 7.486e-03
5.500e-02 8.796e-03
6.000e-02 1.019e-02
7.000e-02 1.320e-02
8.000e-02 1.651e-02
9.000e-02 2.009e-02
1.000e-01 2.391e-02
1.250e-01 3.447e-02
1.500e-01 4.626e-02
1.750e-01 5.911e-02
2.000e-01 7.287e-02
2.500e-01 1.026e-01
3.000e-01 1.348e-01
3.500e-01 1.687e-01
4.000e-01 2.041e-01
4.500e-01 2.406e-01
5.000e-01 2.779e-01
5.500e-01 3.159e-01
6.000e-01 3.543e-01
7.000e-01 4.324e-01
8.000e-01 5.113e-01
9.000e-01 5.907e-01
1.000e+00 6.702e-01
1.250e+00 8.684e-01
1.500e+00 1.064e+00
1.750e+00 1.258e+00
2.000e+00 1.447e+00
2.500e+00 1.818e+00
3.000e+00 2.176e+00
3.500e+00 2.522e+00
4.000e+00 2.859e+00
4.500e+00 3.185e+00
5.000e+00 3.503e+00
5.500e+00 3.812e+00
6.000e+00 4.113e+00
7.000e+00 4.693e+00
8.000e+00 5.248e+00
9.000e+00 5.778e+00
1.000e+01 6.286e+00
1.250e+01 7.474e+00
1.500e+01 8.558e+00
1.750e+01 9.557e+00
2.000e+01 1.048e+01
