2.330E+00 9.370E+00
1.000E-02 3.461E-04
1.250E-02 5.074E-04
1.500E-02 6.946E-04
1.750E-02 9.065E-04
2.000E-02 1.142E-03
2.500E-02 1.682E-03
3.000E-02 2.308E-03
3.500E-02 3.016E-03
4.000E-02 3.802E-03
4.500E-02 4.661E-03
5.000E-02 5.592E-03
5.500E-02 6.590E-03
6.000E-02 7.653E-03
7.000E-02 9.964E-03
8.000E-02 1.251E-02
9.000E-02 1.526E-02
1.000E-01 1.822E-02
1.250E-01 2.642E-02
1.500E-01 3.561E-02
1.750E-01 4.566E-02
2.000E-01 5.646E-02
2.500E-01 7.991E-02
3.000E-01 1.054E-01
3.500E-01 1.323E-01
4.000E-01 1.606E-01
4.500E-01 1.897E-01
5.000E-01 2.197E-01
5.500E-01 2.502E-01
6.000E-01 2.812E-01
7.000E-01 3.444E-01
8.000E-01 4.086E-01
9.000E-01 4.734E-01
1.000E+00 5.386E-01
1.250E+00 7.022E-01
1.500E+00 8.652E-01
1.750E+00 1.027E+00
2.000E+00 1.188E+00
2.500E+00 1.503E+00
3.000E+00 1.812E+00
3.500E+00 2.115E+00
4.000E+00 2.412E+00
4.500E+00 2.704E+00
5.000E+00 2.991E+00
5.500E+00 3.273E+00
6.000E+00 3.551E+00
7.000E+00 4.095E+00
8.000E+00 4.624E+00
9.000E+00 5.139E+00
1.000E+01 5.642E+00
1.250E+01 6.849E+00
1.500E+01 7.992E+00
1.750E+01 9.078E+00
2.000E+01 1.011E+01
2.500E+01 1.205E+01
