# SILICON DIOXIDE from NIST Database
2.320e+00 1.229e+01
1.000e-02 3.255e-04
1.250e-02 4.788e-04
1.500e-02 6.570e-04
1.750e-02 8.592e-04
2.000e-02 1.084e-03
2.500e-02 1.601e-03
3.000e-02 2.201e-03
3.500e-02 2.880e-03
4.000e-02 3.634e-03
4.500e-02 4.460e-03
5.000e-02 5.355e-03
5.500e-02 6.315e-03
6.000e-02 7.338e-03
7.000e-02 9.564e-03
8.000e-02 1.201e-02
9.000e-02 1.467e-02
1.000e-01 1.753e-02
1.250e-01 2.544e-02
1.500e-01 3.432e-02
1.750e-01 4.403e-02
2.000e-01 5.446e-02
2.500e-01 7.713e-02
3.000e-01 1.017e-01
3.500e-01 1.278e-01
4.000e-01 1.550e-01
4.500e-01 1.832e-01
5.000e-01 2.122e-01
5.500e-01 2.417e-01
6.000e-01 2.718e-01
7.000e-01 3.331e-01
8.000e-01 3.954e-01
9.000e-01 4.585e-01
1.000e+00 5.220e-01
1.250e+00 6.817e-01
1.500e+00 8.416e-01
1.750e+00 1.001e+00
2.000e+00 1.159e+00
2.500e+00 1.472e+00
3.000e+00 1.780e+00
3.500e+00 2.082e+00
4.000e+00 2.380e+00
4.500e+00 2.674e+00
5.000e+00 2.963e+00
5.500e+00 3.248e+00
6.000e+00 3.530e+00
7.000e+00 4.082e+00
8.000e+00 4.622e+00
9.000e+00 5.150e+00
1.000e+01 5.666e+00
1.250e+01 6.912e+00
1.500e+01 8.101e+00
1.750e+01 9.238e+00
2.000e+01 1.033e+01
