# SILVER IODIDE from NIST Database
6.010e+00 1.447e+00
1.000e-02 6.083e-04
1.250e-02 8.649e-04
1.500e-02 1.158e-03
1.750e-02 1.486e-03
2.000e-02 1.847e-03
2.500e-02 2.664e-03
3.000e-02 3.601e-03
3.500e-02 4.651e-03
4.000e-02 5.807e-03
4.500e-02 7.065e-03
5.000e-02 8.418e-03
5.500e-02 9.864e-03
6.000e-02 1.140e-02
7.000e-02 1.471e-02
8.000e-02 1.834e-02
9.000e-02 2.225e-02
1.000e-01 2.642e-02
1.250e-01 3.790e-02
1.500e-01 5.068e-02
1.750e-01 6.455e-02
2.000e-01 7.936e-02
2.500e-01 1.113e-01
3.000e-01 1.457e-01
3.500e-01 1.819e-01
4.000e-01 2.195e-01
4.500e-01 2.582e-01
5.000e-01 2.977e-01
5.500e-01 3.379e-01
6.000e-01 3.785e-01
7.000e-01 4.607e-01
8.000e-01 5.436e-01
9.000e-01 6.266e-01
1.000e+00 7.097e-01
1.250e+00 9.156e-01
1.500e+00 1.118e+00
1.750e+00 1.316e+00
2.000e+00 1.510e+00
2.500e+00 1.886e+00
3.000e+00 2.245e+00
3.500e+00 2.589e+00
4.000e+00 2.921e+00
4.500e+00 3.240e+00
5.000e+00 3.547e+00
5.500e+00 3.845e+00
6.000e+00 4.133e+00
7.000e+00 4.682e+00
8.000e+00 5.200e+00
9.000e+00 5.691e+00
1.000e+01 6.157e+00
1.250e+01 7.227e+00
1.500e+01 8.188e+00
1.750e+01 9.058e+00
2.000e+01 9.854e+00
