# SILVER BROMIDE from NIST Database
6.473e+00 1.525e+00
1.000e-02 5.647e-04
1.250e-02 8.066e-04
1.500e-02 1.083e-03
1.750e-02 1.394e-03
2.000e-02 1.736e-03
2.500e-02 2.511e-03
3.000e-02 3.401e-03
3.500e-02 4.400e-03
4.000e-02 5.501e-03
4.500e-02 6.699e-03
5.000e-02 7.989e-03
5.500e-02 9.368e-03
6.000e-02 1.083e-02
7.000e-02 1.400e-02
8.000e-02 1.746e-02
9.000e-02 2.120e-02
1.000e-01 2.520e-02
1.250e-01 3.620e-02
1.500e-01 4.846e-02
1.750e-01 6.178e-02
2.000e-01 7.602e-02
2.500e-01 1.067e-01
3.000e-01 1.398e-01
3.500e-01 1.748e-01
4.000e-01 2.111e-01
4.500e-01 2.485e-01
5.000e-01 2.867e-01
5.500e-01 3.256e-01
6.000e-01 3.649e-01
7.000e-01 4.446e-01
8.000e-01 5.251e-01
9.000e-01 6.059e-01
1.000e+00 6.868e-01
1.250e+00 8.878e-01
1.500e+00 1.086e+00
1.750e+00 1.281e+00
2.000e+00 1.472e+00
2.500e+00 1.842e+00
3.000e+00 2.198e+00
3.500e+00 2.542e+00
4.000e+00 2.873e+00
4.500e+00 3.193e+00
5.000e+00 3.503e+00
5.500e+00 3.803e+00
6.000e+00 4.095e+00
7.000e+00 4.654e+00
8.000e+00 5.184e+00
9.000e+00 5.688e+00
1.000e+01 6.169e+00
1.250e+01 7.282e+00
1.500e+01 8.288e+00
1.750e+01 9.207e+00
2.000e+01 1.005e+01
