# SILVER HALIDES IN PHOTOGRAPHIC EMULSION from NIST Database
6.470e+00 1.525e+00
1.000e-02 5.651e-04
1.250e-02 8.071e-04
1.500e-02 1.084e-03
1.750e-02 1.394e-03
2.000e-02 1.737e-03
2.500e-02 2.512e-03
3.000e-02 3.403e-03
3.500e-02 4.402e-03
4.000e-02 5.503e-03
4.500e-02 6.701e-03
5.000e-02 7.992e-03
5.500e-02 9.372e-03
6.000e-02 1.084e-02
7.000e-02 1.400e-02
8.000e-02 1.747e-02
9.000e-02 2.121e-02
1.000e-01 2.521e-02
1.250e-01 3.621e-02
1.500e-01 4.848e-02
1.750e-01 6.180e-02
2.000e-01 7.604e-02
2.500e-01 1.068e-01
3.000e-01 1.399e-01
3.500e-01 1.748e-01
4.000e-01 2.111e-01
4.500e-01 2.485e-01
5.000e-01 2.868e-01
5.500e-01 3.257e-01
6.000e-01 3.650e-01
7.000e-01 4.447e-01
8.000e-01 5.252e-01
9.000e-01 6.061e-01
1.000e+00 6.869e-01
1.250e+00 8.880e-01
1.500e+00 1.086e+00
1.750e+00 1.281e+00
2.000e+00 1.472e+00
2.500e+00 1.842e+00
3.000e+00 2.199e+00
3.500e+00 2.542e+00
4.000e+00 2.873e+00
4.500e+00 3.193e+00
5.000e+00 3.503e+00
5.500e+00 3.804e+00
6.000e+00 4.095e+00
7.000e+00 4.654e+00
8.000e+00 5.185e+00
9.000e+00 5.689e+00
1.000e+01 6.169e+00
1.250e+01 7.282e+00
1.500e+01 8.288e+00
1.750e+01 9.206e+00
2.000e+01 1.005e+01
