# SILVER CHLORIDE from NIST Database
5.560e+00 1.859e+00
1.000e-02 5.088e-04
1.250e-02 7.318e-04
1.500e-02 9.879e-04
1.750e-02 1.275e-03
2.000e-02 1.593e-03
2.500e-02 2.315e-03
3.000e-02 3.146e-03
3.500e-02 4.080e-03
4.000e-02 5.111e-03
4.500e-02 6.234e-03
5.000e-02 7.445e-03
5.500e-02 8.740e-03
6.000e-02 1.012e-02
7.000e-02 1.309e-02
8.000e-02 1.636e-02
9.000e-02 1.989e-02
1.000e-01 2.366e-02
1.250e-01 3.405e-02
1.500e-01 4.564e-02
1.750e-01 5.826e-02
2.000e-01 7.175e-02
2.500e-01 1.009e-01
3.000e-01 1.324e-01
3.500e-01 1.657e-01
4.000e-01 2.004e-01
4.500e-01 2.361e-01
5.000e-01 2.727e-01
5.500e-01 3.099e-01
6.000e-01 3.476e-01
7.000e-01 4.240e-01
8.000e-01 5.014e-01
9.000e-01 5.791e-01
1.000e+00 6.569e-01
1.250e+00 8.509e-01
1.500e+00 1.042e+00
1.750e+00 1.231e+00
2.000e+00 1.416e+00
2.500e+00 1.776e+00
3.000e+00 2.124e+00
3.500e+00 2.459e+00
4.000e+00 2.783e+00
4.500e+00 3.096e+00
5.000e+00 3.400e+00
5.500e+00 3.696e+00
6.000e+00 3.983e+00
7.000e+00 4.534e+00
8.000e+00 5.058e+00
9.000e+00 5.558e+00
1.000e+01 6.035e+00
1.250e+01 7.144e+00
1.500e+01 8.150e+00
1.750e+01 9.073e+00
2.000e+01 9.923e+00
