# SKIN (ICRP) from NIST Database
1.100e+00 3.425e+01
1.000e-02 2.523e-04
1.250e-02 3.742e-04
1.500e-02 5.167e-04
1.750e-02 6.790e-04
2.000e-02 8.603e-04
2.500e-02 1.278e-03
3.000e-02 1.765e-03
3.500e-02 2.318e-03
4.000e-02 2.934e-03
4.500e-02 3.609e-03
5.000e-02 4.342e-03
5.500e-02 5.131e-03
6.000e-02 5.972e-03
7.000e-02 7.805e-03
8.000e-02 9.828e-03
9.000e-02 1.203e-02
1.000e-01 1.439e-02
1.250e-01 2.095e-02
1.500e-01 2.834e-02
1.750e-01 3.644e-02
2.000e-01 4.516e-02
2.500e-01 6.413e-02
3.000e-01 8.476e-02
3.500e-01 1.067e-01
4.000e-01 1.296e-01
4.500e-01 1.534e-01
5.000e-01 1.778e-01
5.500e-01 2.027e-01
6.000e-01 2.281e-01
7.000e-01 2.800e-01
8.000e-01 3.329e-01
9.000e-01 3.866e-01
1.000e+00 4.407e-01
1.250e+00 5.775e-01
1.500e+00 7.149e-01
1.750e+00 8.525e-01
2.000e+00 9.897e-01
2.500e+00 1.262e+00
3.000e+00 1.532e+00
3.500e+00 1.799e+00
4.000e+00 2.063e+00
4.500e+00 2.324e+00
5.000e+00 2.583e+00
5.500e+00 2.839e+00
6.000e+00 3.092e+00
7.000e+00 3.592e+00
8.000e+00 4.084e+00
9.000e+00 4.567e+00
1.000e+01 5.043e+00
1.250e+01 6.202e+00
1.500e+01 7.322e+00
1.750e+01 8.407e+00
2.000e+01 9.459e+00
