# SAMARIUM from NIST Database
7.460e+00 1.015e+00
1.000e-02 6.448e-04
1.250e-02 9.146e-04
1.500e-02 1.222e-03
1.750e-02 1.566e-03
2.000e-02 1.945e-03
2.500e-02 2.801e-03
3.000e-02 3.782e-03
3.500e-02 4.880e-03
4.000e-02 6.090e-03
4.500e-02 7.404e-03
5.000e-02 8.819e-03
5.500e-02 1.033e-02
6.000e-02 1.193e-02
7.000e-02 1.539e-02
8.000e-02 1.918e-02
9.000e-02 2.326e-02
1.000e-01 2.761e-02
1.250e-01 3.959e-02
1.500e-01 5.291e-02
1.750e-01 6.738e-02
2.000e-01 8.282e-02
2.500e-01 1.161e-01
3.000e-01 1.519e-01
3.500e-01 1.896e-01
4.000e-01 2.287e-01
4.500e-01 2.688e-01
5.000e-01 3.098e-01
5.500e-01 3.514e-01
6.000e-01 3.935e-01
7.000e-01 4.785e-01
8.000e-01 5.641e-01
9.000e-01 6.498e-01
1.000e+00 7.353e-01
1.250e+00 9.470e-01
1.500e+00 1.154e+00
1.750e+00 1.357e+00
2.000e+00 1.555e+00
2.500e+00 1.936e+00
3.000e+00 2.299e+00
3.500e+00 2.645e+00
4.000e+00 2.977e+00
4.500e+00 3.295e+00
5.000e+00 3.600e+00
5.500e+00 3.895e+00
6.000e+00 4.179e+00
7.000e+00 4.718e+00
8.000e+00 5.224e+00
9.000e+00 5.701e+00
1.000e+01 6.151e+00
1.250e+01 7.178e+00
1.500e+01 8.092e+00
1.750e+01 8.913e+00
2.000e+01 9.659e+00
