# TIN from NIST Database
7.310e+00 1.206e+00
1.000e-02 5.862e-04
1.250e-02 8.373e-04
1.500e-02 1.124e-03
1.750e-02 1.446e-03
2.000e-02 1.801e-03
2.500e-02 2.605e-03
3.000e-02 3.529e-03
3.500e-02 4.564e-03
4.000e-02 5.706e-03
4.500e-02 6.948e-03
5.000e-02 8.286e-03
5.500e-02 9.716e-03
6.000e-02 1.123e-02
7.000e-02 1.452e-02
8.000e-02 1.811e-02
9.000e-02 2.198e-02
1.000e-01 2.613e-02
1.250e-01 3.752e-02
1.500e-01 5.022e-02
1.750e-01 6.402e-02
2.000e-01 7.877e-02
2.500e-01 1.106e-01
3.000e-01 1.449e-01
3.500e-01 1.810e-01
4.000e-01 2.185e-01
4.500e-01 2.571e-01
5.000e-01 2.966e-01
5.500e-01 3.367e-01
6.000e-01 3.772e-01
7.000e-01 4.593e-01
8.000e-01 5.422e-01
9.000e-01 6.253e-01
1.000e+00 7.084e-01
1.250e+00 9.147e-01
1.500e+00 1.118e+00
1.750e+00 1.317e+00
2.000e+00 1.512e+00
2.500e+00 1.889e+00
3.000e+00 2.251e+00
3.500e+00 2.598e+00
4.000e+00 2.932e+00
4.500e+00 3.254e+00
5.000e+00 3.565e+00
5.500e+00 3.865e+00
6.000e+00 4.156e+00
7.000e+00 4.711e+00
8.000e+00 5.235e+00
9.000e+00 5.731e+00
1.000e+01 6.202e+00
1.250e+01 7.287e+00
1.500e+01 8.259e+00
1.750e+01 9.141e+00
2.000e+01 9.948e+00
