# SODIUM CARBONATE from NIST Database
2.532e+00 1.253e+01
1.000e-02 3.220e-04
1.250e-02 4.744e-04
1.500e-02 6.518e-04
1.750e-02 8.531e-04
2.000e-02 1.078e-03
2.500e-02 1.593e-03
3.000e-02 2.191e-03
3.500e-02 2.869e-03
4.000e-02 3.623e-03
4.500e-02 4.448e-03
5.000e-02 5.343e-03
5.500e-02 6.303e-03
6.000e-02 7.327e-03
7.000e-02 9.554e-03
8.000e-02 1.201e-02
9.000e-02 1.467e-02
1.000e-01 1.753e-02
1.250e-01 2.545e-02
1.500e-01 3.436e-02
1.750e-01 4.410e-02
2.000e-01 5.457e-02
2.500e-01 7.732e-02
3.000e-01 1.020e-01
3.500e-01 1.282e-01
4.000e-01 1.556e-01
4.500e-01 1.839e-01
5.000e-01 2.130e-01
5.500e-01 2.427e-01
6.000e-01 2.729e-01
7.000e-01 3.345e-01
8.000e-01 3.972e-01
9.000e-01 4.607e-01
1.000e+00 5.246e-01
1.250e+00 6.855e-01
1.500e+00 8.467e-01
1.750e+00 1.007e+00
2.000e+00 1.168e+00
2.500e+00 1.485e+00
3.000e+00 1.797e+00
3.500e+00 2.105e+00
4.000e+00 2.410e+00
4.500e+00 2.710e+00
5.000e+00 3.006e+00
5.500e+00 3.299e+00
6.000e+00 3.588e+00
7.000e+00 4.157e+00
8.000e+00 4.714e+00
9.000e+00 5.259e+00
1.000e+01 5.794e+00
1.250e+01 7.090e+00
1.500e+01 8.331e+00
1.750e+01 9.523e+00
2.000e+01 1.067e+01
