# SODIUM NITRATE from NIST Database
2.261e+00 1.446e+01
1.000e-02 3.127e-04
1.250e-02 4.612e-04
1.500e-02 6.342e-04
1.750e-02 8.307e-04
2.000e-02 1.050e-03
2.500e-02 1.553e-03
3.000e-02 2.138e-03
3.500e-02 2.801e-03
4.000e-02 3.539e-03
4.500e-02 4.346e-03
5.000e-02 5.222e-03
5.500e-02 6.162e-03
6.000e-02 7.164e-03
7.000e-02 9.346e-03
8.000e-02 1.175e-02
9.000e-02 1.436e-02
1.000e-01 1.716e-02
1.250e-01 2.493e-02
1.500e-01 3.367e-02
1.750e-01 4.322e-02
2.000e-01 5.350e-02
2.500e-01 7.583e-02
3.000e-01 1.001e-01
3.500e-01 1.258e-01
4.000e-01 1.527e-01
4.500e-01 1.805e-01
5.000e-01 2.091e-01
5.500e-01 2.383e-01
6.000e-01 2.680e-01
7.000e-01 3.286e-01
8.000e-01 3.902e-01
9.000e-01 4.527e-01
1.000e+00 5.156e-01
1.250e+00 6.741e-01
1.500e+00 8.331e-01
1.750e+00 9.917e-01
2.000e+00 1.150e+00
2.500e+00 1.463e+00
3.000e+00 1.772e+00
3.500e+00 2.077e+00
4.000e+00 2.378e+00
4.500e+00 2.675e+00
5.000e+00 2.968e+00
5.500e+00 3.258e+00
6.000e+00 3.545e+00
7.000e+00 4.108e+00
8.000e+00 4.660e+00
9.000e+00 5.202e+00
1.000e+01 5.733e+00
1.250e+01 7.020e+00
1.500e+01 8.254e+00
1.750e+01 9.441e+00
2.000e+01 1.059e+01
