# SODIUM MONOXIDE from NIST Database
2.270e+00 1.285e+01
1.000e-02 3.418e-04
1.250e-02 5.023e-04
1.500e-02 6.888e-04
1.750e-02 9.003e-04
2.000e-02 1.136e-03
2.500e-02 1.675e-03
3.000e-02 2.302e-03
3.500e-02 3.011e-03
4.000e-02 3.798e-03
4.500e-02 4.660e-03
5.000e-02 5.593e-03
5.500e-02 6.595e-03
6.000e-02 7.662e-03
7.000e-02 9.984e-03
8.000e-02 1.254e-02
9.000e-02 1.531e-02
1.000e-01 1.829e-02
1.250e-01 2.653e-02
1.500e-01 3.577e-02
1.750e-01 4.589e-02
2.000e-01 5.675e-02
2.500e-01 8.035e-02
3.000e-01 1.059e-01
3.500e-01 1.331e-01
4.000e-01 1.614e-01
4.500e-01 1.907e-01
5.000e-01 2.208e-01
5.500e-01 2.514e-01
6.000e-01 2.826e-01
7.000e-01 3.460e-01
8.000e-01 4.105e-01
9.000e-01 4.755e-01
1.000e+00 5.410e-01
1.250e+00 7.055e-01
1.500e+00 8.698e-01
1.750e+00 1.033e+00
2.000e+00 1.196e+00
2.500e+00 1.517e+00
3.000e+00 1.833e+00
3.500e+00 2.145e+00
4.000e+00 2.451e+00
4.500e+00 2.754e+00
5.000e+00 3.052e+00
5.500e+00 3.347e+00
6.000e+00 3.638e+00
7.000e+00 4.209e+00
8.000e+00 4.768e+00
9.000e+00 5.315e+00
1.000e+01 5.850e+00
1.250e+01 7.144e+00
1.500e+01 8.380e+00
1.750e+01 9.564e+00
2.000e+01 1.070e+01
