# SODIUM IODIDE from NIST Database
3.667e+00 2.588e+00
1.000e-02 5.598e-04
1.250e-02 8.018e-04
1.500e-02 1.079e-03
1.750e-02 1.390e-03
2.000e-02 1.733e-03
2.500e-02 2.512e-03
3.000e-02 3.406e-03
3.500e-02 4.410e-03
4.000e-02 5.517e-03
4.500e-02 6.723e-03
5.000e-02 8.022e-03
5.500e-02 9.410e-03
6.000e-02 1.088e-02
7.000e-02 1.407e-02
8.000e-02 1.757e-02
9.000e-02 2.134e-02
1.000e-01 2.536e-02
1.250e-01 3.646e-02
1.500e-01 4.882e-02
1.750e-01 6.225e-02
2.000e-01 7.661e-02
2.500e-01 1.076e-01
3.000e-01 1.410e-01
3.500e-01 1.761e-01
4.000e-01 2.126e-01
4.500e-01 2.502e-01
5.000e-01 2.886e-01
5.500e-01 3.276e-01
6.000e-01 3.671e-01
7.000e-01 4.469e-01
8.000e-01 5.275e-01
9.000e-01 6.084e-01
1.000e+00 6.892e-01
1.250e+00 8.899e-01
1.500e+00 1.088e+00
1.750e+00 1.282e+00
2.000e+00 1.472e+00
2.500e+00 1.840e+00
3.000e+00 2.195e+00
3.500e+00 2.536e+00
4.000e+00 2.864e+00
4.500e+00 3.182e+00
5.000e+00 3.489e+00
5.500e+00 3.787e+00
6.000e+00 4.075e+00
7.000e+00 4.628e+00
8.000e+00 5.152e+00
9.000e+00 5.649e+00
1.000e+01 6.122e+00
1.250e+01 7.217e+00
1.500e+01 8.204e+00
1.750e+01 9.103e+00
2.000e+01 9.929e+00
