# STRONTIUM from NIST Database
2.540e+00 4.237e+00
1.000e-02 5.072e-04
1.250e-02 7.314e-04
1.500e-02 9.891e-04
1.750e-02 1.279e-03
2.000e-02 1.599e-03
2.500e-02 2.328e-03
3.000e-02 3.167e-03
3.500e-02 4.111e-03
4.000e-02 5.154e-03
4.500e-02 6.290e-03
5.000e-02 7.516e-03
5.500e-02 8.828e-03
6.000e-02 1.022e-02
7.000e-02 1.324e-02
8.000e-02 1.655e-02
9.000e-02 2.013e-02
1.000e-01 2.396e-02
1.250e-01 3.451e-02
1.500e-01 4.630e-02
1.750e-01 5.913e-02
2.000e-01 7.286e-02
2.500e-01 1.025e-01
3.000e-01 1.346e-01
3.500e-01 1.684e-01
4.000e-01 2.036e-01
4.500e-01 2.398e-01
5.000e-01 2.769e-01
5.500e-01 3.146e-01
6.000e-01 3.528e-01
7.000e-01 4.301e-01
8.000e-01 5.083e-01
9.000e-01 5.868e-01
1.000e+00 6.654e-01
1.250e+00 8.610e-01
1.500e+00 1.054e+00
1.750e+00 1.244e+00
2.000e+00 1.430e+00
2.500e+00 1.793e+00
3.000e+00 2.142e+00
3.500e+00 2.479e+00
4.000e+00 2.805e+00
4.500e+00 3.121e+00
5.000e+00 3.428e+00
5.500e+00 3.725e+00
6.000e+00 4.015e+00
7.000e+00 4.572e+00
8.000e+00 5.101e+00
9.000e+00 5.607e+00
1.000e+01 6.090e+00
1.250e+01 7.216e+00
1.500e+01 8.240e+00
1.750e+01 9.180e+00
2.000e+01 1.005e+01
