# STILBENE from NIST Database
9.707e-01 4.496e+01
1.000e-02 2.561e-04
1.250e-02 3.802e-04
1.500e-02 5.252e-04
1.750e-02 6.905e-04
2.000e-02 8.752e-04
2.500e-02 1.301e-03
3.000e-02 1.797e-03
3.500e-02 2.361e-03
4.000e-02 2.989e-03
4.500e-02 3.679e-03
5.000e-02 4.427e-03
5.500e-02 5.231e-03
6.000e-02 6.090e-03
7.000e-02 7.962e-03
8.000e-02 1.003e-02
9.000e-02 1.227e-02
1.000e-01 1.469e-02
1.250e-01 2.139e-02
1.500e-01 2.895e-02
1.750e-01 3.722e-02
2.000e-01 4.613e-02
2.500e-01 6.554e-02
3.000e-01 8.664e-02
3.500e-01 1.091e-01
4.000e-01 1.325e-01
4.500e-01 1.569e-01
5.000e-01 1.819e-01
5.500e-01 2.074e-01
6.000e-01 2.335e-01
7.000e-01 2.867e-01
8.000e-01 3.410e-01
9.000e-01 3.961e-01
1.000e+00 4.517e-01
1.250e+00 5.920e-01
1.500e+00 7.332e-01
1.750e+00 8.744e-01
2.000e+00 1.015e+00
2.500e+00 1.295e+00
3.000e+00 1.572e+00
3.500e+00 1.846e+00
4.000e+00 2.118e+00
4.500e+00 2.386e+00
5.000e+00 2.652e+00
5.500e+00 2.915e+00
6.000e+00 3.175e+00
7.000e+00 3.690e+00
8.000e+00 4.196e+00
9.000e+00 4.694e+00
1.000e+01 5.185e+00
1.250e+01 6.383e+00
1.500e+01 7.544e+00
1.750e+01 8.672e+00
2.000e+01 9.769e+00
