# SUCROSE from NIST Database
1.581e+00 2.442e+01
1.000e-02 2.645e-04
1.250e-02 3.920e-04
1.500e-02 5.410e-04
1.750e-02 7.106e-04
2.000e-02 9.001e-04
2.500e-02 1.336e-03
3.000e-02 1.845e-03
3.500e-02 2.422e-03
4.000e-02 3.065e-03
4.500e-02 3.770e-03
5.000e-02 4.535e-03
5.500e-02 5.357e-03
6.000e-02 6.234e-03
7.000e-02 8.146e-03
8.000e-02 1.026e-02
9.000e-02 1.255e-02
1.000e-01 1.501e-02
1.250e-01 2.185e-02
1.500e-01 2.955e-02
1.750e-01 3.799e-02
2.000e-01 4.706e-02
2.500e-01 6.682e-02
3.000e-01 8.830e-02
3.500e-01 1.111e-01
4.000e-01 1.350e-01
4.500e-01 1.598e-01
5.000e-01 1.853e-01
5.500e-01 2.114e-01
6.000e-01 2.379e-01
7.000e-01 2.922e-01
8.000e-01 3.476e-01
9.000e-01 4.038e-01
1.000e+00 4.606e-01
1.250e+00 6.038e-01
1.500e+00 7.479e-01
1.750e+00 8.920e-01
2.000e+00 1.036e+00
2.500e+00 1.321e+00
3.000e+00 1.604e+00
3.500e+00 1.883e+00
4.000e+00 2.160e+00
4.500e+00 2.433e+00
5.000e+00 2.703e+00
5.500e+00 2.971e+00
6.000e+00 3.236e+00
7.000e+00 3.758e+00
8.000e+00 4.272e+00
9.000e+00 4.776e+00
1.000e+01 5.273e+00
1.250e+01 6.483e+00
1.500e+01 7.652e+00
1.750e+01 8.783e+00
2.000e+01 9.880e+00
