# TANTALUM from NIST Database
1.665e+01 4.094e-01
1.000e-02 7.418e-04
1.250e-02 1.039e-03
1.500e-02 1.376e-03
1.750e-02 1.751e-03
2.000e-02 2.163e-03
2.500e-02 3.093e-03
3.000e-02 4.154e-03
3.500e-02 5.339e-03
4.000e-02 6.641e-03
4.500e-02 8.053e-03
5.000e-02 9.571e-03
5.500e-02 1.119e-02
6.000e-02 1.290e-02
7.000e-02 1.660e-02
8.000e-02 2.064e-02
9.000e-02 2.498e-02
1.000e-01 2.962e-02
1.250e-01 4.232e-02
1.500e-01 5.642e-02
1.750e-01 7.169e-02
2.000e-01 8.796e-02
2.500e-01 1.229e-01
3.000e-01 1.605e-01
3.500e-01 1.999e-01
4.000e-01 2.407e-01
4.500e-01 2.826e-01
5.000e-01 3.253e-01
5.500e-01 3.686e-01
6.000e-01 4.123e-01
7.000e-01 5.005e-01
8.000e-01 5.893e-01
9.000e-01 6.780e-01
1.000e+00 7.664e-01
1.250e+00 9.849e-01
1.500e+00 1.198e+00
1.750e+00 1.407e+00
2.000e+00 1.609e+00
2.500e+00 1.999e+00
3.000e+00 2.368e+00
3.500e+00 2.719e+00
4.000e+00 3.054e+00
4.500e+00 3.375e+00
5.000e+00 3.682e+00
5.500e+00 3.976e+00
6.000e+00 4.260e+00
7.000e+00 4.796e+00
8.000e+00 5.297e+00
9.000e+00 5.766e+00
1.000e+01 6.208e+00
1.250e+01 7.210e+00
1.500e+01 8.094e+00
1.750e+01 8.885e+00
2.000e+01 9.599e+00
