# TERBIUM from NIST Database
8.229e+00 8.940e-01
1.000e-02 6.721e-04
1.250e-02 9.501e-04
1.500e-02 1.267e-03
1.750e-02 1.620e-03
2.000e-02 2.009e-03
2.500e-02 2.888e-03
3.000e-02 3.894e-03
3.500e-02 5.020e-03
4.000e-02 6.258e-03
4.500e-02 7.604e-03
5.000e-02 9.052e-03
5.500e-02 1.060e-02
6.000e-02 1.224e-02
7.000e-02 1.577e-02
8.000e-02 1.964e-02
9.000e-02 2.381e-02
1.000e-01 2.826e-02
1.250e-01 4.049e-02
1.500e-01 5.409e-02
1.750e-01 6.885e-02
2.000e-01 8.460e-02
2.500e-01 1.185e-01
3.000e-01 1.550e-01
3.500e-01 1.934e-01
4.000e-01 2.332e-01
4.500e-01 2.741e-01
5.000e-01 3.158e-01
5.500e-01 3.581e-01
6.000e-01 4.009e-01
7.000e-01 4.873e-01
8.000e-01 5.743e-01
9.000e-01 6.613e-01
1.000e+00 7.482e-01
1.250e+00 9.630e-01
1.500e+00 1.173e+00
1.750e+00 1.379e+00
2.000e+00 1.579e+00
2.500e+00 1.964e+00
3.000e+00 2.330e+00
3.500e+00 2.679e+00
4.000e+00 3.013e+00
4.500e+00 3.333e+00
5.000e+00 3.640e+00
5.500e+00 3.936e+00
6.000e+00 4.221e+00
7.000e+00 4.761e+00
8.000e+00 5.267e+00
9.000e+00 5.742e+00
1.000e+01 6.191e+00
1.250e+01 7.213e+00
1.500e+01 8.119e+00
1.750e+01 8.933e+00
2.000e+01 9.671e+00
