# TECHNETIUM from NIST Database
1.150e+01 8.331e-01
1.000e-02 5.324e-04
1.250e-02 7.640e-04
1.500e-02 1.030e-03
1.750e-02 1.328e-03
2.000e-02 1.657e-03
2.500e-02 2.404e-03
3.000e-02 3.264e-03
3.500e-02 4.229e-03
4.000e-02 5.295e-03
4.500e-02 6.456e-03
5.000e-02 7.707e-03
5.500e-02 9.045e-03
6.000e-02 1.047e-02
7.000e-02 1.354e-02
8.000e-02 1.691e-02
9.000e-02 2.056e-02
1.000e-01 2.445e-02
1.250e-01 3.519e-02
1.500e-01 4.717e-02
1.750e-01 6.021e-02
2.000e-01 7.416e-02
2.500e-01 1.043e-01
3.000e-01 1.369e-01
3.500e-01 1.712e-01
4.000e-01 2.070e-01
4.500e-01 2.438e-01
5.000e-01 2.815e-01
5.500e-01 3.198e-01
6.000e-01 3.586e-01
7.000e-01 4.372e-01
8.000e-01 5.167e-01
9.000e-01 5.966e-01
1.000e+00 6.765e-01
1.250e+00 8.753e-01
1.500e+00 1.071e+00
1.750e+00 1.264e+00
2.000e+00 1.453e+00
2.500e+00 1.821e+00
3.000e+00 2.174e+00
3.500e+00 2.514e+00
4.000e+00 2.843e+00
4.500e+00 3.160e+00
5.000e+00 3.468e+00
5.500e+00 3.766e+00
6.000e+00 4.055e+00
7.000e+00 4.610e+00
8.000e+00 5.136e+00
9.000e+00 5.636e+00
1.000e+01 6.112e+00
1.250e+01 7.215e+00
1.500e+01 8.211e+00
1.750e+01 9.120e+00
2.000e+01 9.954e+00
