# TELLURIUM from NIST Database
6.240e+00 1.415e+00
1.000e-02 6.043e-04
1.250e-02 8.632e-04
1.500e-02 1.160e-03
1.750e-02 1.491e-03
2.000e-02 1.858e-03
2.500e-02 2.687e-03
3.000e-02 3.640e-03
3.500e-02 4.709e-03
4.000e-02 5.887e-03
4.500e-02 7.169e-03
5.000e-02 8.550e-03
5.500e-02 1.002e-02
6.000e-02 1.159e-02
7.000e-02 1.498e-02
8.000e-02 1.868e-02
9.000e-02 2.268e-02
1.000e-01 2.696e-02
1.250e-01 3.872e-02
1.500e-01 5.182e-02
1.750e-01 6.606e-02
2.000e-01 8.127e-02
2.500e-01 1.141e-01
3.000e-01 1.494e-01
3.500e-01 1.866e-01
4.000e-01 2.253e-01
4.500e-01 2.651e-01
5.000e-01 3.057e-01
5.500e-01 3.470e-01
6.000e-01 3.888e-01
7.000e-01 4.732e-01
8.000e-01 5.584e-01
9.000e-01 6.438e-01
1.000e+00 7.292e-01
1.250e+00 9.409e-01
1.500e+00 1.149e+00
1.750e+00 1.353e+00
2.000e+00 1.553e+00
2.500e+00 1.939e+00
3.000e+00 2.309e+00
3.500e+00 2.663e+00
4.000e+00 3.004e+00
4.500e+00 3.333e+00
5.000e+00 3.650e+00
5.500e+00 3.956e+00
6.000e+00 4.252e+00
7.000e+00 4.818e+00
8.000e+00 5.351e+00
9.000e+00 5.855e+00
1.000e+01 6.334e+00
1.250e+01 7.434e+00
1.500e+01 8.420e+00
1.750e+01 9.312e+00
2.000e+01 1.013e+01
