# TERPHENYL from NIST Database
1.234e+00 3.511e+01
1.000e-02 2.650e-04
1.250e-02 3.930e-04
1.500e-02 5.427e-04
1.750e-02 7.133e-04
2.000e-02 9.038e-04
2.500e-02 1.343e-03
3.000e-02 1.854e-03
3.500e-02 2.436e-03
4.000e-02 3.083e-03
4.500e-02 3.793e-03
5.000e-02 4.564e-03
5.500e-02 5.393e-03
6.000e-02 6.277e-03
7.000e-02 8.205e-03
8.000e-02 1.033e-02
9.000e-02 1.264e-02
1.000e-01 1.513e-02
1.250e-01 2.203e-02
1.500e-01 2.980e-02
1.750e-01 3.832e-02
2.000e-01 4.748e-02
2.500e-01 6.744e-02
3.000e-01 8.914e-02
3.500e-01 1.122e-01
4.000e-01 1.363e-01
4.500e-01 1.614e-01
5.000e-01 1.871e-01
5.500e-01 2.135e-01
6.000e-01 2.403e-01
7.000e-01 2.952e-01
8.000e-01 3.512e-01
9.000e-01 4.079e-01
1.000e+00 4.652e-01
1.250e+00 6.099e-01
1.500e+00 7.555e-01
1.750e+00 9.010e-01
2.000e+00 1.046e+00
2.500e+00 1.335e+00
3.000e+00 1.620e+00
3.500e+00 1.902e+00
4.000e+00 2.182e+00
4.500e+00 2.458e+00
5.000e+00 2.731e+00
5.500e+00 3.002e+00
6.000e+00 3.270e+00
7.000e+00 3.799e+00
8.000e+00 4.319e+00
9.000e+00 4.831e+00
1.000e+01 5.335e+00
1.250e+01 6.565e+00
1.500e+01 7.756e+00
1.750e+01 8.912e+00
2.000e+01 1.004e+01
