# TETRACHLOROETHYLENE from NIST Database
1.625e+00 1.289e+01
1.000e-02 3.493e-04
1.250e-02 5.128e-04
1.500e-02 7.027e-04
1.750e-02 9.178e-04
2.000e-02 1.157e-03
2.500e-02 1.706e-03
3.000e-02 2.342e-03
3.500e-02 3.062e-03
4.000e-02 3.861e-03
4.500e-02 4.736e-03
5.000e-02 5.683e-03
5.500e-02 6.699e-03
6.000e-02 7.781e-03
7.000e-02 1.013e-02
8.000e-02 1.272e-02
9.000e-02 1.553e-02
1.000e-01 1.854e-02
1.250e-01 2.689e-02
1.500e-01 3.625e-02
1.750e-01 4.648e-02
2.000e-01 5.747e-02
2.500e-01 8.132e-02
3.000e-01 1.072e-01
3.500e-01 1.346e-01
4.000e-01 1.632e-01
4.500e-01 1.928e-01
5.000e-01 2.231e-01
5.500e-01 2.541e-01
6.000e-01 2.855e-01
7.000e-01 3.496e-01
8.000e-01 4.147e-01
9.000e-01 4.804e-01
1.000e+00 5.466e-01
1.250e+00 7.127e-01
1.500e+00 8.786e-01
1.750e+00 1.043e+00
2.000e+00 1.207e+00
2.500e+00 1.529e+00
3.000e+00 1.844e+00
3.500e+00 2.153e+00
4.000e+00 2.456e+00
4.500e+00 2.753e+00
5.000e+00 3.045e+00
5.500e+00 3.333e+00
6.000e+00 3.615e+00
7.000e+00 4.167e+00
8.000e+00 4.702e+00
9.000e+00 5.223e+00
1.000e+01 5.730e+00
1.250e+01 6.945e+00
1.500e+01 8.092e+00
1.750e+01 9.180e+00
2.000e+01 1.021e+01
