# THORIUM from NIST Database
1.172e+01 5.182e-01
1.000e-02 8.602e-04
1.250e-02 1.188e-03
1.500e-02 1.558e-03
1.750e-02 1.969e-03
2.000e-02 2.419e-03
2.500e-02 3.431e-03
3.000e-02 4.584e-03
3.500e-02 5.868e-03
4.000e-02 7.277e-03
4.500e-02 8.803e-03
5.000e-02 1.044e-02
5.500e-02 1.218e-02
6.000e-02 1.403e-02
7.000e-02 1.800e-02
8.000e-02 2.233e-02
9.000e-02 2.699e-02
1.000e-01 3.195e-02
1.250e-01 4.551e-02
1.500e-01 6.052e-02
1.750e-01 7.673e-02
2.000e-01 9.398e-02
2.500e-01 1.309e-01
3.000e-01 1.704e-01
3.500e-01 2.118e-01
4.000e-01 2.544e-01
4.500e-01 2.981e-01
5.000e-01 3.425e-01
5.500e-01 3.874e-01
6.000e-01 4.326e-01
7.000e-01 5.236e-01
8.000e-01 6.147e-01
9.000e-01 7.055e-01
1.000e+00 7.956e-01
1.250e+00 1.017e+00
1.500e+00 1.233e+00
1.750e+00 1.442e+00
2.000e+00 1.644e+00
2.500e+00 2.031e+00
3.000e+00 2.396e+00
3.500e+00 2.741e+00
4.000e+00 3.070e+00
4.500e+00 3.382e+00
5.000e+00 3.681e+00
5.500e+00 3.967e+00
6.000e+00 4.242e+00
7.000e+00 4.759e+00
8.000e+00 5.240e+00
9.000e+00 5.690e+00
1.000e+01 6.111e+00
1.250e+01 7.064e+00
1.500e+01 7.899e+00
1.750e+01 8.642e+00
2.000e+01 9.312e+00
