# THALLIUM CHLORIDE from NIST Database
7.004e+00 1.017e+00
1.000e-02 7.160e-04
1.250e-02 1.005e-03
1.500e-02 1.334e-03
1.750e-02 1.700e-03
2.000e-02 2.102e-03
2.500e-02 3.010e-03
3.000e-02 4.047e-03
3.500e-02 5.205e-03
4.000e-02 6.478e-03
4.500e-02 7.860e-03
5.000e-02 9.345e-03
5.500e-02 1.093e-02
6.000e-02 1.261e-02
7.000e-02 1.623e-02
8.000e-02 2.018e-02
9.000e-02 2.443e-02
1.000e-01 2.897e-02
1.250e-01 4.141e-02
1.500e-01 5.521e-02
1.750e-01 7.016e-02
2.000e-01 8.608e-02
2.500e-01 1.203e-01
3.000e-01 1.570e-01
3.500e-01 1.954e-01
4.000e-01 2.353e-01
4.500e-01 2.762e-01
5.000e-01 3.179e-01
5.500e-01 3.601e-01
6.000e-01 4.027e-01
7.000e-01 4.887e-01
8.000e-01 5.751e-01
9.000e-01 6.615e-01
1.000e+00 7.475e-01
1.250e+00 9.601e-01
1.500e+00 1.168e+00
1.750e+00 1.370e+00
2.000e+00 1.567e+00
2.500e+00 1.946e+00
3.000e+00 2.306e+00
3.500e+00 2.649e+00
4.000e+00 2.977e+00
4.500e+00 3.291e+00
5.000e+00 3.592e+00
5.500e+00 3.882e+00
6.000e+00 4.161e+00
7.000e+00 4.691e+00
8.000e+00 5.187e+00
9.000e+00 5.653e+00
1.000e+01 6.093e+00
1.250e+01 7.095e+00
1.500e+01 7.983e+00
1.750e+01 8.780e+00
2.000e+01 9.504e+00
