# TISSUE, SOFT (ICRP) from NIST Database
1.000e+00 3.763e+01
1.000e-02 2.512e-04
1.250e-02 3.725e-04
1.500e-02 5.144e-04
1.750e-02 6.759e-04
2.000e-02 8.565e-04
2.500e-02 1.272e-03
3.000e-02 1.757e-03
3.500e-02 2.308e-03
4.000e-02 2.921e-03
4.500e-02 3.594e-03
5.000e-02 4.324e-03
5.500e-02 5.109e-03
6.000e-02 5.946e-03
7.000e-02 7.772e-03
8.000e-02 9.786e-03
9.000e-02 1.198e-02
1.000e-01 1.433e-02
1.250e-01 2.087e-02
1.500e-01 2.822e-02
1.750e-01 3.629e-02
2.000e-01 4.497e-02
2.500e-01 6.386e-02
3.000e-01 8.441e-02
3.500e-01 1.062e-01
4.000e-01 1.291e-01
4.500e-01 1.527e-01
5.000e-01 1.770e-01
5.500e-01 2.019e-01
6.000e-01 2.271e-01
7.000e-01 2.787e-01
8.000e-01 3.314e-01
9.000e-01 3.847e-01
1.000e+00 4.385e-01
1.250e+00 5.744e-01
1.500e+00 7.110e-01
1.750e+00 8.476e-01
2.000e+00 9.839e-01
2.500e+00 1.255e+00
3.000e+00 1.523e+00
3.500e+00 1.788e+00
4.000e+00 2.050e+00
4.500e+00 2.310e+00
5.000e+00 2.566e+00
5.500e+00 2.821e+00
6.000e+00 3.073e+00
7.000e+00 3.569e+00
8.000e+00 4.058e+00
9.000e+00 4.538e+00
1.000e+01 5.011e+00
1.250e+01 6.163e+00
1.500e+01 7.276e+00
1.750e+01 8.354e+00
2.000e+01 9.401e+00
