# TISSUE-EQUIVALENT GAS (METHANE BASED) from NIST Database
1.064e-03 3.743e+04
1.000e-02 2.426e-04
1.250e-02 3.605e-04
1.500e-02 4.984e-04
1.750e-02 6.556e-04
2.000e-02 8.314e-04
2.500e-02 1.237e-03
3.000e-02 1.710e-03
3.500e-02 2.247e-03
4.000e-02 2.846e-03
4.500e-02 3.504e-03
5.000e-02 4.217e-03
5.500e-02 4.985e-03
6.000e-02 5.804e-03
7.000e-02 7.591e-03
8.000e-02 9.564e-03
9.000e-02 1.171e-02
1.000e-01 1.402e-02
1.250e-01 2.042e-02
1.500e-01 2.764e-02
1.750e-01 3.556e-02
2.000e-01 4.408e-02
2.500e-01 6.263e-02
3.000e-01 8.282e-02
3.500e-01 1.043e-01
4.000e-01 1.268e-01
4.500e-01 1.500e-01
5.000e-01 1.739e-01
5.500e-01 1.983e-01
6.000e-01 2.232e-01
7.000e-01 2.738e-01
8.000e-01 3.253e-01
9.000e-01 3.773e-01
1.000e+00 4.297e-01
1.250e+00 5.612e-01
1.500e+00 6.926e-01
1.750e+00 8.232e-01
2.000e+00 9.527e-01
2.500e+00 1.208e+00
3.000e+00 1.459e+00
3.500e+00 1.705e+00
4.000e+00 1.947e+00
4.500e+00 2.185e+00
5.000e+00 2.419e+00
5.500e+00 2.651e+00
6.000e+00 2.879e+00
7.000e+00 3.327e+00
8.000e+00 3.765e+00
9.000e+00 4.194e+00
1.000e+01 4.614e+00
1.250e+01 5.634e+00
1.500e+01 6.613e+00
1.750e+01 7.559e+00
2.000e+01 8.474e+00
