# TISSUE, SOFT (ICRU FOUR-COMPONENT) from NIST Database
1.000e+00 3.685e+01
1.000e-02 2.538e-04
1.250e-02 3.763e-04
1.500e-02 5.195e-04
1.750e-02 6.825e-04
2.000e-02 8.647e-04
2.500e-02 1.284e-03
3.000e-02 1.773e-03
3.500e-02 2.328e-03
4.000e-02 2.946e-03
4.500e-02 3.625e-03
5.000e-02 4.361e-03
5.500e-02 5.152e-03
6.000e-02 5.996e-03
7.000e-02 7.836e-03
8.000e-02 9.866e-03
9.000e-02 1.207e-02
1.000e-01 1.444e-02
1.250e-01 2.103e-02
1.500e-01 2.844e-02
1.750e-01 3.656e-02
2.000e-01 4.530e-02
2.500e-01 6.433e-02
3.000e-01 8.502e-02
3.500e-01 1.070e-01
4.000e-01 1.300e-01
4.500e-01 1.538e-01
5.000e-01 1.783e-01
5.500e-01 2.032e-01
6.000e-01 2.286e-01
7.000e-01 2.805e-01
8.000e-01 3.334e-01
9.000e-01 3.870e-01
1.000e+00 4.410e-01
1.250e+00 5.774e-01
1.500e+00 7.145e-01
1.750e+00 8.516e-01
2.000e+00 9.884e-01
2.500e+00 1.260e+00
3.000e+00 1.529e+00
3.500e+00 1.795e+00
4.000e+00 2.058e+00
4.500e+00 2.318e+00
5.000e+00 2.575e+00
5.500e+00 2.830e+00
6.000e+00 3.083e+00
7.000e+00 3.581e+00
8.000e+00 4.070e+00
9.000e+00 4.551e+00
1.000e+01 5.025e+00
1.250e+01 6.178e+00
1.500e+01 7.292e+00
1.750e+01 8.370e+00
2.000e+01 9.416e+00
