# TISSUE-EQUIVALENT GAS (PROPANE BASED) from NIST Database
1.826e-03 2.240e+04
1.000e-02 2.410e-04
1.250e-02 3.582e-04
1.500e-02 4.953e-04
1.750e-02 6.517e-04
2.000e-02 8.265e-04
2.500e-02 1.229e-03
3.000e-02 1.700e-03
3.500e-02 2.235e-03
4.000e-02 2.831e-03
4.500e-02 3.485e-03
5.000e-02 4.196e-03
5.500e-02 4.960e-03
6.000e-02 5.775e-03
7.000e-02 7.554e-03
8.000e-02 9.518e-03
9.000e-02 1.165e-02
1.000e-01 1.395e-02
1.250e-01 2.033e-02
1.500e-01 2.752e-02
1.750e-01 3.540e-02
2.000e-01 4.389e-02
2.500e-01 6.237e-02
3.000e-01 8.248e-02
3.500e-01 1.039e-01
4.000e-01 1.262e-01
4.500e-01 1.494e-01
5.000e-01 1.733e-01
5.500e-01 1.976e-01
6.000e-01 2.223e-01
7.000e-01 2.728e-01
8.000e-01 3.241e-01
9.000e-01 3.759e-01
1.000e+00 4.281e-01
1.250e+00 5.592e-01
1.500e+00 6.902e-01
1.750e+00 8.204e-01
2.000e+00 9.496e-01
2.500e+00 1.204e+00
3.000e+00 1.454e+00
3.500e+00 1.700e+00
4.000e+00 1.941e+00
4.500e+00 2.179e+00
5.000e+00 2.413e+00
5.500e+00 2.644e+00
6.000e+00 2.872e+00
7.000e+00 3.319e+00
8.000e+00 3.756e+00
9.000e+00 4.185e+00
1.000e+01 4.605e+00
1.250e+01 5.624e+00
1.500e+01 6.604e+00
1.750e+01 7.550e+00
2.000e+01 8.467e+00
