# TITANIUM DIOXIDE from NIST Database
4.260e+00 4.812e+00
1.000e-02 3.665e-04
1.250e-02 5.369e-04
1.500e-02 7.346e-04
1.750e-02 9.584e-04
2.000e-02 1.207e-03
2.500e-02 1.777e-03
3.000e-02 2.437e-03
3.500e-02 3.184e-03
4.000e-02 4.012e-03
4.500e-02 4.918e-03
5.000e-02 5.898e-03
5.500e-02 6.950e-03
6.000e-02 8.069e-03
7.000e-02 1.050e-02
8.000e-02 1.318e-02
9.000e-02 1.608e-02
1.000e-01 1.919e-02
1.250e-01 2.781e-02
1.500e-01 3.747e-02
1.750e-01 4.802e-02
2.000e-01 5.935e-02
2.500e-01 8.395e-02
3.000e-01 1.107e-01
3.500e-01 1.390e-01
4.000e-01 1.686e-01
4.500e-01 1.993e-01
5.000e-01 2.308e-01
5.500e-01 2.629e-01
6.000e-01 2.956e-01
7.000e-01 3.621e-01
8.000e-01 4.298e-01
9.000e-01 4.982e-01
1.000e+00 5.671e-01
1.250e+00 7.401e-01
1.500e+00 9.129e-01
1.750e+00 1.085e+00
2.000e+00 1.255e+00
2.500e+00 1.592e+00
3.000e+00 1.921e+00
3.500e+00 2.244e+00
4.000e+00 2.561e+00
4.500e+00 2.872e+00
5.000e+00 3.178e+00
5.500e+00 3.478e+00
6.000e+00 3.773e+00
7.000e+00 4.350e+00
8.000e+00 4.909e+00
9.000e+00 5.452e+00
1.000e+01 5.980e+00
1.250e+01 7.243e+00
1.500e+01 8.431e+00
1.750e+01 9.554e+00
2.000e+01 1.062e+01
