# THALLIUM from NIST Database
1.172e+01 5.477e-01
1.000e-02 8.151e-04
1.250e-02 1.130e-03
1.500e-02 1.487e-03
1.750e-02 1.884e-03
2.000e-02 2.319e-03
2.500e-02 3.297e-03
3.000e-02 4.412e-03
3.500e-02 5.655e-03
4.000e-02 7.019e-03
4.500e-02 8.497e-03
5.000e-02 1.008e-02
5.500e-02 1.178e-02
6.000e-02 1.356e-02
7.000e-02 1.742e-02
8.000e-02 2.163e-02
9.000e-02 2.615e-02
1.000e-01 3.097e-02
1.250e-01 4.416e-02
1.500e-01 5.877e-02
1.750e-01 7.458e-02
2.000e-01 9.139e-02
2.500e-01 1.275e-01
3.000e-01 1.661e-01
3.500e-01 2.066e-01
4.000e-01 2.485e-01
4.500e-01 2.914e-01
5.000e-01 3.350e-01
5.500e-01 3.792e-01
6.000e-01 4.238e-01
7.000e-01 5.135e-01
8.000e-01 6.036e-01
9.000e-01 6.934e-01
1.000e+00 7.827e-01
1.250e+00 1.003e+00
1.500e+00 1.217e+00
1.750e+00 1.425e+00
2.000e+00 1.628e+00
2.500e+00 2.015e+00
3.000e+00 2.381e+00
3.500e+00 2.728e+00
4.000e+00 3.059e+00
4.500e+00 3.374e+00
5.000e+00 3.676e+00
5.500e+00 3.965e+00
6.000e+00 4.243e+00
7.000e+00 4.768e+00
8.000e+00 5.257e+00
9.000e+00 5.714e+00
1.000e+01 6.144e+00
1.250e+01 7.117e+00
1.500e+01 7.973e+00
1.750e+01 8.736e+00
2.000e+01 9.425e+00
