# THULIUM from NIST Database
9.321e+00 7.544e-01
1.000e-02 7.069e-04
1.250e-02 9.940e-04
1.500e-02 1.320e-03
1.750e-02 1.684e-03
2.000e-02 2.084e-03
2.500e-02 2.986e-03
3.000e-02 4.018e-03
3.500e-02 5.171e-03
4.000e-02 6.438e-03
4.500e-02 7.814e-03
5.000e-02 9.294e-03
5.500e-02 1.087e-02
6.000e-02 1.254e-02
7.000e-02 1.616e-02
8.000e-02 2.010e-02
9.000e-02 2.435e-02
1.000e-01 2.888e-02
1.250e-01 4.132e-02
1.500e-01 5.515e-02
1.750e-01 7.015e-02
2.000e-01 8.615e-02
2.500e-01 1.206e-01
3.000e-01 1.576e-01
3.500e-01 1.964e-01
4.000e-01 2.368e-01
4.500e-01 2.782e-01
5.000e-01 3.204e-01
5.500e-01 3.632e-01
6.000e-01 4.065e-01
7.000e-01 4.938e-01
8.000e-01 5.817e-01
9.000e-01 6.696e-01
1.000e+00 7.572e-01
1.250e+00 9.738e-01
1.500e+00 1.186e+00
1.750e+00 1.392e+00
2.000e+00 1.593e+00
2.500e+00 1.980e+00
3.000e+00 2.347e+00
3.500e+00 2.696e+00
4.000e+00 3.030e+00
4.500e+00 3.349e+00
5.000e+00 3.655e+00
5.500e+00 3.949e+00
6.000e+00 4.231e+00
7.000e+00 4.767e+00
8.000e+00 5.268e+00
9.000e+00 5.738e+00
1.000e+01 6.180e+00
1.250e+01 7.187e+00
1.500e+01 8.076e+00
1.750e+01 8.872e+00
2.000e+01 9.594e+00
