# TOLUENE from NIST Database
8.669e-01 5.068e+01
1.000e-02 2.470e-04
1.250e-02 3.669e-04
1.500e-02 5.072e-04
1.750e-02 6.671e-04
2.000e-02 8.459e-04
2.500e-02 1.258e-03
3.000e-02 1.739e-03
3.500e-02 2.285e-03
4.000e-02 2.894e-03
4.500e-02 3.563e-03
5.000e-02 4.289e-03
5.500e-02 5.069e-03
6.000e-02 5.902e-03
7.000e-02 7.718e-03
8.000e-02 9.723e-03
9.000e-02 1.190e-02
1.000e-01 1.425e-02
1.250e-01 2.076e-02
1.500e-01 2.810e-02
1.750e-01 3.614e-02
2.000e-01 4.480e-02
2.500e-01 6.365e-02
3.000e-01 8.417e-02
3.500e-01 1.060e-01
4.000e-01 1.288e-01
4.500e-01 1.525e-01
5.000e-01 1.768e-01
5.500e-01 2.017e-01
6.000e-01 2.271e-01
7.000e-01 2.788e-01
8.000e-01 3.317e-01
9.000e-01 3.853e-01
1.000e+00 4.395e-01
1.250e+00 5.762e-01
1.500e+00 7.138e-01
1.750e+00 8.515e-01
2.000e+00 9.889e-01
2.500e+00 1.262e+00
3.000e+00 1.533e+00
3.500e+00 1.800e+00
4.000e+00 2.065e+00
4.500e+00 2.327e+00
5.000e+00 2.587e+00
5.500e+00 2.844e+00
6.000e+00 3.099e+00
7.000e+00 3.602e+00
8.000e+00 4.097e+00
9.000e+00 4.585e+00
1.000e+01 5.065e+00
1.250e+01 6.239e+00
1.500e+01 7.377e+00
1.750e+01 8.483e+00
2.000e+01 9.560e+00
