# TRICHLOROETHYLENE from NIST Database
1.460e+00 1.476e+01
1.000e-02 3.392e-04
1.250e-02 4.985e-04
1.500e-02 6.836e-04
1.750e-02 8.935e-04
2.000e-02 1.127e-03
2.500e-02 1.663e-03
3.000e-02 2.285e-03
3.500e-02 2.988e-03
4.000e-02 3.770e-03
4.500e-02 4.625e-03
5.000e-02 5.551e-03
5.500e-02 6.545e-03
6.000e-02 7.604e-03
7.000e-02 9.908e-03
8.000e-02 1.244e-02
9.000e-02 1.519e-02
1.000e-01 1.814e-02
1.250e-01 2.632e-02
1.500e-01 3.549e-02
1.750e-01 4.553e-02
2.000e-01 5.630e-02
2.500e-01 7.969e-02
3.000e-01 1.051e-01
3.500e-01 1.320e-01
4.000e-01 1.600e-01
4.500e-01 1.891e-01
5.000e-01 2.189e-01
5.500e-01 2.493e-01
6.000e-01 2.802e-01
7.000e-01 3.431e-01
8.000e-01 4.071e-01
9.000e-01 4.717e-01
1.000e+00 5.368e-01
1.250e+00 7.002e-01
1.500e+00 8.634e-01
1.750e+00 1.026e+00
2.000e+00 1.187e+00
2.500e+00 1.504e+00
3.000e+00 1.815e+00
3.500e+00 2.120e+00
4.000e+00 2.419e+00
4.500e+00 2.713e+00
5.000e+00 3.002e+00
5.500e+00 3.286e+00
6.000e+00 3.566e+00
7.000e+00 4.112e+00
8.000e+00 4.643e+00
9.000e+00 5.160e+00
1.000e+01 5.664e+00
1.250e+01 6.871e+00
1.500e+01 8.013e+00
1.750e+01 9.097e+00
2.000e+01 1.013e+01
