# TRIETHYL PHOSPHATE from NIST Database
1.070e+00 3.238e+01
1.000e-02 2.642e-04
1.250e-02 3.914e-04
1.500e-02 5.399e-04
1.750e-02 7.090e-04
2.000e-02 8.978e-04
2.500e-02 1.332e-03
3.000e-02 1.839e-03
3.500e-02 2.413e-03
4.000e-02 3.053e-03
4.500e-02 3.755e-03
5.000e-02 4.517e-03
5.500e-02 5.335e-03
6.000e-02 6.208e-03
7.000e-02 8.110e-03
8.000e-02 1.021e-02
9.000e-02 1.249e-02
1.000e-01 1.494e-02
1.250e-01 2.174e-02
1.500e-01 2.939e-02
1.750e-01 3.778e-02
2.000e-01 4.680e-02
2.500e-01 6.644e-02
3.000e-01 8.778e-02
3.500e-01 1.104e-01
4.000e-01 1.342e-01
4.500e-01 1.587e-01
5.000e-01 1.839e-01
5.500e-01 2.097e-01
6.000e-01 2.359e-01
7.000e-01 2.895e-01
8.000e-01 3.441e-01
9.000e-01 3.994e-01
1.000e+00 4.552e-01
1.250e+00 5.960e-01
1.500e+00 7.374e-01
1.750e+00 8.787e-01
2.000e+00 1.019e+00
2.500e+00 1.299e+00
3.000e+00 1.575e+00
3.500e+00 1.848e+00
4.000e+00 2.117e+00
4.500e+00 2.384e+00
5.000e+00 2.647e+00
5.500e+00 2.907e+00
6.000e+00 3.165e+00
7.000e+00 3.673e+00
8.000e+00 4.171e+00
9.000e+00 4.660e+00
1.000e+01 5.142e+00
1.250e+01 6.312e+00
1.500e+01 7.439e+00
1.750e+01 8.528e+00
2.000e+01 9.583e+00
