# TUNGSTEN HEXAFLUORIDE from NIST Database
2.400e+00 4.049e+00
1.000e-02 5.057e-04
1.250e-02 7.299e-04
1.500e-02 9.877e-04
1.750e-02 1.278e-03
2.000e-02 1.598e-03
2.500e-02 2.328e-03
3.000e-02 3.169e-03
3.500e-02 4.114e-03
4.000e-02 5.159e-03
4.500e-02 6.297e-03
5.000e-02 7.525e-03
5.500e-02 8.839e-03
6.000e-02 1.024e-02
7.000e-02 1.326e-02
8.000e-02 1.657e-02
9.000e-02 2.016e-02
1.000e-01 2.399e-02
1.250e-01 3.455e-02
1.500e-01 4.633e-02
1.750e-01 5.915e-02
2.000e-01 7.286e-02
2.500e-01 1.025e-01
3.000e-01 1.344e-01
3.500e-01 1.680e-01
4.000e-01 2.030e-01
4.500e-01 2.390e-01
5.000e-01 2.758e-01
5.500e-01 3.131e-01
6.000e-01 3.509e-01
7.000e-01 4.274e-01
8.000e-01 5.046e-01
9.000e-01 5.821e-01
1.000e+00 6.596e-01
1.250e+00 8.524e-01
1.500e+00 1.043e+00
1.750e+00 1.230e+00
2.000e+00 1.413e+00
2.500e+00 1.770e+00
3.000e+00 2.115e+00
3.500e+00 2.447e+00
4.000e+00 2.768e+00
4.500e+00 3.078e+00
5.000e+00 3.379e+00
5.500e+00 3.672e+00
6.000e+00 3.955e+00
7.000e+00 4.500e+00
8.000e+00 5.017e+00
9.000e+00 5.510e+00
1.000e+01 5.979e+00
1.250e+01 7.068e+00
1.500e+01 8.054e+00
1.750e+01 8.954e+00
2.000e+01 9.782e+00
