# URANIUM from NIST Database
1.895e+01 3.166e-01
1.000e-02 8.983e-04
1.250e-02 1.233e-03
1.500e-02 1.611e-03
1.750e-02 2.030e-03
2.000e-02 2.489e-03
2.500e-02 3.521e-03
3.000e-02 4.694e-03
3.500e-02 6.001e-03
4.000e-02 7.433e-03
4.500e-02 8.984e-03
5.000e-02 1.065e-02
5.500e-02 1.242e-02
6.000e-02 1.430e-02
7.000e-02 1.833e-02
8.000e-02 2.273e-02
9.000e-02 2.746e-02
1.000e-01 3.249e-02
1.250e-01 4.626e-02
1.500e-01 6.149e-02
1.750e-01 7.795e-02
2.000e-01 9.545e-02
2.500e-01 1.329e-01
3.000e-01 1.730e-01
3.500e-01 2.149e-01
4.000e-01 2.582e-01
4.500e-01 3.025e-01
5.000e-01 3.475e-01
5.500e-01 3.931e-01
6.000e-01 4.389e-01
7.000e-01 5.311e-01
8.000e-01 6.234e-01
9.000e-01 7.154e-01
1.000e+00 8.068e-01
1.250e+00 1.031e+00
1.500e+00 1.249e+00
1.750e+00 1.461e+00
2.000e+00 1.665e+00
2.500e+00 2.056e+00
3.000e+00 2.425e+00
3.500e+00 2.774e+00
4.000e+00 3.105e+00
4.500e+00 3.420e+00
5.000e+00 3.721e+00
5.500e+00 4.008e+00
6.000e+00 4.284e+00
7.000e+00 4.804e+00
8.000e+00 5.287e+00
9.000e+00 5.737e+00
1.000e+01 6.159e+00
1.250e+01 7.111e+00
1.500e+01 7.945e+00
1.750e+01 8.685e+00
2.000e+01 9.352e+00
