# URANIUM DICARBIDE from NIST Database
1.128e+01 5.774e-01
1.000e-02 7.753e-04
1.250e-02 1.082e-03
1.500e-02 1.430e-03
1.750e-02 1.817e-03
2.000e-02 2.241e-03
2.500e-02 3.198e-03
3.000e-02 4.289e-03
3.500e-02 5.507e-03
4.000e-02 6.844e-03
4.500e-02 8.294e-03
5.000e-02 9.851e-03
5.500e-02 1.151e-02
6.000e-02 1.327e-02
7.000e-02 1.706e-02
8.000e-02 2.119e-02
9.000e-02 2.563e-02
1.000e-01 3.037e-02
1.250e-01 4.336e-02
1.500e-01 5.776e-02
1.750e-01 7.335e-02
2.000e-01 8.996e-02
2.500e-01 1.256e-01
3.000e-01 1.638e-01
3.500e-01 2.039e-01
4.000e-01 2.453e-01
4.500e-01 2.878e-01
5.000e-01 3.310e-01
5.500e-01 3.747e-01
6.000e-01 4.189e-01
7.000e-01 5.078e-01
8.000e-01 5.970e-01
9.000e-01 6.860e-01
1.000e+00 7.746e-01
1.250e+00 9.928e-01
1.500e+00 1.206e+00
1.750e+00 1.412e+00
2.000e+00 1.613e+00
2.500e+00 1.998e+00
3.000e+00 2.362e+00
3.500e+00 2.708e+00
4.000e+00 3.038e+00
4.500e+00 3.352e+00
5.000e+00 3.653e+00
5.500e+00 3.942e+00
6.000e+00 4.220e+00
7.000e+00 4.745e+00
8.000e+00 5.234e+00
9.000e+00 5.692e+00
1.000e+01 6.123e+00
1.250e+01 7.099e+00
1.500e+01 7.960e+00
1.750e+01 8.728e+00
2.000e+01 9.422e+00
