# URANIUM OXIDE from NIST Database
1.096e+01 6.068e-01
1.000e-02 7.497e-04
1.250e-02 1.050e-03
1.500e-02 1.390e-03
1.750e-02 1.769e-03
2.000e-02 2.185e-03
2.500e-02 3.123e-03
3.000e-02 4.194e-03
3.500e-02 5.389e-03
4.000e-02 6.702e-03
4.500e-02 8.127e-03
5.000e-02 9.658e-03
5.500e-02 1.129e-02
6.000e-02 1.302e-02
7.000e-02 1.674e-02
8.000e-02 2.081e-02
9.000e-02 2.518e-02
1.000e-01 2.985e-02
1.250e-01 4.263e-02
1.500e-01 5.681e-02
1.750e-01 7.217e-02
2.000e-01 8.854e-02
2.500e-01 1.237e-01
3.000e-01 1.614e-01
3.500e-01 2.009e-01
4.000e-01 2.418e-01
4.500e-01 2.838e-01
5.000e-01 3.265e-01
5.500e-01 3.697e-01
6.000e-01 4.133e-01
7.000e-01 5.013e-01
8.000e-01 5.896e-01
9.000e-01 6.778e-01
1.000e+00 7.655e-01
1.250e+00 9.820e-01
1.500e+00 1.193e+00
1.750e+00 1.399e+00
2.000e+00 1.598e+00
2.500e+00 1.982e+00
3.000e+00 2.345e+00
3.500e+00 2.690e+00
4.000e+00 3.019e+00
4.500e+00 3.334e+00
5.000e+00 3.635e+00
5.500e+00 3.925e+00
6.000e+00 4.203e+00
7.000e+00 4.729e+00
8.000e+00 5.220e+00
9.000e+00 5.681e+00
1.000e+01 6.114e+00
1.250e+01 7.097e+00
1.500e+01 7.964e+00
1.750e+01 8.740e+00
2.000e+01 9.441e+00
