# URANIUM MONOCARBIDE from NIST Database
1.363e+01 4.592e-01
1.000e-02 8.628e-04
1.250e-02 1.189e-03
1.500e-02 1.558e-03
1.750e-02 1.967e-03
2.000e-02 2.415e-03
2.500e-02 3.422e-03
3.000e-02 4.568e-03
3.500e-02 5.845e-03
4.000e-02 7.245e-03
4.500e-02 8.762e-03
5.000e-02 1.039e-02
5.500e-02 1.212e-02
6.000e-02 1.396e-02
7.000e-02 1.791e-02
8.000e-02 2.221e-02
9.000e-02 2.684e-02
1.000e-01 3.176e-02
1.250e-01 4.526e-02
1.500e-01 6.020e-02
1.750e-01 7.635e-02
2.000e-01 9.353e-02
2.500e-01 1.304e-01
3.000e-01 1.698e-01
3.500e-01 2.111e-01
4.000e-01 2.537e-01
4.500e-01 2.974e-01
5.000e-01 3.418e-01
5.500e-01 3.867e-01
6.000e-01 4.320e-01
7.000e-01 5.231e-01
8.000e-01 6.143e-01
9.000e-01 7.053e-01
1.000e+00 7.957e-01
1.250e+00 1.018e+00
1.500e+00 1.235e+00
1.750e+00 1.444e+00
2.000e+00 1.648e+00
2.500e+00 2.037e+00
3.000e+00 2.405e+00
3.500e+00 2.753e+00
4.000e+00 3.084e+00
4.500e+00 3.400e+00
5.000e+00 3.702e+00
5.500e+00 3.991e+00
6.000e+00 4.268e+00
7.000e+00 4.791e+00
8.000e+00 5.278e+00
9.000e+00 5.733e+00
1.000e+01 6.160e+00
1.250e+01 7.125e+00
1.500e+01 7.973e+00
1.750e+01 8.728e+00
2.000e+01 9.408e+00
