# UREA from NIST Database
1.323e+00 2.929e+01
1.000e-02 2.602e-04
1.250e-02 3.859e-04
1.500e-02 5.328e-04
1.750e-02 7.002e-04
2.000e-02 8.872e-04
2.500e-02 1.318e-03
3.000e-02 1.820e-03
3.500e-02 2.390e-03
4.000e-02 3.025e-03
4.500e-02 3.722e-03
5.000e-02 4.478e-03
5.500e-02 5.291e-03
6.000e-02 6.158e-03
7.000e-02 8.049e-03
8.000e-02 1.013e-02
9.000e-02 1.240e-02
1.000e-01 1.484e-02
1.250e-01 2.161e-02
1.500e-01 2.923e-02
1.750e-01 3.758e-02
2.000e-01 4.656e-02
2.500e-01 6.612e-02
3.000e-01 8.739e-02
3.500e-01 1.100e-01
4.000e-01 1.337e-01
4.500e-01 1.582e-01
5.000e-01 1.834e-01
5.500e-01 2.092e-01
6.000e-01 2.355e-01
7.000e-01 2.892e-01
8.000e-01 3.440e-01
9.000e-01 3.996e-01
1.000e+00 4.557e-01
1.250e+00 5.975e-01
1.500e+00 7.400e-01
1.750e+00 8.827e-01
2.000e+00 1.025e+00
2.500e+00 1.308e+00
3.000e+00 1.588e+00
3.500e+00 1.864e+00
4.000e+00 2.138e+00
4.500e+00 2.409e+00
5.000e+00 2.677e+00
5.500e+00 2.942e+00
6.000e+00 3.204e+00
7.000e+00 3.722e+00
8.000e+00 4.231e+00
9.000e+00 4.732e+00
1.000e+01 5.224e+00
1.250e+01 6.425e+00
1.500e+01 7.584e+00
1.750e+01 8.706e+00
2.000e+01 9.795e+00
