# VANADIUM from NIST Database
6.110e+00 2.593e+00
1.000e-02 4.243e-04
1.250e-02 6.180e-04
1.500e-02 8.419e-04
1.750e-02 1.095e-03
2.000e-02 1.375e-03
2.500e-02 2.016e-03
3.000e-02 2.757e-03
3.500e-02 3.592e-03
4.000e-02 4.518e-03
4.500e-02 5.530e-03
5.000e-02 6.623e-03
5.500e-02 7.795e-03
6.000e-02 9.041e-03
7.000e-02 1.175e-02
8.000e-02 1.472e-02
9.000e-02 1.795e-02
1.000e-01 2.140e-02
1.250e-01 3.095e-02
1.500e-01 4.166e-02
1.750e-01 5.335e-02
2.000e-01 6.589e-02
2.500e-01 9.311e-02
3.000e-01 1.226e-01
3.500e-01 1.539e-01
4.000e-01 1.865e-01
4.500e-01 2.202e-01
5.000e-01 2.548e-01
5.500e-01 2.900e-01
6.000e-01 3.258e-01
7.000e-01 3.986e-01
8.000e-01 4.725e-01
9.000e-01 5.471e-01
1.000e+00 6.219e-01
1.250e+00 8.095e-01
1.500e+00 9.961e-01
1.750e+00 1.181e+00
2.000e+00 1.364e+00
2.500e+00 1.723e+00
3.000e+00 2.072e+00
3.500e+00 2.413e+00
4.000e+00 2.746e+00
4.500e+00 3.071e+00
5.000e+00 3.389e+00
5.500e+00 3.700e+00
6.000e+00 4.004e+00
7.000e+00 4.595e+00
8.000e+00 5.164e+00
9.000e+00 5.713e+00
1.000e+01 6.243e+00
1.250e+01 7.496e+00
1.500e+01 8.658e+00
1.750e+01 9.744e+00
2.000e+01 1.076e+01
