# VALINE from NIST Database
1.230e+00 3.300e+01
1.000e-02 2.497e-04
1.250e-02 3.706e-04
1.500e-02 5.120e-04
1.750e-02 6.731e-04
2.000e-02 8.532e-04
2.500e-02 1.268e-03
3.000e-02 1.752e-03
3.500e-02 2.302e-03
4.000e-02 2.914e-03
4.500e-02 3.586e-03
5.000e-02 4.315e-03
5.500e-02 5.100e-03
6.000e-02 5.937e-03
7.000e-02 7.762e-03
8.000e-02 9.775e-03
9.000e-02 1.196e-02
1.000e-01 1.432e-02
1.250e-01 2.086e-02
1.500e-01 2.822e-02
1.750e-01 3.629e-02
2.000e-01 4.497e-02
2.500e-01 6.388e-02
3.000e-01 8.445e-02
3.500e-01 1.063e-01
4.000e-01 1.292e-01
4.500e-01 1.529e-01
5.000e-01 1.774e-01
5.500e-01 2.024e-01
6.000e-01 2.279e-01
7.000e-01 2.799e-01
8.000e-01 3.331e-01
9.000e-01 3.870e-01
1.000e+00 4.414e-01
1.250e+00 5.790e-01
1.500e+00 7.174e-01
1.750e+00 8.559e-01
2.000e+00 9.942e-01
2.500e+00 1.269e+00
3.000e+00 1.541e+00
3.500e+00 1.810e+00
4.000e+00 2.077e+00
4.500e+00 2.340e+00
5.000e+00 2.601e+00
5.500e+00 2.859e+00
6.000e+00 3.115e+00
7.000e+00 3.621e+00
8.000e+00 4.117e+00
9.000e+00 4.606e+00
1.000e+01 5.088e+00
1.250e+01 6.263e+00
1.500e+01 7.400e+00
1.750e+01 8.503e+00
2.000e+01 9.575e+00
