# VITON FLUOROELASTOMER from NIST Database
1.800e+00 1.964e+01
1.000e-02 3.064e-04
1.250e-02 4.528e-04
1.500e-02 6.236e-04
1.750e-02 8.177e-04
2.000e-02 1.034e-03
2.500e-02 1.532e-03
3.000e-02 2.112e-03
3.500e-02 2.769e-03
4.000e-02 3.500e-03
4.500e-02 4.302e-03
5.000e-02 5.171e-03
5.500e-02 6.105e-03
6.000e-02 7.101e-03
7.000e-02 9.269e-03
8.000e-02 1.166e-02
9.000e-02 1.426e-02
1.000e-01 1.705e-02
1.250e-01 2.478e-02
1.500e-01 3.348e-02
1.750e-01 4.301e-02
2.000e-01 5.325e-02
2.500e-01 7.553e-02
3.000e-01 9.973e-02
3.500e-01 1.254e-01
4.000e-01 1.523e-01
4.500e-01 1.801e-01
5.000e-01 2.086e-01
5.500e-01 2.378e-01
6.000e-01 2.674e-01
7.000e-01 3.279e-01
8.000e-01 3.896e-01
9.000e-01 4.520e-01
1.000e+00 5.150e-01
1.250e+00 6.737e-01
1.500e+00 8.330e-01
1.750e+00 9.921e-01
2.000e+00 1.151e+00
2.500e+00 1.465e+00
3.000e+00 1.776e+00
3.500e+00 2.082e+00
4.000e+00 2.385e+00
4.500e+00 2.684e+00
5.000e+00 2.980e+00
5.500e+00 3.272e+00
6.000e+00 3.561e+00
7.000e+00 4.130e+00
8.000e+00 4.688e+00
9.000e+00 5.235e+00
1.000e+01 5.773e+00
1.250e+01 7.078e+00
1.500e+01 8.332e+00
1.750e+01 9.540e+00
2.000e+01 1.071e+01
