# TUNGSTEN from NIST Database
1.930e+01 3.504e-01
1.000e-02 7.490e-04
1.250e-02 1.048e-03
1.500e-02 1.387e-03
1.750e-02 1.765e-03
2.000e-02 2.179e-03
2.500e-02 3.114e-03
3.000e-02 4.181e-03
3.500e-02 5.372e-03
4.000e-02 6.681e-03
4.500e-02 8.101e-03
5.000e-02 9.627e-03
5.500e-02 1.125e-02
6.000e-02 1.298e-02
7.000e-02 1.669e-02
8.000e-02 2.075e-02
9.000e-02 2.511e-02
1.000e-01 2.977e-02
1.250e-01 4.253e-02
1.500e-01 5.668e-02
1.750e-01 7.202e-02
2.000e-01 8.835e-02
2.500e-01 1.235e-01
3.000e-01 1.611e-01
3.500e-01 2.007e-01
4.000e-01 2.416e-01
4.500e-01 2.836e-01
5.000e-01 3.265e-01
5.500e-01 3.699e-01
6.000e-01 4.137e-01
7.000e-01 5.022e-01
8.000e-01 5.911e-01
9.000e-01 6.800e-01
1.000e+00 7.686e-01
1.250e+00 9.875e-01
1.500e+00 1.201e+00
1.750e+00 1.410e+00
2.000e+00 1.613e+00
2.500e+00 2.003e+00
3.000e+00 2.372e+00
3.500e+00 2.724e+00
4.000e+00 3.059e+00
4.500e+00 3.380e+00
5.000e+00 3.687e+00
5.500e+00 3.981e+00
6.000e+00 4.265e+00
7.000e+00 4.801e+00
8.000e+00 5.301e+00
9.000e+00 5.770e+00
1.000e+01 6.211e+00
1.250e+01 7.212e+00
1.500e+01 8.094e+00
1.750e+01 8.882e+00
2.000e+01 9.594e+00
