# WATER, LIQUID from NIST Database
1.000e+00 3.608e+01
1.000e-02 2.515e-04
1.250e-02 3.728e-04
1.500e-02 5.147e-04
1.750e-02 6.762e-04
2.000e-02 8.566e-04
2.500e-02 1.272e-03
3.000e-02 1.756e-03
3.500e-02 2.306e-03
4.000e-02 2.919e-03
4.500e-02 3.591e-03
5.000e-02 4.320e-03
5.500e-02 5.103e-03
6.000e-02 5.940e-03
7.000e-02 7.762e-03
8.000e-02 9.773e-03
9.000e-02 1.196e-02
1.000e-01 1.431e-02
1.250e-01 2.083e-02
1.500e-01 2.817e-02
1.750e-01 3.622e-02
2.000e-01 4.488e-02
2.500e-01 6.372e-02
3.000e-01 8.421e-02
3.500e-01 1.060e-01
4.000e-01 1.288e-01
4.500e-01 1.523e-01
5.000e-01 1.766e-01
5.500e-01 2.013e-01
6.000e-01 2.265e-01
7.000e-01 2.778e-01
8.000e-01 3.302e-01
9.000e-01 3.832e-01
1.000e+00 4.367e-01
1.250e+00 5.717e-01
1.500e+00 7.075e-01
1.750e+00 8.432e-01
2.000e+00 9.785e-01
2.500e+00 1.247e+00
3.000e+00 1.514e+00
3.500e+00 1.777e+00
4.000e+00 2.037e+00
4.500e+00 2.295e+00
5.000e+00 2.550e+00
5.500e+00 2.802e+00
6.000e+00 3.052e+00
7.000e+00 3.545e+00
8.000e+00 4.030e+00
9.000e+00 4.506e+00
1.000e+01 4.975e+00
1.250e+01 6.117e+00
1.500e+01 7.219e+00
1.750e+01 8.286e+00
2.000e+01 9.320e+00
