1.000E+00 3.608E+01
1.000E-02 2.515E-04 
1.250E-02 3.728E-04 
1.500E-02 5.147E-04 
1.750E-02 6.762E-04 
2.000E-02 8.566E-04 
2.500E-02 1.272E-03 
3.000E-02 1.756E-03 
3.500E-02 2.306E-03 
4.000E-02 2.919E-03 
4.500E-02 3.591E-03 
5.000E-02 4.320E-03 
5.500E-02 5.103E-03 
6.000E-02 5.940E-03 
7.000E-02 7.762E-03 
8.000E-02 9.773E-03 
9.000E-02 1.196E-02 
1.000E-01 1.431E-02 
1.250E-01 2.083E-02 
1.500E-01 2.817E-02 
1.750E-01 3.622E-02 
2.000E-01 4.488E-02 
2.500E-01 6.372E-02 
3.000E-01 8.421E-02 
3.500E-01 1.060E-01 
4.000E-01 1.288E-01 
4.500E-01 1.523E-01 
5.000E-01 1.766E-01 
5.500E-01 2.013E-01 
6.000E-01 2.265E-01 
7.000E-01 2.778E-01 
8.000E-01 3.302E-01 
9.000E-01 3.832E-01 
1.000E+00 4.367E-01 
1.250E+00 5.717E-01 
1.500E+00 7.075E-01 
1.750E+00 8.432E-01 
2.000E+00 9.785E-01 
2.500E+00 1.247E+00 
3.000E+00 1.514E+00 
3.500E+00 1.777E+00 
4.000E+00 2.037E+00 
4.500E+00 2.295E+00 
5.000E+00 2.550E+00 
5.500E+00 2.802E+00 
6.000E+00 3.052E+00 
7.000E+00 3.545E+00 
8.000E+00 4.030E+00 
9.000E+00 4.506E+00 
1.000E+01 4.975E+00 
1.250E+01 6.117E+00 
1.500E+01 7.219E+00 
1.750E+01 8.286E+00 
2.000E+01 9.320E+00 
2.500E+01 1.130E+01 
3.000E+01 1.317E+01 
3.500E+01 1.496E+01 
4.000E+01 1.665E+01 
4.500E+01 1.828E+01 
5.000E+01 1.983E+01 
5.500E+01 2.132E+01 
6.000E+01 2.276E+01 
7.000E+01 2.547E+01 
8.000E+01 2.799E+01 
9.000E+01 3.035E+01 
1.000E+02 3.258E+01 
1.250E+02 3.761E+01 
1.500E+02 4.204E+01 
1.750E+02 4.600E+01 
2.000E+02 4.957E+01 