# WATER VAPOR from NIST Database
7.562e-04 4.772e+04
1.000e-02 2.489e-04
1.250e-02 3.691e-04
1.500e-02 5.097e-04
1.750e-02 6.699e-04
2.000e-02 8.488e-04
2.500e-02 1.261e-03
3.000e-02 1.742e-03
3.500e-02 2.288e-03
4.000e-02 2.895e-03
4.500e-02 3.563e-03
5.000e-02 4.286e-03
5.500e-02 5.065e-03
6.000e-02 5.895e-03
7.000e-02 7.706e-03
8.000e-02 9.703e-03
9.000e-02 1.187e-02
1.000e-01 1.421e-02
1.250e-01 2.069e-02
1.500e-01 2.799e-02
1.750e-01 3.599e-02
2.000e-01 4.459e-02
2.500e-01 6.333e-02
3.000e-01 8.371e-02
3.500e-01 1.054e-01
4.000e-01 1.280e-01
4.500e-01 1.515e-01
5.000e-01 1.756e-01
5.500e-01 2.002e-01
6.000e-01 2.252e-01
7.000e-01 2.761e-01
8.000e-01 3.280e-01
9.000e-01 3.803e-01
1.000e+00 4.330e-01
1.250e+00 5.652e-01
1.500e+00 6.973e-01
1.750e+00 8.284e-01
2.000e+00 9.584e-01
2.500e+00 1.215e+00
3.000e+00 1.466e+00
3.500e+00 1.713e+00
4.000e+00 1.955e+00
4.500e+00 2.193e+00
5.000e+00 2.427e+00
5.500e+00 2.659e+00
6.000e+00 2.886e+00
7.000e+00 3.333e+00
8.000e+00 3.770e+00
9.000e+00 4.197e+00
1.000e+01 4.616e+00
1.250e+01 5.628e+00
1.500e+01 6.600e+00
1.750e+01 7.535e+00
2.000e+01 8.439e+00
