# XENON from NIST Database
5.485e-03 1.547e+03
1.000e-02 5.971e-04
1.250e-02 8.531e-04
1.500e-02 1.146e-03
1.750e-02 1.474e-03
2.000e-02 1.836e-03
2.500e-02 2.657e-03
3.000e-02 3.600e-03
3.500e-02 4.656e-03
4.000e-02 5.821e-03
4.500e-02 7.089e-03
5.000e-02 8.454e-03
5.500e-02 9.913e-03
6.000e-02 1.146e-02
7.000e-02 1.481e-02
8.000e-02 1.847e-02
9.000e-02 2.243e-02
1.000e-01 2.665e-02
1.250e-01 3.827e-02
1.500e-01 5.121e-02
1.750e-01 6.527e-02
2.000e-01 8.028e-02
2.500e-01 1.126e-01
3.000e-01 1.475e-01
3.500e-01 1.841e-01
4.000e-01 2.222e-01
4.500e-01 2.613e-01
5.000e-01 3.012e-01
5.500e-01 3.417e-01
6.000e-01 3.826e-01
7.000e-01 4.654e-01
8.000e-01 5.487e-01
9.000e-01 6.321e-01
1.000e+00 7.153e-01
1.250e+00 9.213e-01
1.500e+00 1.123e+00
1.750e+00 1.320e+00
2.000e+00 1.513e+00
2.500e+00 1.883e+00
3.000e+00 2.237e+00
3.500e+00 2.574e+00
4.000e+00 2.898e+00
4.500e+00 3.209e+00
5.000e+00 3.508e+00
5.500e+00 3.796e+00
6.000e+00 4.075e+00
7.000e+00 4.606e+00
8.000e+00 5.104e+00
9.000e+00 5.575e+00
1.000e+01 6.022e+00
1.250e+01 7.046e+00
1.500e+01 7.962e+00
1.750e+01 8.790e+00
2.000e+01 9.547e+00
