# XYLENE from NIST Database
8.700e-01 5.063e+01
1.000e-02 2.448e-04
1.250e-02 3.636e-04
1.500e-02 5.027e-04
1.750e-02 6.612e-04
2.000e-02 8.385e-04
2.500e-02 1.247e-03
3.000e-02 1.724e-03
3.500e-02 2.266e-03
4.000e-02 2.870e-03
4.500e-02 3.533e-03
5.000e-02 4.252e-03
5.500e-02 5.026e-03
6.000e-02 5.852e-03
7.000e-02 7.653e-03
8.000e-02 9.642e-03
9.000e-02 1.180e-02
1.000e-01 1.413e-02
1.250e-01 2.059e-02
1.500e-01 2.786e-02
1.750e-01 3.584e-02
2.000e-01 4.443e-02
2.500e-01 6.314e-02
3.000e-01 8.349e-02
3.500e-01 1.051e-01
4.000e-01 1.278e-01
4.500e-01 1.512e-01
5.000e-01 1.754e-01
5.500e-01 2.001e-01
6.000e-01 2.253e-01
7.000e-01 2.767e-01
8.000e-01 3.291e-01
9.000e-01 3.824e-01
1.000e+00 4.361e-01
1.250e+00 5.719e-01
1.500e+00 7.085e-01
1.750e+00 8.452e-01
2.000e+00 9.817e-01
2.500e+00 1.253e+00
3.000e+00 1.522e+00
3.500e+00 1.787e+00
4.000e+00 2.051e+00
4.500e+00 2.311e+00
5.000e+00 2.569e+00
5.500e+00 2.824e+00
6.000e+00 3.078e+00
7.000e+00 3.578e+00
8.000e+00 4.070e+00
9.000e+00 4.554e+00
1.000e+01 5.032e+00
1.250e+01 6.199e+00
1.500e+01 7.331e+00
1.750e+01 8.431e+00
2.000e+01 9.502e+00
