# YTTRIUM from NIST Database
4.469e+00 2.329e+00
1.000e-02 5.081e-04
1.250e-02 7.319e-04
1.500e-02 9.891e-04
1.750e-02 1.278e-03
2.000e-02 1.598e-03
2.500e-02 2.324e-03
3.000e-02 3.160e-03
3.500e-02 4.101e-03
4.000e-02 5.139e-03
4.500e-02 6.271e-03
5.000e-02 7.492e-03
5.500e-02 8.797e-03
6.000e-02 1.018e-02
7.000e-02 1.319e-02
8.000e-02 1.648e-02
9.000e-02 2.004e-02
1.000e-01 2.385e-02
1.250e-01 3.435e-02
1.500e-01 4.607e-02
1.750e-01 5.883e-02
2.000e-01 7.248e-02
2.500e-01 1.020e-01
3.000e-01 1.338e-01
3.500e-01 1.675e-01
4.000e-01 2.024e-01
4.500e-01 2.385e-01
5.000e-01 2.753e-01
5.500e-01 3.128e-01
6.000e-01 3.508e-01
7.000e-01 4.277e-01
8.000e-01 5.055e-01
9.000e-01 5.836e-01
1.000e+00 6.618e-01
1.250e+00 8.564e-01
1.500e+00 1.049e+00
1.750e+00 1.238e+00
2.000e+00 1.423e+00
2.500e+00 1.784e+00
3.000e+00 2.132e+00
3.500e+00 2.467e+00
4.000e+00 2.792e+00
4.500e+00 3.106e+00
5.000e+00 3.411e+00
5.500e+00 3.707e+00
6.000e+00 3.995e+00
7.000e+00 4.549e+00
8.000e+00 5.075e+00
9.000e+00 5.577e+00
1.000e+01 6.057e+00
1.250e+01 7.173e+00
1.500e+01 8.186e+00
1.750e+01 9.115e+00
2.000e+01 9.972e+00
