# YTTERBIUM from NIST Database
6.730e+00 1.043e+00
1.000e-02 7.195e-04
1.250e-02 1.011e-03
1.500e-02 1.342e-03
1.750e-02 1.711e-03
2.000e-02 2.116e-03
2.500e-02 3.031e-03
3.000e-02 4.076e-03
3.500e-02 5.243e-03
4.000e-02 6.527e-03
4.500e-02 7.920e-03
5.000e-02 9.418e-03
5.500e-02 1.102e-02
6.000e-02 1.271e-02
7.000e-02 1.636e-02
8.000e-02 2.035e-02
9.000e-02 2.465e-02
1.000e-01 2.923e-02
1.250e-01 4.180e-02
1.500e-01 5.577e-02
1.750e-01 7.092e-02
2.000e-01 8.707e-02
2.500e-01 1.218e-01
3.000e-01 1.592e-01
3.500e-01 1.984e-01
4.000e-01 2.391e-01
4.500e-01 2.809e-01
5.000e-01 3.235e-01
5.500e-01 3.667e-01
6.000e-01 4.104e-01
7.000e-01 4.985e-01
8.000e-01 5.871e-01
9.000e-01 6.757e-01
1.000e+00 7.640e-01
1.250e+00 9.822e-01
1.500e+00 1.196e+00
1.750e+00 1.404e+00
2.000e+00 1.606e+00
2.500e+00 1.995e+00
3.000e+00 2.364e+00
3.500e+00 2.715e+00
4.000e+00 3.051e+00
4.500e+00 3.371e+00
5.000e+00 3.678e+00
5.500e+00 3.973e+00
6.000e+00 4.257e+00
7.000e+00 4.795e+00
8.000e+00 5.297e+00
9.000e+00 5.767e+00
1.000e+01 6.211e+00
1.250e+01 7.219e+00
1.500e+01 8.109e+00
1.750e+01 8.906e+00
2.000e+01 9.628e+00
