# ZINC from NIST Database
7.133e+00 1.742e+00
1.000e-02 4.617e-04
1.250e-02 6.677e-04
1.500e-02 9.049e-04
1.750e-02 1.172e-03
2.000e-02 1.468e-03
2.500e-02 2.141e-03
3.000e-02 2.917e-03
3.500e-02 3.790e-03
4.000e-02 4.756e-03
4.500e-02 5.810e-03
5.000e-02 6.947e-03
5.500e-02 8.165e-03
6.000e-02 9.459e-03
7.000e-02 1.227e-02
8.000e-02 1.534e-02
9.000e-02 1.867e-02
1.000e-01 2.224e-02
1.250e-01 3.208e-02
1.500e-01 4.309e-02
1.750e-01 5.509e-02
2.000e-01 6.796e-02
2.500e-01 9.582e-02
3.000e-01 1.260e-01
3.500e-01 1.579e-01
4.000e-01 1.912e-01
4.500e-01 2.255e-01
5.000e-01 2.608e-01
5.500e-01 2.966e-01
6.000e-01 3.331e-01
7.000e-01 4.070e-01
8.000e-01 4.820e-01
9.000e-01 5.576e-01
1.000e+00 6.335e-01
1.250e+00 8.230e-01
1.500e+00 1.011e+00
1.750e+00 1.197e+00
2.000e+00 1.380e+00
2.500e+00 1.738e+00
3.000e+00 2.085e+00
3.500e+00 2.422e+00
4.000e+00 2.749e+00
4.500e+00 3.067e+00
5.000e+00 3.377e+00
5.500e+00 3.679e+00
6.000e+00 3.974e+00
7.000e+00 4.543e+00
8.000e+00 5.087e+00
9.000e+00 5.609e+00
1.000e+01 6.110e+00
1.250e+01 7.282e+00
1.500e+01 8.357e+00
1.750e+01 9.349e+00
2.000e+01 1.027e+01
