# ZIRCONIUM from NIST Database
6.506e+00 1.567e+00
1.000e-02 5.154e-04
1.250e-02 7.417e-04
1.500e-02 1.001e-03
1.750e-02 1.293e-03
2.000e-02 1.616e-03
2.500e-02 2.349e-03
3.000e-02 3.193e-03
3.500e-02 4.141e-03
4.000e-02 5.188e-03
4.500e-02 6.328e-03
5.000e-02 7.559e-03
5.500e-02 8.874e-03
6.000e-02 1.027e-02
7.000e-02 1.330e-02
8.000e-02 1.662e-02
9.000e-02 2.020e-02
1.000e-01 2.404e-02
1.250e-01 3.461e-02
1.500e-01 4.640e-02
1.750e-01 5.924e-02
2.000e-01 7.298e-02
2.500e-01 1.027e-01
3.000e-01 1.347e-01
3.500e-01 1.686e-01
4.000e-01 2.038e-01
4.500e-01 2.400e-01
5.000e-01 2.771e-01
5.500e-01 3.148e-01
6.000e-01 3.530e-01
7.000e-01 4.305e-01
8.000e-01 5.087e-01
9.000e-01 5.874e-01
1.000e+00 6.661e-01
1.250e+00 8.620e-01
1.500e+00 1.056e+00
1.750e+00 1.246e+00
2.000e+00 1.433e+00
2.500e+00 1.796e+00
3.000e+00 2.146e+00
3.500e+00 2.483e+00
4.000e+00 2.810e+00
4.500e+00 3.126e+00
5.000e+00 3.432e+00
5.500e+00 3.730e+00
6.000e+00 4.019e+00
7.000e+00 4.574e+00
8.000e+00 5.102e+00
9.000e+00 5.605e+00
1.000e+01 6.086e+00
1.250e+01 7.202e+00
1.500e+01 8.214e+00
1.750e+01 9.140e+00
2.000e+01 9.993e+00
